Accession,Release_Date,Species,Length,Geo_Location,U.S._State,Host,Isolation_Source,Collection_Date
MT772403,2020-07-17T00:00:00Z,Severe acute respiratory syndrome-related coronavirus,29782,"USA: Wisconsin, Dane county",WI,Homo sapiens,oronasopharynx,6/25/2020
MT772404,2020-07-17T00:00:00Z,Severe acute respiratory syndrome-related coronavirus,29782,"USA: Illinois, Kane county",IL,Homo sapiens,oronasopharynx,6/26/2020
MT772405,2020-07-17T00:00:00Z,Severe acute respiratory syndrome-related coronavirus,29779,"USA: Wisconsin, Dane county",WI,Homo sapiens,oronasopharynx,6/28/2020
MT772406,2020-07-17T00:00:00Z,Severe acute respiratory syndrome-related coronavirus,29782,"USA: Massachusetts, Middlesex county",MA,Homo sapiens,oronasopharynx,6/27/2020
MT772407,2020-07-17T00:00:00Z,Severe acute respiratory syndrome-related coronavirus,29782,"USA: Wisconsin, Dane county",WI,Homo sapiens,oronasopharynx,6/26/2020
MT772408,2020-07-17T00:00:00Z,Severe acute respiratory syndrome-related coronavirus,29782,"USA: Wisconsin, Dane county",WI,Homo sapiens,oronasopharynx,6/28/2020
MT772409,2020-07-17T00:00:00Z,Severe acute respiratory syndrome-related coronavirus,29782,"USA: Wisconsin, Dane county",WI,Homo sapiens,oronasopharynx,6/28/2020
MT772410,2020-07-17T00:00:00Z,Severe acute respiratory syndrome-related coronavirus,29782,"USA: Massachusetts, Norfolk county",MA,Homo sapiens,oronasopharynx,6/27/2020
MT772411,2020-07-17T00:00:00Z,Severe acute respiratory syndrome-related coronavirus,29782,"USA: Wisconsin, Dane county",WI,Homo sapiens,oronasopharynx,6/28/2020
MT772412,2020-07-17T00:00:00Z,Severe acute respiratory syndrome-related coronavirus,29782,"USA: Wisconsin, Dane county",WI,Homo sapiens,oronasopharynx,6/26/2020
MT772413,2020-07-17T00:00:00Z,Severe acute respiratory syndrome-related coronavirus,29782,"USA: Wisconsin, Dane county",WI,Homo sapiens,oronasopharynx,6/26/2020
MT772414,2020-07-17T00:00:00Z,Severe acute respiratory syndrome-related coronavirus,29782,"USA: Wisconsin, Dane county",WI,Homo sapiens,oronasopharynx,6/28/2020
MT772415,2020-07-17T00:00:00Z,Severe acute respiratory syndrome-related coronavirus,29782,"USA: Wisconsin, Dane county",WI,Homo sapiens,oronasopharynx,6/27/2020
MT772416,2020-07-17T00:00:00Z,Severe acute respiratory syndrome-related coronavirus,29782,"USA: Illinois, Cook county",IL,Homo sapiens,oronasopharynx,6/28/2020
MT772417,2020-07-17T00:00:00Z,Severe acute respiratory syndrome-related coronavirus,29782,"USA: Wisconsin, Dane county",WI,Homo sapiens,oronasopharynx,6/28/2020
MT772418,2020-07-17T00:00:00Z,Severe acute respiratory syndrome-related coronavirus,29782,"USA: New York, Westchester county",NY,Homo sapiens,oronasopharynx,6/28/2020
MT772419,2020-07-17T00:00:00Z,Severe acute respiratory syndrome-related coronavirus,29776,"USA: Wisconsin, Dane county",WI,Homo sapiens,oronasopharynx,6/27/2020
MT772420,2020-07-17T00:00:00Z,Severe acute respiratory syndrome-related coronavirus,29782,"USA: Wisconsin, Dane county",WI,Homo sapiens,oronasopharynx,6/27/2020
MT772421,2020-07-17T00:00:00Z,Severe acute respiratory syndrome-related coronavirus,29782,"USA: Wisconsin, Dane county",WI,Homo sapiens,oronasopharynx,6/26/2020
MT772422,2020-07-17T00:00:00Z,Severe acute respiratory syndrome-related coronavirus,29782,"USA: Wisconsin, Dane county",WI,Homo sapiens,oronasopharynx,6/26/2020
MT772423,2020-07-17T00:00:00Z,Severe acute respiratory syndrome-related coronavirus,29782,"USA: Wisconsin, Dane county",WI,Homo sapiens,oronasopharynx,6/26/2020
MT772424,2020-07-17T00:00:00Z,Severe acute respiratory syndrome-related coronavirus,29782,"USA: Wisconsin, Dane county",WI,Homo sapiens,oronasopharynx,6/26/2020
MT772425,2020-07-17T00:00:00Z,Severe acute respiratory syndrome-related coronavirus,29782,"USA: Wisconsin, Dane county",WI,Homo sapiens,oronasopharynx,6/26/2020
MT772426,2020-07-17T00:00:00Z,Severe acute respiratory syndrome-related coronavirus,29782,"USA: Wisconsin, Dane county",WI,Homo sapiens,oronasopharynx,6/26/2020
MT772427,2020-07-17T00:00:00Z,Severe acute respiratory syndrome-related coronavirus,29782,"USA: Wisconsin, Dane county",WI,Homo sapiens,oronasopharynx,6/26/2020
MT772428,2020-07-17T00:00:00Z,Severe acute respiratory syndrome-related coronavirus,29782,"USA: New York, Rockland county",NY,Homo sapiens,oronasopharynx,6/26/2020
MT772429,2020-07-17T00:00:00Z,Severe acute respiratory syndrome-related coronavirus,29782,"USA: New Jersey, Essex county",NJ,Homo sapiens,oronasopharynx,6/28/2020
MT772430,2020-07-17T00:00:00Z,Severe acute respiratory syndrome-related coronavirus,29782,"USA: Wisconsin, Dane county",WI,Homo sapiens,oronasopharynx,6/26/2020
MT772431,2020-07-17T00:00:00Z,Severe acute respiratory syndrome-related coronavirus,29782,"USA: California, Santa Clara county",CA,Homo sapiens,oronasopharynx,6/26/2020
MT772432,2020-07-17T00:00:00Z,Severe acute respiratory syndrome-related coronavirus,29782,"USA: Arizona, Maricopa county",AZ,Homo sapiens,oronasopharynx,6/27/2020
MT772433,2020-07-17T00:00:00Z,Severe acute respiratory syndrome-related coronavirus,29782,"USA: Wisconsin, Dane county",WI,Homo sapiens,oronasopharynx,6/26/2020
MT772434,2020-07-17T00:00:00Z,Severe acute respiratory syndrome-related coronavirus,29782,"USA: Wisconsin, Dane county",WI,Homo sapiens,oronasopharynx,6/26/2020
MT772435,2020-07-17T00:00:00Z,Severe acute respiratory syndrome-related coronavirus,29782,"USA: Wisconsin, Dane county",WI,Homo sapiens,oronasopharynx,6/26/2020
MT772436,2020-07-17T00:00:00Z,Severe acute respiratory syndrome-related coronavirus,29782,"USA: Wisconsin, Dane county",WI,Homo sapiens,oronasopharynx,6/28/2020
MT772437,2020-07-17T00:00:00Z,Severe acute respiratory syndrome-related coronavirus,29782,"USA: Wisconsin, Dane county",WI,Homo sapiens,oronasopharynx,6/26/2020
MT772438,2020-07-17T00:00:00Z,Severe acute respiratory syndrome-related coronavirus,29782,"USA: Wisconsin, Dane county",WI,Homo sapiens,oronasopharynx,6/26/2020
MT772439,2020-07-17T00:00:00Z,Severe acute respiratory syndrome-related coronavirus,29782,"USA: Iowa, Jackson county",IA,Homo sapiens,oronasopharynx,6/27/2020
MT772440,2020-07-17T00:00:00Z,Severe acute respiratory syndrome-related coronavirus,29782,"USA: Wisconsin, Dane county",WI,Homo sapiens,oronasopharynx,6/26/2020
MT772441,2020-07-17T00:00:00Z,Severe acute respiratory syndrome-related coronavirus,29782,"USA: Wisconsin, Dane county",WI,Homo sapiens,oronasopharynx,6/26/2020
MT772442,2020-07-17T00:00:00Z,Severe acute respiratory syndrome-related coronavirus,29782,"USA: Illinois, Cook county",IL,Homo sapiens,oronasopharynx,6/27/2020
MT772443,2020-07-17T00:00:00Z,Severe acute respiratory syndrome-related coronavirus,29782,"USA: Wisconsin, Dane county",WI,Homo sapiens,oronasopharynx,6/26/2020
MT772444,2020-07-17T00:00:00Z,Severe acute respiratory syndrome-related coronavirus,29776,"USA: Wisconsin, Dane county",WI,Homo sapiens,oronasopharynx,6/28/2020
MT772445,2020-07-17T00:00:00Z,Severe acute respiratory syndrome-related coronavirus,29782,"USA: Wisconsin, Waukesha county",WI,Homo sapiens,oronasopharynx,6/26/2020
MT772446,2020-07-17T00:00:00Z,Severe acute respiratory syndrome-related coronavirus,29611,"USA: Wisconsin, Dane county",WI,Homo sapiens,oronasopharynx,6/26/2020
MT772447,2020-07-17T00:00:00Z,Severe acute respiratory syndrome-related coronavirus,29782,"USA: Illinois, Cook county",IL,Homo sapiens,oronasopharynx,6/26/2020
MT772448,2020-07-17T00:00:00Z,Severe acute respiratory syndrome-related coronavirus,29782,"USA: Florida, Miami-dade county",FL,Homo sapiens,oronasopharynx,6/28/2020
MT772449,2020-07-17T00:00:00Z,Severe acute respiratory syndrome-related coronavirus,29782,"USA: Minnesota, Stearns county",MN,Homo sapiens,oronasopharynx,6/26/2020
MT772450,2020-07-17T00:00:00Z,Severe acute respiratory syndrome-related coronavirus,29782,"USA: Massachusetts, Norfolk county",MA,Homo sapiens,oronasopharynx,6/26/2020
MT772451,2020-07-17T00:00:00Z,Severe acute respiratory syndrome-related coronavirus,29782,"USA: Wisconsin, Dane county",WI,Homo sapiens,oronasopharynx,6/27/2020
MT772452,2020-07-17T00:00:00Z,Severe acute respiratory syndrome-related coronavirus,29782,"USA: Wisconsin, Dane county",WI,Homo sapiens,oronasopharynx,6/26/2020
MT772453,2020-07-17T00:00:00Z,Severe acute respiratory syndrome-related coronavirus,29782,"USA: Wisconsin, Dane county",WI,Homo sapiens,oronasopharynx,6/26/2020
MT772454,2020-07-17T00:00:00Z,Severe acute respiratory syndrome-related coronavirus,29782,"USA: Wisconsin, Dane county",WI,Homo sapiens,oronasopharynx,6/26/2020
MT772455,2020-07-17T00:00:00Z,Severe acute respiratory syndrome-related coronavirus,29782,"USA: Wisconsin, Dane county",WI,Homo sapiens,oronasopharynx,6/26/2020
MT772456,2020-07-17T00:00:00Z,Severe acute respiratory syndrome-related coronavirus,29782,"USA: Wisconsin, Dane county",WI,Homo sapiens,oronasopharynx,6/26/2020
MT772457,2020-07-17T00:00:00Z,Severe acute respiratory syndrome-related coronavirus,29782,"USA: Wisconsin, Dane county",WI,Homo sapiens,oronasopharynx,6/27/2020
MT772458,2020-07-17T00:00:00Z,Severe acute respiratory syndrome-related coronavirus,29782,"USA: Wisconsin, Dane county",WI,Homo sapiens,oronasopharynx,6/28/2020
MT772459,2020-07-17T00:00:00Z,Severe acute respiratory syndrome-related coronavirus,29782,"USA: Wisconsin, Dane county",WI,Homo sapiens,oronasopharynx,6/26/2020
MT772460,2020-07-17T00:00:00Z,Severe acute respiratory syndrome-related coronavirus,29782,"USA: Wisconsin, Sauk county",WI,Homo sapiens,oronasopharynx,6/26/2020
MT772461,2020-07-17T00:00:00Z,Severe acute respiratory syndrome-related coronavirus,29782,"USA: Wisconsin, Dane county",WI,Homo sapiens,oronasopharynx,6/25/2020
MT772462,2020-07-17T00:00:00Z,Severe acute respiratory syndrome-related coronavirus,29782,"USA: Wisconsin, Dane county",WI,Homo sapiens,oronasopharynx,6/25/2020
MT772463,2020-07-17T00:00:00Z,Severe acute respiratory syndrome-related coronavirus,29782,"USA: Illinois, Cook county",IL,Homo sapiens,oronasopharynx,6/26/2020
MT772464,2020-07-17T00:00:00Z,Severe acute respiratory syndrome-related coronavirus,29782,"USA: Wisconsin, Dane county",WI,Homo sapiens,oronasopharynx,6/27/2020
MT772465,2020-07-17T00:00:00Z,Severe acute respiratory syndrome-related coronavirus,29782,"USA: Wisconsin, Dane county",WI,Homo sapiens,oronasopharynx,6/28/2020
MT772466,2020-07-17T00:00:00Z,Severe acute respiratory syndrome-related coronavirus,29782,"USA: Wisconsin, Dane county",WI,Homo sapiens,oronasopharynx,6/28/2020
MT772467,2020-07-17T00:00:00Z,Severe acute respiratory syndrome-related coronavirus,29782,"USA: Illinois, Lake county",IL,Homo sapiens,oronasopharynx,6/28/2020
MT772468,2020-07-17T00:00:00Z,Severe acute respiratory syndrome-related coronavirus,29782,"USA: Wisconsin, Dane county",WI,Homo sapiens,oronasopharynx,6/26/2020
MT772469,2020-07-17T00:00:00Z,Severe acute respiratory syndrome-related coronavirus,29782,"USA: Wisconsin, Dane county",WI,Homo sapiens,oronasopharynx,6/27/2020
MT772470,2020-07-17T00:00:00Z,Severe acute respiratory syndrome-related coronavirus,29782,"USA: California, Los Angeles county",CA,Homo sapiens,oronasopharynx,6/27/2020
MT772471,2020-07-17T00:00:00Z,Severe acute respiratory syndrome-related coronavirus,29782,"USA: Wisconsin, Dane county",WI,Homo sapiens,oronasopharynx,6/29/2020
MT772472,2020-07-17T00:00:00Z,Severe acute respiratory syndrome-related coronavirus,29782,"USA: Wisconsin, Dane county",WI,Homo sapiens,oronasopharynx,7/1/2020
MT772473,2020-07-17T00:00:00Z,Severe acute respiratory syndrome-related coronavirus,29782,"USA: Wisconsin, Dane county",WI,Homo sapiens,oronasopharynx,7/2/2020
MT772474,2020-07-17T00:00:00Z,Severe acute respiratory syndrome-related coronavirus,29782,"USA: Wisconsin, Dane county",WI,Homo sapiens,oronasopharynx,6/29/2020
MT772475,2020-07-17T00:00:00Z,Severe acute respiratory syndrome-related coronavirus,29782,"USA: Wisconsin, Dane county",WI,Homo sapiens,oronasopharynx,6/29/2020
MT772476,2020-07-17T00:00:00Z,Severe acute respiratory syndrome-related coronavirus,29782,"USA: Wisconsin, Dane county",WI,Homo sapiens,oronasopharynx,7/2/2020
MT772477,2020-07-17T00:00:00Z,Severe acute respiratory syndrome-related coronavirus,29782,"USA: Wisconsin, Dane county",WI,Homo sapiens,oronasopharynx,7/2/2020
MT772478,2020-07-17T00:00:00Z,Severe acute respiratory syndrome-related coronavirus,29782,"USA: Wisconsin, Dane county",WI,Homo sapiens,oronasopharynx,6/30/2020
MT772479,2020-07-17T00:00:00Z,Severe acute respiratory syndrome-related coronavirus,29782,"USA: Wisconsin, Outagamie county",WI,Homo sapiens,oronasopharynx,6/30/2020
MT772480,2020-07-17T00:00:00Z,Severe acute respiratory syndrome-related coronavirus,29782,"USA: Wisconsin, Dane county",WI,Homo sapiens,oronasopharynx,7/2/2020
MT772481,2020-07-17T00:00:00Z,Severe acute respiratory syndrome-related coronavirus,29782,"USA: Wisconsin, Dane county",WI,Homo sapiens,oronasopharynx,6/30/2020
MT772482,2020-07-17T00:00:00Z,Severe acute respiratory syndrome-related coronavirus,29776,"USA: Wisconsin, Dane county",WI,Homo sapiens,oronasopharynx,6/29/2020
MT772483,2020-07-17T00:00:00Z,Severe acute respiratory syndrome-related coronavirus,29782,"USA: Illinois, Dupage county",IL,Homo sapiens,oronasopharynx,6/29/2020
MT772484,2020-07-17T00:00:00Z,Severe acute respiratory syndrome-related coronavirus,29782,"USA: Wisconsin, Dane county",WI,Homo sapiens,oronasopharynx,7/2/2020
MT772485,2020-07-17T00:00:00Z,Severe acute respiratory syndrome-related coronavirus,29782,"USA: Wisconsin, Dane county",WI,Homo sapiens,oronasopharynx,6/29/2020
MT772486,2020-07-17T00:00:00Z,Severe acute respiratory syndrome-related coronavirus,29782,"USA: California, San Diego county",CA,Homo sapiens,oronasopharynx,6/30/2020
MT772487,2020-07-17T00:00:00Z,Severe acute respiratory syndrome-related coronavirus,29782,"USA: Wisconsin, Dane county",WI,Homo sapiens,oronasopharynx,6/29/2020
MT772488,2020-07-17T00:00:00Z,Severe acute respiratory syndrome-related coronavirus,29782,"USA: Wisconsin, Columbia county",WI,Homo sapiens,oronasopharynx,7/2/2020
MT772489,2020-07-17T00:00:00Z,Severe acute respiratory syndrome-related coronavirus,29782,"USA: Wisconsin, Dane county",WI,Homo sapiens,oronasopharynx,6/29/2020
MT772490,2020-07-17T00:00:00Z,Severe acute respiratory syndrome-related coronavirus,29782,"USA: Wisconsin, Dane county",WI,Homo sapiens,oronasopharynx,6/29/2020
MT772491,2020-07-17T00:00:00Z,Severe acute respiratory syndrome-related coronavirus,29782,"USA: Wisconsin, Dane county",WI,Homo sapiens,oronasopharynx,6/29/2020
MT772492,2020-07-17T00:00:00Z,Severe acute respiratory syndrome-related coronavirus,29782,"USA: Wisconsin, Dane county",WI,Homo sapiens,oronasopharynx,6/30/2020
MT772493,2020-07-17T00:00:00Z,Severe acute respiratory syndrome-related coronavirus,29611,"USA: Wisconsin, Dane county",WI,Homo sapiens,oronasopharynx,6/30/2020
MT772494,2020-07-17T00:00:00Z,Severe acute respiratory syndrome-related coronavirus,29782,"USA: Wisconsin, Dane county",WI,Homo sapiens,oronasopharynx,6/29/2020
MT772495,2020-07-17T00:00:00Z,Severe acute respiratory syndrome-related coronavirus,29782,"USA: Wisconsin, Dane county",WI,Homo sapiens,oronasopharynx,6/29/2020
MT772496,2020-07-17T00:00:00Z,Severe acute respiratory syndrome-related coronavirus,29782,"USA: Wisconsin, Dane county",WI,Homo sapiens,oronasopharynx,6/30/2020
MT772497,2020-07-17T00:00:00Z,Severe acute respiratory syndrome-related coronavirus,29782,"USA: Wisconsin, Dane county",WI,Homo sapiens,oronasopharynx,7/2/2020
MT772498,2020-07-17T00:00:00Z,Severe acute respiratory syndrome-related coronavirus,29782,"USA: Wisconsin, Dane county",WI,Homo sapiens,oronasopharynx,6/30/2020
MT772499,2020-07-17T00:00:00Z,Severe acute respiratory syndrome-related coronavirus,29782,"USA: Wisconsin, Dane county",WI,Homo sapiens,oronasopharynx,6/30/2020
MT772500,2020-07-17T00:00:00Z,Severe acute respiratory syndrome-related coronavirus,29782,"USA: Wisconsin, Dane county",WI,Homo sapiens,oronasopharynx,7/1/2020
MT772501,2020-07-17T00:00:00Z,Severe acute respiratory syndrome-related coronavirus,29782,"USA: Wisconsin, Dane county",WI,Homo sapiens,oronasopharynx,7/2/2020
MT772502,2020-07-17T00:00:00Z,Severe acute respiratory syndrome-related coronavirus,29782,"USA: Wisconsin, Dane county",WI,Homo sapiens,oronasopharynx,6/30/2020
MT772503,2020-07-17T00:00:00Z,Severe acute respiratory syndrome-related coronavirus,29782,"USA: Wisconsin, Dane county",WI,Homo sapiens,oronasopharynx,7/2/2020
MT772504,2020-07-17T00:00:00Z,Severe acute respiratory syndrome-related coronavirus,29782,"USA: Wisconsin, Dane county",WI,Homo sapiens,oronasopharynx,6/30/2020
MT772505,2020-07-17T00:00:00Z,Severe acute respiratory syndrome-related coronavirus,29782,"USA: Wisconsin, Dane county",WI,Homo sapiens,oronasopharynx,7/1/2020
MT772506,2020-07-17T00:00:00Z,Severe acute respiratory syndrome-related coronavirus,29782,"USA: Wisconsin, Dane county",WI,Homo sapiens,oronasopharynx,7/1/2020
MT772507,2020-07-17T00:00:00Z,Severe acute respiratory syndrome-related coronavirus,29782,"USA: Wisconsin, Dane county",WI,Homo sapiens,oronasopharynx,7/2/2020
MT772508,2020-07-17T00:00:00Z,Severe acute respiratory syndrome-related coronavirus,29782,"USA: Wisconsin, Dane county",WI,Homo sapiens,oronasopharynx,6/29/2020
MT772509,2020-07-17T00:00:00Z,Severe acute respiratory syndrome-related coronavirus,29765,"USA: Wisconsin, Dane county",WI,Homo sapiens,oronasopharynx,6/30/2020
MT772510,2020-07-17T00:00:00Z,Severe acute respiratory syndrome-related coronavirus,29782,"USA: Colorado, Denver county",CO,Homo sapiens,oronasopharynx,6/29/2020
MT772511,2020-07-17T00:00:00Z,Severe acute respiratory syndrome-related coronavirus,29782,"USA: Wisconsin, Dane county",WI,Homo sapiens,oronasopharynx,6/30/2020
MT772512,2020-07-17T00:00:00Z,Severe acute respiratory syndrome-related coronavirus,29782,"USA: Florida, Palm Beach county",FL,Homo sapiens,oronasopharynx,6/30/2020
MT772513,2020-07-17T00:00:00Z,Severe acute respiratory syndrome-related coronavirus,29773,"USA: Wisconsin, Dane county",WI,Homo sapiens,oronasopharynx,6/30/2020
MT772514,2020-07-17T00:00:00Z,Severe acute respiratory syndrome-related coronavirus,29782,"USA: Wisconsin, Dane county",WI,Homo sapiens,oronasopharynx,6/30/2020
MT772515,2020-07-17T00:00:00Z,Severe acute respiratory syndrome-related coronavirus,29782,"USA: Wisconsin, Dane county",WI,Homo sapiens,oronasopharynx,6/29/2020
MT772516,2020-07-17T00:00:00Z,Severe acute respiratory syndrome-related coronavirus,29782,"USA: Wisconsin, Dane county",WI,Homo sapiens,oronasopharynx,7/1/2020
MT772517,2020-07-17T00:00:00Z,Severe acute respiratory syndrome-related coronavirus,29782,"USA: Wisconsin, Dane county",WI,Homo sapiens,oronasopharynx,7/2/2020
MT772518,2020-07-17T00:00:00Z,Severe acute respiratory syndrome-related coronavirus,29782,"USA: Wisconsin, Dane county",WI,Homo sapiens,oronasopharynx,7/2/2020
MT772519,2020-07-17T00:00:00Z,Severe acute respiratory syndrome-related coronavirus,29782,"USA: Wisconsin, Dane county",WI,Homo sapiens,oronasopharynx,6/30/2020
MT772520,2020-07-17T00:00:00Z,Severe acute respiratory syndrome-related coronavirus,29782,"USA: Wisconsin, Dane county",WI,Homo sapiens,oronasopharynx,5/20/2020
MT772521,2020-07-17T00:00:00Z,Severe acute respiratory syndrome-related coronavirus,29782,"USA: Wisconsin, Dane county",WI,Homo sapiens,oronasopharynx,5/20/2020
MT772522,2020-07-17T00:00:00Z,Severe acute respiratory syndrome-related coronavirus,29782,"USA: Wisconsin, Dane county",WI,Homo sapiens,oronasopharynx,5/20/2020
MT772523,2020-07-17T00:00:00Z,Severe acute respiratory syndrome-related coronavirus,29782,"USA: Wisconsin, Lafayette county",WI,Homo sapiens,oronasopharynx,5/20/2020
MT772524,2020-07-17T00:00:00Z,Severe acute respiratory syndrome-related coronavirus,29782,"USA: Wisconsin, Columbia county",WI,Homo sapiens,oronasopharynx,5/20/2020
MT772525,2020-07-17T00:00:00Z,Severe acute respiratory syndrome-related coronavirus,29782,"USA: Wisconsin, Jefferson county",WI,Homo sapiens,oronasopharynx,5/20/2020
MT772526,2020-07-17T00:00:00Z,Severe acute respiratory syndrome-related coronavirus,29782,"USA: Wisconsin, Jefferson county",WI,Homo sapiens,oronasopharynx,5/20/2020
MT772527,2020-07-17T00:00:00Z,Severe acute respiratory syndrome-related coronavirus,29782,"USA: Illinois, Winnebago county",IL,Homo sapiens,oronasopharynx,5/20/2020
MT772528,2020-07-17T00:00:00Z,Severe acute respiratory syndrome-related coronavirus,29782,"USA: Wisconsin, Dane county",WI,Homo sapiens,oronasopharynx,5/21/2020
MT772529,2020-07-17T00:00:00Z,Severe acute respiratory syndrome-related coronavirus,29782,"USA: Wisconsin, Dane county",WI,Homo sapiens,oronasopharynx,5/21/2020
MT772530,2020-07-17T00:00:00Z,Severe acute respiratory syndrome-related coronavirus,29782,"USA: Illinois, Winnebago county",IL,Homo sapiens,oronasopharynx,5/22/2020
MT772531,2020-07-17T00:00:00Z,Severe acute respiratory syndrome-related coronavirus,29782,"USA: Illinois, Winnebago county",IL,Homo sapiens,oronasopharynx,5/21/2020
MT772532,2020-07-17T00:00:00Z,Severe acute respiratory syndrome-related coronavirus,29782,"USA: Wisconsin, Rock county",WI,Homo sapiens,oronasopharynx,5/22/2020
MT772533,2020-07-17T00:00:00Z,Severe acute respiratory syndrome-related coronavirus,29782,"USA: Wisconsin, Dane county",WI,Homo sapiens,oronasopharynx,5/22/2020
MT772534,2020-07-17T00:00:00Z,Severe acute respiratory syndrome-related coronavirus,29782,"USA: Illinois, Winnebago county",IL,Homo sapiens,oronasopharynx,5/22/2020
MT772535,2020-07-17T00:00:00Z,Severe acute respiratory syndrome-related coronavirus,29782,"USA: Wisconsin, Dane county",WI,Homo sapiens,oronasopharynx,5/22/2020
MT772536,2020-07-17T00:00:00Z,Severe acute respiratory syndrome-related coronavirus,29782,"USA: Illinois, Winnebago county",IL,Homo sapiens,oronasopharynx,5/23/2020
MT772537,2020-07-17T00:00:00Z,Severe acute respiratory syndrome-related coronavirus,29782,"USA: Wisconsin, Dane county",WI,Homo sapiens,oronasopharynx,5/21/2020
MT772538,2020-07-17T00:00:00Z,Severe acute respiratory syndrome-related coronavirus,29782,"USA: Wisconsin, Dane county",WI,Homo sapiens,oronasopharynx,5/18/2020
MT772539,2020-07-17T00:00:00Z,Severe acute respiratory syndrome-related coronavirus,29782,"USA: Wisconsin, Dane county",WI,Homo sapiens,oronasopharynx,5/21/2020
MT772540,2020-07-17T00:00:00Z,Severe acute respiratory syndrome-related coronavirus,29782,"USA: Wisconsin, Dane county",WI,Homo sapiens,oronasopharynx,5/26/2020
MT772541,2020-07-17T00:00:00Z,Severe acute respiratory syndrome-related coronavirus,29782,"USA: Wisconsin, Green county",WI,Homo sapiens,oronasopharynx,5/20/2020
MT772542,2020-07-17T00:00:00Z,Severe acute respiratory syndrome-related coronavirus,29782,"USA: Wisconsin, Dane county",WI,Homo sapiens,oronasopharynx,5/26/2020
MT772543,2020-07-17T00:00:00Z,Severe acute respiratory syndrome-related coronavirus,29782,"USA: Wisconsin, Dane county",WI,Homo sapiens,oronasopharynx,5/14/2020
MT772544,2020-07-17T00:00:00Z,Severe acute respiratory syndrome-related coronavirus,29782,"USA: Wisconsin, Dane county",WI,Homo sapiens,oronasopharynx,5/9/2020
MT772545,2020-07-17T00:00:00Z,Severe acute respiratory syndrome-related coronavirus,29782,"USA: Wisconsin, Milwaukee county",WI,Homo sapiens,oronasopharynx,3/14/2020
MT772546,2020-07-17T00:00:00Z,Severe acute respiratory syndrome-related coronavirus,29782,"USA: Wisconsin, Milwaukee county",WI,Homo sapiens,oronasopharynx,3/15/2020
MT772547,2020-07-17T00:00:00Z,Severe acute respiratory syndrome-related coronavirus,29782,"USA: Wisconsin, Milwaukee county",WI,Homo sapiens,oronasopharynx,3/15/2020
MT772548,2020-07-17T00:00:00Z,Severe acute respiratory syndrome-related coronavirus,29782,"USA: Wisconsin, Ozaukee county",WI,Homo sapiens,oronasopharynx,3/16/2020
MT772549,2020-07-17T00:00:00Z,Severe acute respiratory syndrome-related coronavirus,29782,"USA: Wisconsin, Ozaukee county",WI,Homo sapiens,oronasopharynx,3/16/2020
MT772550,2020-07-17T00:00:00Z,Severe acute respiratory syndrome-related coronavirus,29782,"USA: Wisconsin, Milwaukee county",WI,Homo sapiens,oronasopharynx,3/17/2020
MT772551,2020-07-17T00:00:00Z,Severe acute respiratory syndrome-related coronavirus,29782,"USA: Wisconsin, Ozaukee county",WI,Homo sapiens,oronasopharynx,3/17/2020
MT772552,2020-07-17T00:00:00Z,Severe acute respiratory syndrome-related coronavirus,29782,"USA: Wisconsin, Ozaukee county",WI,Homo sapiens,oronasopharynx,3/17/2020
MT772553,2020-07-17T00:00:00Z,Severe acute respiratory syndrome-related coronavirus,29782,"USA: Wisconsin, Milwaukee county",WI,Homo sapiens,oronasopharynx,3/19/2020
MT772554,2020-07-17T00:00:00Z,Severe acute respiratory syndrome-related coronavirus,29782,"USA: Wisconsin, Milwaukee county",WI,Homo sapiens,oronasopharynx,3/18/2020
MT772555,2020-07-17T00:00:00Z,Severe acute respiratory syndrome-related coronavirus,29782,"USA: Wisconsin, Ozaukee county",WI,Homo sapiens,oronasopharynx,3/19/2020
MT772556,2020-07-17T00:00:00Z,Severe acute respiratory syndrome-related coronavirus,29782,"USA: Wisconsin, Milwaukee county",WI,Homo sapiens,oronasopharynx,3/23/2020
MT772557,2020-07-17T00:00:00Z,Severe acute respiratory syndrome-related coronavirus,29782,"USA: Wisconsin, Milwaukee county",WI,Homo sapiens,oronasopharynx,3/30/2020
MT772558,2020-07-17T00:00:00Z,Severe acute respiratory syndrome-related coronavirus,29782,"USA: Wisconsin, Fond du Lac county",WI,Homo sapiens,oronasopharynx,3/31/2020
MT772559,2020-07-17T00:00:00Z,Severe acute respiratory syndrome-related coronavirus,29782,"USA: Wisconsin, Milwaukee county",WI,Homo sapiens,oronasopharynx,3/31/2020
MT772560,2020-07-17T00:00:00Z,Severe acute respiratory syndrome-related coronavirus,29782,"USA: Wisconsin, Milwaukee county",WI,Homo sapiens,oronasopharynx,4/1/2020
MT772561,2020-07-17T00:00:00Z,Severe acute respiratory syndrome-related coronavirus,29782,"USA: Wisconsin, Milwaukee county",WI,Homo sapiens,oronasopharynx,4/4/2020
MT772562,2020-07-17T00:00:00Z,Severe acute respiratory syndrome-related coronavirus,29782,"USA: Wisconsin, Washington county",WI,Homo sapiens,oronasopharynx,4/7/2020
MT772563,2020-07-17T00:00:00Z,Severe acute respiratory syndrome-related coronavirus,29782,"USA: Wisconsin, Milwaukee county",WI,Homo sapiens,oronasopharynx,4/6/2020
MT772564,2020-07-17T00:00:00Z,Severe acute respiratory syndrome-related coronavirus,29782,"USA: Wisconsin, Washington county",WI,Homo sapiens,oronasopharynx,4/8/2020
MT772565,2020-07-17T00:00:00Z,Severe acute respiratory syndrome-related coronavirus,29782,"USA: Wisconsin, Washington county",WI,Homo sapiens,oronasopharynx,4/9/2020
MT772566,2020-07-17T00:00:00Z,Severe acute respiratory syndrome-related coronavirus,29782,"USA: Wisconsin, Waukesha county",WI,Homo sapiens,oronasopharynx,4/13/2020
MT772567,2020-07-17T00:00:00Z,Severe acute respiratory syndrome-related coronavirus,29782,"USA: Wisconsin, Milwaukee county",WI,Homo sapiens,oronasopharynx,4/13/2020
MT772568,2020-07-17T00:00:00Z,Severe acute respiratory syndrome-related coronavirus,29782,"USA: Wisconsin, Milwaukee county",WI,Homo sapiens,oronasopharynx,4/15/2020
MT772569,2020-07-17T00:00:00Z,Severe acute respiratory syndrome-related coronavirus,29782,"USA: Wisconsin, Milwaukee county",WI,Homo sapiens,oronasopharynx,4/21/2020
MT772570,2020-07-17T00:00:00Z,Severe acute respiratory syndrome-related coronavirus,29782,"USA: Wisconsin, Milwaukee county",WI,Homo sapiens,oronasopharynx,4/26/2020
MT772571,2020-07-17T00:00:00Z,Severe acute respiratory syndrome-related coronavirus,29782,"USA: Wisconsin, Milwaukee county",WI,Homo sapiens,oronasopharynx,4/27/2020
MT772572,2020-07-17T00:00:00Z,Severe acute respiratory syndrome-related coronavirus,29782,"USA: Wisconsin, Milwaukee county",WI,Homo sapiens,oronasopharynx,4/27/2020
MT772573,2020-07-17T00:00:00Z,Severe acute respiratory syndrome-related coronavirus,29782,"USA: Wisconsin, Milwaukee county",WI,Homo sapiens,oronasopharynx,4/27/2020
MT772574,2020-07-17T00:00:00Z,Severe acute respiratory syndrome-related coronavirus,29782,"USA: Wisconsin, Milwaukee county",WI,Homo sapiens,oronasopharynx,4/27/2020
MT772575,2020-07-17T00:00:00Z,Severe acute respiratory syndrome-related coronavirus,29782,"USA: Wisconsin, Milwaukee county",WI,Homo sapiens,oronasopharynx,4/27/2020
MT772576,2020-07-17T00:00:00Z,Severe acute respiratory syndrome-related coronavirus,29782,"USA: Wisconsin, Milwaukee county",WI,Homo sapiens,oronasopharynx,4/28/2020
MT772577,2020-07-17T00:00:00Z,Severe acute respiratory syndrome-related coronavirus,29782,"USA: Wisconsin, Washington county",WI,Homo sapiens,oronasopharynx,5/1/2020
MT772578,2020-07-17T00:00:00Z,Severe acute respiratory syndrome-related coronavirus,29782,"USA: Wisconsin, Waukesha county",WI,Homo sapiens,oronasopharynx,5/1/2020
MT772579,2020-07-17T00:00:00Z,Severe acute respiratory syndrome-related coronavirus,29782,"USA: Wisconsin, Milwaukee county",WI,Homo sapiens,oronasopharynx,5/1/2020
MT772580,2020-07-17T00:00:00Z,Severe acute respiratory syndrome-related coronavirus,29782,"USA: Wisconsin, Waukesha county",WI,Homo sapiens,oronasopharynx,5/1/2020
MT766907,2020-07-16T00:00:00Z,Severe acute respiratory syndrome-related coronavirus,29782,"USA: Arkansas, Little Rock",AR,Homo sapiens,oronasopharynx,4/1/2020
MT766908,2020-07-16T00:00:00Z,Severe acute respiratory syndrome-related coronavirus,29782,"USA: Arkansas, Little Rock",AR,Homo sapiens,oronasopharynx,4/1/2020
MT772085,2020-07-16T00:00:00Z,Severe acute respiratory syndrome-related coronavirus,29782,"USA: Wisconsin, Dane county",WI,Homo sapiens,oronasopharynx,3/15/2020
MT772086,2020-07-16T00:00:00Z,Severe acute respiratory syndrome-related coronavirus,29870,"USA: Wisconsin, Dane county",WI,Homo sapiens,oronasopharynx,3/14/2020
MT772087,2020-07-16T00:00:00Z,Severe acute respiratory syndrome-related coronavirus,29855,"USA: Wisconsin, Dane county",WI,Homo sapiens,oronasopharynx,3/15/2020
MT772088,2020-07-16T00:00:00Z,Severe acute respiratory syndrome-related coronavirus,29844,"USA: Wisconsin, Dane county",WI,Homo sapiens,oronasopharynx,3/21/2020
MT772089,2020-07-16T00:00:00Z,Severe acute respiratory syndrome-related coronavirus,29865,"USA: Wisconsin, Dane county",WI,Homo sapiens,oronasopharynx,3/21/2020
MT772090,2020-07-16T00:00:00Z,Severe acute respiratory syndrome-related coronavirus,29843,"USA: Wisconsin, Dane county",WI,Homo sapiens,oronasopharynx,3/21/2020
MT772091,2020-07-16T00:00:00Z,Severe acute respiratory syndrome-related coronavirus,29843,"USA: Wisconsin, Dane county",WI,Homo sapiens,oronasopharynx,3/21/2020
MT764166,2020-07-15T00:00:00Z,Severe acute respiratory syndrome-related coronavirus,29902,USA,,Homo sapiens,,5/12/2020
MT764167,2020-07-15T00:00:00Z,Severe acute respiratory syndrome-related coronavirus,29899,USA,,Homo sapiens,,5/12/2020
MT764168,2020-07-15T00:00:00Z,Severe acute respiratory syndrome-related coronavirus,29873,USA,,Homo sapiens,,5/13/2020
MT764169,2020-07-15T00:00:00Z,Severe acute respiratory syndrome-related coronavirus,29899,USA,,Homo sapiens,,5/13/2020
MT764170,2020-07-15T00:00:00Z,Severe acute respiratory syndrome-related coronavirus,29903,USA,,Homo sapiens,,5/13/2020
MT764171,2020-07-15T00:00:00Z,Severe acute respiratory syndrome-related coronavirus,29865,USA,,Homo sapiens,,5/14/2020
MT764172,2020-07-15T00:00:00Z,Severe acute respiratory syndrome-related coronavirus,29855,"USA: South Carolina, Berkeley",SC,Homo sapiens,oronasopharynx,3/6/2020
MT764173,2020-07-15T00:00:00Z,Severe acute respiratory syndrome-related coronavirus,29845,"USA: South Carolina, Berkeley",SC,Homo sapiens,oronasopharynx,3/7/2020
MT764174,2020-07-15T00:00:00Z,Severe acute respiratory syndrome-related coronavirus,29820,"USA: South Carolina, Berkeley",SC,Homo sapiens,oronasopharynx,3/10/2020
MT764175,2020-07-15T00:00:00Z,Severe acute respiratory syndrome-related coronavirus,29817,"USA: South Carolina, Berkeley",SC,Homo sapiens,oronasopharynx,3/18/2020
MT764176,2020-07-15T00:00:00Z,Severe acute respiratory syndrome-related coronavirus,29821,"USA: South Carolina, Berkeley",SC,Homo sapiens,oronasopharynx,3/25/2020
MT764177,2020-07-15T00:00:00Z,Severe acute respiratory syndrome-related coronavirus,29787,"USA: South Carolina, Berkeley",SC,Homo sapiens,oronasopharynx,3/25/2020
MT764178,2020-07-15T00:00:00Z,Severe acute respiratory syndrome-related coronavirus,29828,"USA: South Carolina, Berkeley",SC,Homo sapiens,oronasopharynx,3/26/2020
MT764179,2020-07-15T00:00:00Z,Severe acute respiratory syndrome-related coronavirus,29818,"USA: South Carolina, Berkeley",SC,Homo sapiens,oronasopharynx,3/27/2020
MT764180,2020-07-15T00:00:00Z,Severe acute respiratory syndrome-related coronavirus,29819,"USA: South Carolina, Richland",SC,Homo sapiens,oronasopharynx,4/17/2020
MT764181,2020-07-15T00:00:00Z,Severe acute respiratory syndrome-related coronavirus,29853,"USA: South Carolina, Richland",SC,Homo sapiens,oronasopharynx,4/17/2020
MT764182,2020-07-15T00:00:00Z,Severe acute respiratory syndrome-related coronavirus,29815,"USA: South Carolina, Richland",SC,Homo sapiens,oronasopharynx,4/24/2020
MT764183,2020-07-15T00:00:00Z,Severe acute respiratory syndrome-related coronavirus,29853,"USA: South Carolina, Richland",SC,Homo sapiens,oronasopharynx,4/24/2020
MT764184,2020-07-15T00:00:00Z,Severe acute respiratory syndrome-related coronavirus,29815,"USA: South Carolina, Richland",SC,Homo sapiens,oronasopharynx,4/24/2020
MT764185,2020-07-15T00:00:00Z,Severe acute respiratory syndrome-related coronavirus,29828,"USA: South Carolina, Fairfield",SC,Homo sapiens,oronasopharynx,5/4/2020
MT755581,2020-07-14T00:00:00Z,Severe acute respiratory syndrome-related coronavirus,29897,USA,,Homo sapiens,,5/11/2020
MT755582,2020-07-14T00:00:00Z,Severe acute respiratory syndrome-related coronavirus,29899,USA,,Homo sapiens,,5/11/2020
MT755583,2020-07-14T00:00:00Z,Severe acute respiratory syndrome-related coronavirus,29886,USA,,Homo sapiens,,5/11/2020
MT755584,2020-07-14T00:00:00Z,Severe acute respiratory syndrome-related coronavirus,29867,USA,,Homo sapiens,,5/12/2020
MT755585,2020-07-14T00:00:00Z,Severe acute respiratory syndrome-related coronavirus,29893,USA,,Homo sapiens,,5/12/2020
MT755586,2020-07-14T00:00:00Z,Severe acute respiratory syndrome-related coronavirus,29871,USA,,Homo sapiens,,5/11/2020
MT755587,2020-07-14T00:00:00Z,Severe acute respiratory syndrome-related coronavirus,29869,USA,,Homo sapiens,,4/23/2020
MT755588,2020-07-14T00:00:00Z,Severe acute respiratory syndrome-related coronavirus,29865,USA,,Homo sapiens,,4/24/2020
MT755589,2020-07-14T00:00:00Z,Severe acute respiratory syndrome-related coronavirus,29815,USA,,Homo sapiens,,4/24/2020
MT755590,2020-07-14T00:00:00Z,Severe acute respiratory syndrome-related coronavirus,29892,USA,,Homo sapiens,,4/23/2020
MT755591,2020-07-14T00:00:00Z,Severe acute respiratory syndrome-related coronavirus,29866,USA,,Homo sapiens,,4/24/2020
MT755592,2020-07-14T00:00:00Z,Severe acute respiratory syndrome-related coronavirus,29868,USA,,Homo sapiens,,4/24/2020
MT755593,2020-07-14T00:00:00Z,Severe acute respiratory syndrome-related coronavirus,29903,USA,,Homo sapiens,,4/24/2020
MT755594,2020-07-14T00:00:00Z,Severe acute respiratory syndrome-related coronavirus,29899,USA,,Homo sapiens,,4/24/2020
MT755595,2020-07-14T00:00:00Z,Severe acute respiratory syndrome-related coronavirus,29899,USA,,Homo sapiens,,4/25/2020
MT755596,2020-07-14T00:00:00Z,Severe acute respiratory syndrome-related coronavirus,29901,USA,,Homo sapiens,,4/25/2020
MT755597,2020-07-14T00:00:00Z,Severe acute respiratory syndrome-related coronavirus,29900,USA,,Homo sapiens,,4/25/2020
MT755598,2020-07-14T00:00:00Z,Severe acute respiratory syndrome-related coronavirus,29836,USA,,Homo sapiens,,4/25/2020
MT755599,2020-07-14T00:00:00Z,Severe acute respiratory syndrome-related coronavirus,29903,USA,,Homo sapiens,,4/24/2020
MT755600,2020-07-14T00:00:00Z,Severe acute respiratory syndrome-related coronavirus,29876,USA,,Homo sapiens,,4/24/2020
MT755601,2020-07-14T00:00:00Z,Severe acute respiratory syndrome-related coronavirus,29886,USA,,Homo sapiens,,4/25/2020
MT755602,2020-07-14T00:00:00Z,Severe acute respiratory syndrome-related coronavirus,29903,USA,,Homo sapiens,,4/24/2020
MT757003,2020-07-14T00:00:00Z,Severe acute respiratory syndrome-related coronavirus,29755,USA: FL,FL,Homo sapiens,,3/17/2020
MT757004,2020-07-14T00:00:00Z,Severe acute respiratory syndrome-related coronavirus,29655,USA: FL,FL,Homo sapiens,,3/17/2020
MT757005,2020-07-14T00:00:00Z,Severe acute respiratory syndrome-related coronavirus,29778,USA: FL,FL,Homo sapiens,,3/17/2020
MT757006,2020-07-14T00:00:00Z,Severe acute respiratory syndrome-related coronavirus,29780,USA: FL,FL,Homo sapiens,,3/17/2020
MT757007,2020-07-14T00:00:00Z,Severe acute respiratory syndrome-related coronavirus,29245,USA: FL,FL,Homo sapiens,,3/17/2020
MT757008,2020-07-14T00:00:00Z,Severe acute respiratory syndrome-related coronavirus,29760,USA: FL,FL,Homo sapiens,,3/17/2020
MT757009,2020-07-14T00:00:00Z,Severe acute respiratory syndrome-related coronavirus,29684,USA: FL,FL,Homo sapiens,,3/17/2020
MT757010,2020-07-14T00:00:00Z,Severe acute respiratory syndrome-related coronavirus,29746,USA: FL,FL,Homo sapiens,,3/17/2020
MT757011,2020-07-14T00:00:00Z,Severe acute respiratory syndrome-related coronavirus,29773,USA: FL,FL,Homo sapiens,,3/18/2020
MT757012,2020-07-14T00:00:00Z,Severe acute respiratory syndrome-related coronavirus,29839,USA: FL,FL,Homo sapiens,,4/13/2020
MT757013,2020-07-14T00:00:00Z,Severe acute respiratory syndrome-related coronavirus,29850,USA: FL,FL,Homo sapiens,,4/13/2020
MT757014,2020-07-14T00:00:00Z,Severe acute respiratory syndrome-related coronavirus,29824,USA: FL,FL,Homo sapiens,,4/14/2020
MT757015,2020-07-14T00:00:00Z,Severe acute respiratory syndrome-related coronavirus,29815,USA: FL,FL,Homo sapiens,,4/14/2020
MT757016,2020-07-14T00:00:00Z,Severe acute respiratory syndrome-related coronavirus,29844,USA: FL,FL,Homo sapiens,,4/14/2020
MT757017,2020-07-14T00:00:00Z,Severe acute respiratory syndrome-related coronavirus,29769,USA: FL,FL,Homo sapiens,,4/14/2020
MT757018,2020-07-14T00:00:00Z,Severe acute respiratory syndrome-related coronavirus,29862,USA: FL,FL,Homo sapiens,,4/14/2020
MT757019,2020-07-14T00:00:00Z,Severe acute respiratory syndrome-related coronavirus,29850,USA: FL,FL,Homo sapiens,,4/14/2020
MT757020,2020-07-14T00:00:00Z,Severe acute respiratory syndrome-related coronavirus,29850,USA: FL,FL,Homo sapiens,,4/14/2020
MT757021,2020-07-14T00:00:00Z,Severe acute respiratory syndrome-related coronavirus,29860,USA: FL,FL,Homo sapiens,,4/14/2020
MT757022,2020-07-14T00:00:00Z,Severe acute respiratory syndrome-related coronavirus,29855,USA: FL,FL,Homo sapiens,,4/14/2020
MT757023,2020-07-14T00:00:00Z,Severe acute respiratory syndrome-related coronavirus,29727,USA: FL,FL,Homo sapiens,,4/14/2020
MT757024,2020-07-14T00:00:00Z,Severe acute respiratory syndrome-related coronavirus,29857,USA: FL,FL,Homo sapiens,,4/14/2020
MT757025,2020-07-14T00:00:00Z,Severe acute respiratory syndrome-related coronavirus,29863,USA: FL,FL,Homo sapiens,,4/14/2020
MT757026,2020-07-14T00:00:00Z,Severe acute respiratory syndrome-related coronavirus,29813,USA: FL,FL,Homo sapiens,,4/16/2020
MT757027,2020-07-14T00:00:00Z,Severe acute respiratory syndrome-related coronavirus,29859,USA: FL,FL,Homo sapiens,,4/14/2020
MT757028,2020-07-14T00:00:00Z,Severe acute respiratory syndrome-related coronavirus,29815,USA: FL,FL,Homo sapiens,,4/15/2020
MT757029,2020-07-14T00:00:00Z,Severe acute respiratory syndrome-related coronavirus,29858,USA: FL,FL,Homo sapiens,,4/15/2020
MT757030,2020-07-14T00:00:00Z,Severe acute respiratory syndrome-related coronavirus,29856,USA: FL,FL,Homo sapiens,,4/15/2020
MT757031,2020-07-14T00:00:00Z,Severe acute respiratory syndrome-related coronavirus,29862,USA: FL,FL,Homo sapiens,,4/15/2020
MT757032,2020-07-14T00:00:00Z,Severe acute respiratory syndrome-related coronavirus,29861,USA: FL,FL,Homo sapiens,,4/15/2020
MT757033,2020-07-14T00:00:00Z,Severe acute respiratory syndrome-related coronavirus,29858,USA: FL,FL,Homo sapiens,,4/15/2020
MT757034,2020-07-14T00:00:00Z,Severe acute respiratory syndrome-related coronavirus,29760,USA: FL,FL,Homo sapiens,,4/15/2020
MT757035,2020-07-14T00:00:00Z,Severe acute respiratory syndrome-related coronavirus,29806,USA: FL,FL,Homo sapiens,,4/15/2020
MT757036,2020-07-14T00:00:00Z,Severe acute respiratory syndrome-related coronavirus,29778,USA: FL,FL,Homo sapiens,,4/16/2020
MT757037,2020-07-14T00:00:00Z,Severe acute respiratory syndrome-related coronavirus,29852,USA: FL,FL,Homo sapiens,,4/16/2020
MT757038,2020-07-14T00:00:00Z,Severe acute respiratory syndrome-related coronavirus,29851,USA: FL,FL,Homo sapiens,,4/16/2020
MT757039,2020-07-14T00:00:00Z,Severe acute respiratory syndrome-related coronavirus,29854,USA: FL,FL,Homo sapiens,,4/16/2020
MT757040,2020-07-14T00:00:00Z,Severe acute respiratory syndrome-related coronavirus,29831,USA: FL,FL,Homo sapiens,,4/16/2020
MT757041,2020-07-14T00:00:00Z,Severe acute respiratory syndrome-related coronavirus,29855,USA: FL,FL,Homo sapiens,,4/16/2020
MT757042,2020-07-14T00:00:00Z,Severe acute respiratory syndrome-related coronavirus,29813,USA: FL,FL,Homo sapiens,,4/16/2020
MT757043,2020-07-14T00:00:00Z,Severe acute respiratory syndrome-related coronavirus,29871,USA: FL,FL,Homo sapiens,,4/16/2020
MT757044,2020-07-14T00:00:00Z,Severe acute respiratory syndrome-related coronavirus,29849,USA: FL,FL,Homo sapiens,,4/16/2020
MT757045,2020-07-14T00:00:00Z,Severe acute respiratory syndrome-related coronavirus,29815,USA: FL,FL,Homo sapiens,,4/16/2020
MT757046,2020-07-14T00:00:00Z,Severe acute respiratory syndrome-related coronavirus,29838,USA: FL,FL,Homo sapiens,,4/17/2020
MT757047,2020-07-14T00:00:00Z,Severe acute respiratory syndrome-related coronavirus,29850,USA: FL,FL,Homo sapiens,,4/17/2020
MT757048,2020-07-14T00:00:00Z,Severe acute respiratory syndrome-related coronavirus,29847,USA: FL,FL,Homo sapiens,,4/17/2020
MT757049,2020-07-14T00:00:00Z,Severe acute respiratory syndrome-related coronavirus,29850,USA: FL,FL,Homo sapiens,,4/17/2020
MT757050,2020-07-14T00:00:00Z,Severe acute respiratory syndrome-related coronavirus,29818,USA: FL,FL,Homo sapiens,,4/17/2020
MT757051,2020-07-14T00:00:00Z,Severe acute respiratory syndrome-related coronavirus,29853,USA: FL,FL,Homo sapiens,,4/18/2020
MT757052,2020-07-14T00:00:00Z,Severe acute respiratory syndrome-related coronavirus,29813,USA: FL,FL,Homo sapiens,,4/18/2020
MT757053,2020-07-14T00:00:00Z,Severe acute respiratory syndrome-related coronavirus,29815,USA: FL,FL,Homo sapiens,,4/18/2020
MT757054,2020-07-14T00:00:00Z,Severe acute respiratory syndrome-related coronavirus,29851,USA: FL,FL,Homo sapiens,,4/20/2020
MT757055,2020-07-14T00:00:00Z,Severe acute respiratory syndrome-related coronavirus,29800,USA: FL,FL,Homo sapiens,,4/21/2020
MT757056,2020-07-14T00:00:00Z,Severe acute respiratory syndrome-related coronavirus,29852,USA: FL,FL,Homo sapiens,,4/21/2020
MT757057,2020-07-14T00:00:00Z,Severe acute respiratory syndrome-related coronavirus,29820,USA: FL,FL,Homo sapiens,,4/21/2020
MT757058,2020-07-14T00:00:00Z,Severe acute respiratory syndrome-related coronavirus,29854,USA: FL,FL,Homo sapiens,,4/21/2020
MT757059,2020-07-14T00:00:00Z,Severe acute respiratory syndrome-related coronavirus,29814,USA: FL,FL,Homo sapiens,,4/21/2020
MT757060,2020-07-14T00:00:00Z,Severe acute respiratory syndrome-related coronavirus,29808,USA: FL,FL,Homo sapiens,,4/21/2020
MT757061,2020-07-14T00:00:00Z,Severe acute respiratory syndrome-related coronavirus,29799,USA: FL,FL,Homo sapiens,,4/21/2020
MT757062,2020-07-14T00:00:00Z,Severe acute respiratory syndrome-related coronavirus,29820,USA: FL,FL,Homo sapiens,,4/22/2020
MT757063,2020-07-14T00:00:00Z,Severe acute respiratory syndrome-related coronavirus,29863,USA: FL,FL,Homo sapiens,,4/23/2020
MT757064,2020-07-14T00:00:00Z,Severe acute respiratory syndrome-related coronavirus,29843,USA: FL,FL,Homo sapiens,,4/23/2020
MT757065,2020-07-14T00:00:00Z,Severe acute respiratory syndrome-related coronavirus,29449,USA: FL,FL,Homo sapiens,,4/23/2020
MT757066,2020-07-14T00:00:00Z,Severe acute respiratory syndrome-related coronavirus,29834,USA: FL,FL,Homo sapiens,,4/23/2020
MT757067,2020-07-14T00:00:00Z,Severe acute respiratory syndrome-related coronavirus,29820,USA: FL,FL,Homo sapiens,,4/23/2020
MT757068,2020-07-14T00:00:00Z,Severe acute respiratory syndrome-related coronavirus,29860,USA: FL,FL,Homo sapiens,,4/23/2020
MT757069,2020-07-14T00:00:00Z,Severe acute respiratory syndrome-related coronavirus,29812,USA: FL,FL,Homo sapiens,,4/23/2020
MT757070,2020-07-14T00:00:00Z,Severe acute respiratory syndrome-related coronavirus,29868,USA: FL,FL,Homo sapiens,,4/23/2020
MT757071,2020-07-14T00:00:00Z,Severe acute respiratory syndrome-related coronavirus,29855,USA: FL,FL,Homo sapiens,,4/24/2020
MT757072,2020-07-14T00:00:00Z,Severe acute respiratory syndrome-related coronavirus,29859,USA: FL,FL,Homo sapiens,,4/24/2020
MT757073,2020-07-14T00:00:00Z,Severe acute respiratory syndrome-related coronavirus,29862,USA: FL,FL,Homo sapiens,,4/24/2020
MT757074,2020-07-14T00:00:00Z,Severe acute respiratory syndrome-related coronavirus,29815,USA: FL,FL,Homo sapiens,,4/24/2020
MT757075,2020-07-14T00:00:00Z,Severe acute respiratory syndrome-related coronavirus,29812,USA: FL,FL,Homo sapiens,,4/24/2020
MT757076,2020-07-14T00:00:00Z,Severe acute respiratory syndrome-related coronavirus,29872,USA: FL,FL,Homo sapiens,,4/24/2020
MT757077,2020-07-14T00:00:00Z,Severe acute respiratory syndrome-related coronavirus,29868,USA: FL,FL,Homo sapiens,,4/24/2020
MT757078,2020-07-14T00:00:00Z,Severe acute respiratory syndrome-related coronavirus,29862,USA: FL,FL,Homo sapiens,,4/24/2020
MT757079,2020-07-14T00:00:00Z,Severe acute respiratory syndrome-related coronavirus,29849,USA: FL,FL,Homo sapiens,,4/24/2020
MT757080,2020-07-14T00:00:00Z,Severe acute respiratory syndrome-related coronavirus,29825,USA: FL,FL,Homo sapiens,,4/30/2020
MT757081,2020-07-14T00:00:00Z,Severe acute respiratory syndrome-related coronavirus,29853,USA: FL,FL,Homo sapiens,,4/30/2020
MT757082,2020-07-14T00:00:00Z,Severe acute respiratory syndrome-related coronavirus,29850,USA: FL,FL,Homo sapiens,,4/30/2020
MT757083,2020-07-14T00:00:00Z,Severe acute respiratory syndrome-related coronavirus,29849,USA: FL,FL,Homo sapiens,,4/30/2020
MT757084,2020-07-14T00:00:00Z,Severe acute respiratory syndrome-related coronavirus,29762,USA: FL,FL,Homo sapiens,,4/30/2020
MT757085,2020-07-14T00:00:00Z,Severe acute respiratory syndrome-related coronavirus,29851,USA: FL,FL,Homo sapiens,,4/30/2020
MT757086,2020-07-14T00:00:00Z,Severe acute respiratory syndrome-related coronavirus,29414,USA: FL,FL,Homo sapiens,,5/15/2020
MT757087,2020-07-14T00:00:00Z,Severe acute respiratory syndrome-related coronavirus,29794,USA: FL,FL,Homo sapiens,,5/14/2020
MT757088,2020-07-14T00:00:00Z,Severe acute respiratory syndrome-related coronavirus,29794,USA: FL,FL,Homo sapiens,,5/14/2020
MT757089,2020-07-14T00:00:00Z,Severe acute respiratory syndrome-related coronavirus,29619,USA: FL,FL,Homo sapiens,,5/15/2020
MT757090,2020-07-14T00:00:00Z,Severe acute respiratory syndrome-related coronavirus,29574,USA: FL,FL,Homo sapiens,,5/15/2020
MT757091,2020-07-14T00:00:00Z,Severe acute respiratory syndrome-related coronavirus,29500,USA: FL,FL,Homo sapiens,,5/15/2020
MT757092,2020-07-14T00:00:00Z,Severe acute respiratory syndrome-related coronavirus,29511,USA: FL,FL,Homo sapiens,,5/15/2020
MT757093,2020-07-14T00:00:00Z,Severe acute respiratory syndrome-related coronavirus,29709,USA: FL,FL,Homo sapiens,,5/15/2020
MT757094,2020-07-14T00:00:00Z,Severe acute respiratory syndrome-related coronavirus,29810,USA: FL,FL,Homo sapiens,,5/15/2020
MT757095,2020-07-14T00:00:00Z,Severe acute respiratory syndrome-related coronavirus,29754,USA: FL,FL,Homo sapiens,,5/15/2020
MT757096,2020-07-14T00:00:00Z,Severe acute respiratory syndrome-related coronavirus,29781,USA: FL,FL,Homo sapiens,,5/15/2020
MT757097,2020-07-14T00:00:00Z,Severe acute respiratory syndrome-related coronavirus,29753,USA: FL,FL,Homo sapiens,,5/15/2020
MT757098,2020-07-14T00:00:00Z,Severe acute respiratory syndrome-related coronavirus,29730,USA: FL,FL,Homo sapiens,,5/15/2020
MT757099,2020-07-14T00:00:00Z,Severe acute respiratory syndrome-related coronavirus,29713,USA: FL,FL,Homo sapiens,,5/15/2020
MT757100,2020-07-14T00:00:00Z,Severe acute respiratory syndrome-related coronavirus,29796,USA: FL,FL,Homo sapiens,,5/15/2020
MT757101,2020-07-14T00:00:00Z,Severe acute respiratory syndrome-related coronavirus,29056,USA: FL,FL,Homo sapiens,,5/15/2020
MT757102,2020-07-14T00:00:00Z,Severe acute respiratory syndrome-related coronavirus,29770,USA: FL,FL,Homo sapiens,,5/15/2020
MT757103,2020-07-14T00:00:00Z,Severe acute respiratory syndrome-related coronavirus,29117,USA: FL,FL,Homo sapiens,,5/15/2020
MT757104,2020-07-14T00:00:00Z,Severe acute respiratory syndrome-related coronavirus,29781,USA: FL,FL,Homo sapiens,,5/15/2020
MT757105,2020-07-14T00:00:00Z,Severe acute respiratory syndrome-related coronavirus,29826,USA: FL,FL,Homo sapiens,,5/16/2020
MT757106,2020-07-14T00:00:00Z,Severe acute respiratory syndrome-related coronavirus,29548,USA: FL,FL,Homo sapiens,,5/16/2020
MT757107,2020-07-14T00:00:00Z,Severe acute respiratory syndrome-related coronavirus,29786,USA: FL,FL,Homo sapiens,,5/16/2020
MT757108,2020-07-14T00:00:00Z,Severe acute respiratory syndrome-related coronavirus,29511,USA: FL,FL,Homo sapiens,,5/16/2020
MT757109,2020-07-14T00:00:00Z,Severe acute respiratory syndrome-related coronavirus,29038,USA: FL,FL,Homo sapiens,,5/16/2020
MT757110,2020-07-14T00:00:00Z,Severe acute respiratory syndrome-related coronavirus,29851,USA: FL,FL,Homo sapiens,,5/30/2020
MT757111,2020-07-14T00:00:00Z,Severe acute respiratory syndrome-related coronavirus,29849,USA: FL,FL,Homo sapiens,,5/30/2020
MT757112,2020-07-14T00:00:00Z,Severe acute respiratory syndrome-related coronavirus,29803,USA: FL,FL,Homo sapiens,,6/3/2020
MT757113,2020-07-14T00:00:00Z,Severe acute respiratory syndrome-related coronavirus,29813,USA: FL,FL,Homo sapiens,,6/2/2020
MT757114,2020-07-14T00:00:00Z,Severe acute respiratory syndrome-related coronavirus,29813,USA: FL,FL,Homo sapiens,,6/2/2020
MT757115,2020-07-14T00:00:00Z,Severe acute respiratory syndrome-related coronavirus,29849,USA: FL,FL,Homo sapiens,,6/2/2020
MT757116,2020-07-14T00:00:00Z,Severe acute respiratory syndrome-related coronavirus,29859,USA: FL,FL,Homo sapiens,,6/2/2020
MT757117,2020-07-14T00:00:00Z,Severe acute respiratory syndrome-related coronavirus,29851,USA: FL,FL,Homo sapiens,,6/2/2020
MT757118,2020-07-14T00:00:00Z,Severe acute respiratory syndrome-related coronavirus,29813,USA: FL,FL,Homo sapiens,,6/3/2020
MT757119,2020-07-14T00:00:00Z,Severe acute respiratory syndrome-related coronavirus,29849,USA: FL,FL,Homo sapiens,,6/3/2020
MT757120,2020-07-14T00:00:00Z,Severe acute respiratory syndrome-related coronavirus,29805,USA: FL,FL,Homo sapiens,,6/3/2020
MT757121,2020-07-14T00:00:00Z,Severe acute respiratory syndrome-related coronavirus,29856,USA: FL,FL,Homo sapiens,,6/3/2020
MT757122,2020-07-14T00:00:00Z,Severe acute respiratory syndrome-related coronavirus,29852,USA: FL,FL,Homo sapiens,,6/3/2020
MT757123,2020-07-14T00:00:00Z,Severe acute respiratory syndrome-related coronavirus,29852,USA: FL,FL,Homo sapiens,,6/3/2020
MT757124,2020-07-14T00:00:00Z,Severe acute respiratory syndrome-related coronavirus,29776,USA: FL,FL,Homo sapiens,,6/4/2020
MT757125,2020-07-14T00:00:00Z,Severe acute respiratory syndrome-related coronavirus,29804,USA: FL,FL,Homo sapiens,,6/4/2020
MT750020,2020-07-13T00:00:00Z,Severe acute respiratory syndrome-related coronavirus,29782,"USA: Wisconsin, Dane county",WI,Homo sapiens,oronasopharynx,6/17/2020
MT750021,2020-07-13T00:00:00Z,Severe acute respiratory syndrome-related coronavirus,29782,"USA: Wisconsin, Dane county",WI,Homo sapiens,oronasopharynx,6/18/2020
MT750022,2020-07-13T00:00:00Z,Severe acute respiratory syndrome-related coronavirus,29782,"USA: Wisconsin, Dane county",WI,Homo sapiens,oronasopharynx,6/15/2020
MT750023,2020-07-13T00:00:00Z,Severe acute respiratory syndrome-related coronavirus,29782,"USA: Wisconsin, Dane county",WI,Homo sapiens,oronasopharynx,6/15/2020
MT750024,2020-07-13T00:00:00Z,Severe acute respiratory syndrome-related coronavirus,29782,"USA: Wisconsin, Dane county",WI,Homo sapiens,oronasopharynx,6/17/2020
MT750025,2020-07-13T00:00:00Z,Severe acute respiratory syndrome-related coronavirus,29782,"USA: Wisconsin, Dane county",WI,Homo sapiens,oronasopharynx,6/14/2020
MT750026,2020-07-13T00:00:00Z,Severe acute respiratory syndrome-related coronavirus,29782,"USA: Wisconsin, Dane county",WI,Homo sapiens,oronasopharynx,6/15/2020
MT750027,2020-07-13T00:00:00Z,Severe acute respiratory syndrome-related coronavirus,29782,"USA: Wisconsin, Dane county",WI,Homo sapiens,oronasopharynx,6/18/2020
MT750028,2020-07-13T00:00:00Z,Severe acute respiratory syndrome-related coronavirus,29782,"USA: Wisconsin, Dane county",WI,Homo sapiens,oronasopharynx,6/17/2020
MT750029,2020-07-13T00:00:00Z,Severe acute respiratory syndrome-related coronavirus,29782,"USA: Wisconsin, Dane county",WI,Homo sapiens,oronasopharynx,6/14/2020
MT750030,2020-07-13T00:00:00Z,Severe acute respiratory syndrome-related coronavirus,29782,"USA: Wisconsin, Dane county",WI,Homo sapiens,oronasopharynx,6/19/2020
MT750031,2020-07-13T00:00:00Z,Severe acute respiratory syndrome-related coronavirus,29782,"USA: Wisconsin, Dane county",WI,Homo sapiens,oronasopharynx,6/18/2020
MT750032,2020-07-13T00:00:00Z,Severe acute respiratory syndrome-related coronavirus,29782,"USA: Wisconsin, Dane county",WI,Homo sapiens,oronasopharynx,6/16/2020
MT750033,2020-07-13T00:00:00Z,Severe acute respiratory syndrome-related coronavirus,29782,"USA: Wisconsin, Rock county",WI,Homo sapiens,oronasopharynx,6/17/2020
MT750034,2020-07-13T00:00:00Z,Severe acute respiratory syndrome-related coronavirus,29782,"USA: Wisconsin, Dane county",WI,Homo sapiens,oronasopharynx,6/18/2020
MT750035,2020-07-13T00:00:00Z,Severe acute respiratory syndrome-related coronavirus,29776,"USA: Wisconsin, Dane county",WI,Homo sapiens,oronasopharynx,6/17/2020
MT750036,2020-07-13T00:00:00Z,Severe acute respiratory syndrome-related coronavirus,29776,"USA: Wisconsin, Manitowoc county",WI,Homo sapiens,oronasopharynx,6/18/2020
MT750037,2020-07-13T00:00:00Z,Severe acute respiratory syndrome-related coronavirus,29782,"USA: Wisconsin, Dane county",WI,Homo sapiens,oronasopharynx,6/17/2020
MT750038,2020-07-13T00:00:00Z,Severe acute respiratory syndrome-related coronavirus,29782,"USA: Wisconsin, Dane county",WI,Homo sapiens,oronasopharynx,6/15/2020
MT750039,2020-07-13T00:00:00Z,Severe acute respiratory syndrome-related coronavirus,29782,"USA: Wisconsin, Dane county",WI,Homo sapiens,oronasopharynx,6/8/2020
MT750040,2020-07-13T00:00:00Z,Severe acute respiratory syndrome-related coronavirus,29782,"USA: Wisconsin, Dane county",WI,Homo sapiens,oronasopharynx,6/17/2020
MT750041,2020-07-13T00:00:00Z,Severe acute respiratory syndrome-related coronavirus,29782,"USA: Wisconsin, Dane county",WI,Homo sapiens,oronasopharynx,6/16/2020
MT750042,2020-07-13T00:00:00Z,Severe acute respiratory syndrome-related coronavirus,29782,"USA: Wisconsin, Dane county",WI,Homo sapiens,oronasopharynx,6/15/2020
MT750043,2020-07-13T00:00:00Z,Severe acute respiratory syndrome-related coronavirus,29776,"USA: Wisconsin, Manitowoc county",WI,Homo sapiens,oronasopharynx,6/18/2020
MT750044,2020-07-13T00:00:00Z,Severe acute respiratory syndrome-related coronavirus,29782,"USA: Wisconsin, Dane county",WI,Homo sapiens,oronasopharynx,6/17/2020
MT750045,2020-07-13T00:00:00Z,Severe acute respiratory syndrome-related coronavirus,29782,"USA: Wisconsin, Waukesha county",WI,Homo sapiens,oronasopharynx,6/17/2020
MT750046,2020-07-13T00:00:00Z,Severe acute respiratory syndrome-related coronavirus,29782,"USA: Wisconsin, Dane county",WI,Homo sapiens,oronasopharynx,6/10/2020
MT750047,2020-07-13T00:00:00Z,Severe acute respiratory syndrome-related coronavirus,29782,"USA: Wisconsin, Jefferson county",WI,Homo sapiens,oronasopharynx,6/6/2020
MT750048,2020-07-13T00:00:00Z,Severe acute respiratory syndrome-related coronavirus,29782,"USA: Wisconsin, Rock county",WI,Homo sapiens,oronasopharynx,6/8/2020
MT750049,2020-07-13T00:00:00Z,Severe acute respiratory syndrome-related coronavirus,29782,"USA: Wisconsin, Dane county",WI,Homo sapiens,oronasopharynx,6/7/2020
MT750050,2020-07-13T00:00:00Z,Severe acute respiratory syndrome-related coronavirus,29782,"USA: Wisconsin, Dane county",WI,Homo sapiens,oronasopharynx,6/16/2020
MT750051,2020-07-13T00:00:00Z,Severe acute respiratory syndrome-related coronavirus,29782,"USA: Wisconsin, Dane county",WI,Homo sapiens,oronasopharynx,6/11/2020
MT750052,2020-07-13T00:00:00Z,Severe acute respiratory syndrome-related coronavirus,29782,"USA: Wisconsin, Dane county",WI,Homo sapiens,oronasopharynx,6/6/2020
MT750053,2020-07-13T00:00:00Z,Severe acute respiratory syndrome-related coronavirus,29782,"USA: Wisconsin, Milwaukee county",WI,Homo sapiens,oronasopharynx,6/18/2020
MT750054,2020-07-13T00:00:00Z,Severe acute respiratory syndrome-related coronavirus,29782,"USA: Wisconsin, Dane county",WI,Homo sapiens,oronasopharynx,6/8/2020
MT750055,2020-07-13T00:00:00Z,Severe acute respiratory syndrome-related coronavirus,29782,"USA: Wisconsin, Dane county",WI,Homo sapiens,oronasopharynx,6/18/2020
MT750056,2020-07-13T00:00:00Z,Severe acute respiratory syndrome-related coronavirus,29782,"USA: Wisconsin, Dane county",WI,Homo sapiens,oronasopharynx,6/17/2020
MT750057,2020-07-13T00:00:00Z,Severe acute respiratory syndrome-related coronavirus,29782,"USA: Illinois, Winnebago county",IL,Homo sapiens,oronasopharynx,6/17/2020
MT750058,2020-07-13T00:00:00Z,Severe acute respiratory syndrome-related coronavirus,29782,"USA: Wisconsin, Dane county",WI,Homo sapiens,oronasopharynx,6/9/2020
MT750059,2020-07-13T00:00:00Z,Severe acute respiratory syndrome-related coronavirus,29782,"USA: Wisconsin, Rock county",WI,Homo sapiens,oronasopharynx,6/9/2020
MT750060,2020-07-13T00:00:00Z,Severe acute respiratory syndrome-related coronavirus,29782,"USA: Wisconsin, Dane county",WI,Homo sapiens,oronasopharynx,6/12/2020
MT750061,2020-07-13T00:00:00Z,Severe acute respiratory syndrome-related coronavirus,29782,"USA: Wisconsin, Dane county",WI,Homo sapiens,oronasopharynx,6/9/2020
MT750062,2020-07-13T00:00:00Z,Severe acute respiratory syndrome-related coronavirus,29776,"USA: Illinois, Winnebago county",IL,Homo sapiens,oronasopharynx,6/7/2020
MT750063,2020-07-13T00:00:00Z,Severe acute respiratory syndrome-related coronavirus,29782,"USA: Wisconsin, Dane county",WI,Homo sapiens,oronasopharynx,6/10/2020
MT750064,2020-07-13T00:00:00Z,Severe acute respiratory syndrome-related coronavirus,29782,"USA: Wisconsin, Dane county",WI,Homo sapiens,oronasopharynx,6/5/2020
MT750065,2020-07-13T00:00:00Z,Severe acute respiratory syndrome-related coronavirus,29782,"USA: Wisconsin, Dane county",WI,Homo sapiens,oronasopharynx,6/18/2020
MT750066,2020-07-13T00:00:00Z,Severe acute respiratory syndrome-related coronavirus,29782,"USA: Wisconsin, Dane county",WI,Homo sapiens,oronasopharynx,6/15/2020
MT750067,2020-07-13T00:00:00Z,Severe acute respiratory syndrome-related coronavirus,29782,"USA: Wisconsin, Dane county",WI,Homo sapiens,oronasopharynx,6/17/2020
MT750068,2020-07-13T00:00:00Z,Severe acute respiratory syndrome-related coronavirus,29782,"USA: Wisconsin, Dodge county",WI,Homo sapiens,oronasopharynx,6/2/2020
MT750069,2020-07-13T00:00:00Z,Severe acute respiratory syndrome-related coronavirus,29782,"USA: Wisconsin, Jackson county",WI,Homo sapiens,oronasopharynx,6/1/2020
MT750070,2020-07-13T00:00:00Z,Severe acute respiratory syndrome-related coronavirus,29782,"USA: Wisconsin, Dane county",WI,Homo sapiens,oronasopharynx,6/11/2020
MT750071,2020-07-13T00:00:00Z,Severe acute respiratory syndrome-related coronavirus,29782,"USA: Wisconsin, Dane county",WI,Homo sapiens,oronasopharynx,6/4/2020
MT750072,2020-07-13T00:00:00Z,Severe acute respiratory syndrome-related coronavirus,29782,"USA: Wisconsin, Dane county",WI,Homo sapiens,oronasopharynx,6/5/2020
MT750073,2020-07-13T00:00:00Z,Severe acute respiratory syndrome-related coronavirus,29782,"USA: Wisconsin, Dane county",WI,Homo sapiens,oronasopharynx,6/4/2020
MT750074,2020-07-13T00:00:00Z,Severe acute respiratory syndrome-related coronavirus,29776,"USA: Wisconsin, Jefferson county",WI,Homo sapiens,oronasopharynx,6/11/2020
MT750075,2020-07-13T00:00:00Z,Severe acute respiratory syndrome-related coronavirus,29776,"USA: Wisconsin, Dane county",WI,Homo sapiens,oronasopharynx,6/8/2020
MT750076,2020-07-13T00:00:00Z,Severe acute respiratory syndrome-related coronavirus,29782,"USA: Wisconsin, Dane county",WI,Homo sapiens,oronasopharynx,6/3/2020
MT750077,2020-07-13T00:00:00Z,Severe acute respiratory syndrome-related coronavirus,29782,"USA: Wisconsin, Dane county",WI,Homo sapiens,oronasopharynx,6/13/2020
MT750078,2020-07-13T00:00:00Z,Severe acute respiratory syndrome-related coronavirus,29782,"USA: Wisconsin, Dane county",WI,Homo sapiens,oronasopharynx,6/13/2020
MT750079,2020-07-13T00:00:00Z,Severe acute respiratory syndrome-related coronavirus,29782,"USA: Wisconsin, Dane county",WI,Homo sapiens,oronasopharynx,6/11/2020
MT750080,2020-07-13T00:00:00Z,Severe acute respiratory syndrome-related coronavirus,29782,"USA: Wisconsin, Dane county",WI,Homo sapiens,oronasopharynx,6/2/2020
MT750081,2020-07-13T00:00:00Z,Severe acute respiratory syndrome-related coronavirus,29782,"USA: Wisconsin, Dane county",WI,Homo sapiens,oronasopharynx,6/5/2020
MT750082,2020-07-13T00:00:00Z,Severe acute respiratory syndrome-related coronavirus,29782,"USA: Wisconsin, Dane county",WI,Homo sapiens,oronasopharynx,6/8/2020
MT750083,2020-07-13T00:00:00Z,Severe acute respiratory syndrome-related coronavirus,29782,"USA: Wisconsin, Jefferson county",WI,Homo sapiens,oronasopharynx,6/3/2020
MT750084,2020-07-13T00:00:00Z,Severe acute respiratory syndrome-related coronavirus,29782,"USA: Wisconsin, Dane county",WI,Homo sapiens,oronasopharynx,6/3/2020
MT750085,2020-07-13T00:00:00Z,Severe acute respiratory syndrome-related coronavirus,29782,"USA: Illinois, Winnebago county",IL,Homo sapiens,oronasopharynx,5/31/2020
MT750086,2020-07-13T00:00:00Z,Severe acute respiratory syndrome-related coronavirus,29782,"USA: Wisconsin, Dane county",WI,Homo sapiens,oronasopharynx,6/10/2020
MT750087,2020-07-13T00:00:00Z,Severe acute respiratory syndrome-related coronavirus,29782,"USA: Wisconsin, Trempealeau county",WI,Homo sapiens,oronasopharynx,6/1/2020
MT750088,2020-07-13T00:00:00Z,Severe acute respiratory syndrome-related coronavirus,29782,"USA: Illinois, Winnebago county",IL,Homo sapiens,oronasopharynx,6/1/2020
MT750089,2020-07-13T00:00:00Z,Severe acute respiratory syndrome-related coronavirus,29782,"USA: Illinois, Winnebago county",IL,Homo sapiens,oronasopharynx,5/30/2020
MT750090,2020-07-13T00:00:00Z,Severe acute respiratory syndrome-related coronavirus,29782,"USA: Wisconsin, Dane county",WI,Homo sapiens,oronasopharynx,6/5/2020
MT750091,2020-07-13T00:00:00Z,Severe acute respiratory syndrome-related coronavirus,29782,"USA: Wisconsin, Jefferson county",WI,Homo sapiens,oronasopharynx,6/8/2020
MT750092,2020-07-13T00:00:00Z,Severe acute respiratory syndrome-related coronavirus,29782,"USA: Connecticut, Fairfield county",CT,Homo sapiens,oronasopharynx,6/8/2020
MT750093,2020-07-13T00:00:00Z,Severe acute respiratory syndrome-related coronavirus,29776,"USA: Wisconsin, Vernon county",WI,Homo sapiens,oronasopharynx,6/5/2020
MT750094,2020-07-13T00:00:00Z,Severe acute respiratory syndrome-related coronavirus,29782,"USA: Wisconsin, Dane county",WI,Homo sapiens,oronasopharynx,6/7/2020
MT750095,2020-07-13T00:00:00Z,Severe acute respiratory syndrome-related coronavirus,29782,"USA: Wisconsin, Rock county",WI,Homo sapiens,oronasopharynx,6/14/2020
MT750096,2020-07-13T00:00:00Z,Severe acute respiratory syndrome-related coronavirus,29782,"USA: Illinois, Mchenry county",IL,Homo sapiens,oronasopharynx,6/2/2020
MT750097,2020-07-13T00:00:00Z,Severe acute respiratory syndrome-related coronavirus,29782,"USA: Wisconsin, Dane county",WI,Homo sapiens,oronasopharynx,6/24/2020
MT750098,2020-07-13T00:00:00Z,Severe acute respiratory syndrome-related coronavirus,29782,"USA: Wisconsin, Dane county",WI,Homo sapiens,oronasopharynx,6/24/2020
MT750099,2020-07-13T00:00:00Z,Severe acute respiratory syndrome-related coronavirus,29782,"USA: Wisconsin, Dane county",WI,Homo sapiens,oronasopharynx,6/24/2020
MT750100,2020-07-13T00:00:00Z,Severe acute respiratory syndrome-related coronavirus,29782,"USA: Wisconsin, Dane county",WI,Homo sapiens,oronasopharynx,6/24/2020
MT750101,2020-07-13T00:00:00Z,Severe acute respiratory syndrome-related coronavirus,29782,"USA: Wisconsin, Dane county",WI,Homo sapiens,oronasopharynx,6/24/2020
MT750102,2020-07-13T00:00:00Z,Severe acute respiratory syndrome-related coronavirus,29776,"USA: Wisconsin, Brown county",WI,Homo sapiens,oronasopharynx,6/24/2020
MT750103,2020-07-13T00:00:00Z,Severe acute respiratory syndrome-related coronavirus,29782,"USA: Wisconsin, Dane county",WI,Homo sapiens,oronasopharynx,6/24/2020
MT750104,2020-07-13T00:00:00Z,Severe acute respiratory syndrome-related coronavirus,29782,"USA: Wisconsin, Dane county",WI,Homo sapiens,oronasopharynx,6/24/2020
MT750105,2020-07-13T00:00:00Z,Severe acute respiratory syndrome-related coronavirus,29782,"USA: Illinois, Winnebago county",IL,Homo sapiens,oronasopharynx,6/24/2020
MT750106,2020-07-13T00:00:00Z,Severe acute respiratory syndrome-related coronavirus,29782,"USA: Wisconsin, Dane county",WI,Homo sapiens,oronasopharynx,6/24/2020
MT750107,2020-07-13T00:00:00Z,Severe acute respiratory syndrome-related coronavirus,29782,"USA: Wisconsin, Dane county",WI,Homo sapiens,oronasopharynx,6/24/2020
MT750108,2020-07-13T00:00:00Z,Severe acute respiratory syndrome-related coronavirus,29782,"USA: Wisconsin, Dane county",WI,Homo sapiens,oronasopharynx,6/23/2020
MT750109,2020-07-13T00:00:00Z,Severe acute respiratory syndrome-related coronavirus,29782,"USA: Wisconsin, Dane county",WI,Homo sapiens,oronasopharynx,6/23/2020
MT750110,2020-07-13T00:00:00Z,Severe acute respiratory syndrome-related coronavirus,29782,"USA: Wisconsin, Dane county",WI,Homo sapiens,oronasopharynx,6/23/2020
MT750111,2020-07-13T00:00:00Z,Severe acute respiratory syndrome-related coronavirus,29782,"USA: Illinois, Cook county",IL,Homo sapiens,oronasopharynx,6/24/2020
MT750112,2020-07-13T00:00:00Z,Severe acute respiratory syndrome-related coronavirus,29782,"USA: Illinois, Lake county",IL,Homo sapiens,oronasopharynx,6/23/2020
MT750113,2020-07-13T00:00:00Z,Severe acute respiratory syndrome-related coronavirus,29782,"USA: Wisconsin, Dane county",WI,Homo sapiens,oronasopharynx,6/24/2020
MT750114,2020-07-13T00:00:00Z,Severe acute respiratory syndrome-related coronavirus,29782,"USA: Wisconsin, Dane county",WI,Homo sapiens,oronasopharynx,6/24/2020
MT750115,2020-07-13T00:00:00Z,Severe acute respiratory syndrome-related coronavirus,29782,"USA: Wisconsin, Dane county",WI,Homo sapiens,oronasopharynx,6/23/2020
MT750116,2020-07-13T00:00:00Z,Severe acute respiratory syndrome-related coronavirus,29782,"USA: Wisconsin, Dane county",WI,Homo sapiens,oronasopharynx,6/24/2020
MT750117,2020-07-13T00:00:00Z,Severe acute respiratory syndrome-related coronavirus,29611,"USA: Wisconsin, Dane county",WI,Homo sapiens,oronasopharynx,6/24/2020
MT750118,2020-07-13T00:00:00Z,Severe acute respiratory syndrome-related coronavirus,29782,"USA: Wisconsin, Dane county",WI,Homo sapiens,oronasopharynx,6/24/2020
MT750119,2020-07-13T00:00:00Z,Severe acute respiratory syndrome-related coronavirus,29611,"USA: Wisconsin, Dane county",WI,Homo sapiens,oronasopharynx,6/20/2020
MT750120,2020-07-13T00:00:00Z,Severe acute respiratory syndrome-related coronavirus,29782,"USA: Wisconsin, Dane county",WI,Homo sapiens,oronasopharynx,6/22/2020
MT750121,2020-07-13T00:00:00Z,Severe acute respiratory syndrome-related coronavirus,29782,"USA: Wisconsin, Dane county",WI,Homo sapiens,oronasopharynx,6/24/2020
MT750122,2020-07-13T00:00:00Z,Severe acute respiratory syndrome-related coronavirus,29782,"USA: Illinois, Winnebago county",IL,Homo sapiens,oronasopharynx,6/23/2020
MT750123,2020-07-13T00:00:00Z,Severe acute respiratory syndrome-related coronavirus,29782,"USA: Wisconsin, Dane county",WI,Homo sapiens,oronasopharynx,6/21/2020
MT750124,2020-07-13T00:00:00Z,Severe acute respiratory syndrome-related coronavirus,29782,"USA: Wisconsin, Dane county",WI,Homo sapiens,oronasopharynx,6/22/2020
MT750125,2020-07-13T00:00:00Z,Severe acute respiratory syndrome-related coronavirus,29782,"USA: Wisconsin, Dane county",WI,Homo sapiens,oronasopharynx,6/23/2020
MT750126,2020-07-13T00:00:00Z,Severe acute respiratory syndrome-related coronavirus,29782,"USA: Wisconsin, Dane county",WI,Homo sapiens,oronasopharynx,6/19/2020
MT750127,2020-07-13T00:00:00Z,Severe acute respiratory syndrome-related coronavirus,29782,"USA: Pennsylvania, Montgomery county",PA,Homo sapiens,oronasopharynx,6/22/2020
MT750128,2020-07-13T00:00:00Z,Severe acute respiratory syndrome-related coronavirus,29782,"USA: Wisconsin, Dane county",WI,Homo sapiens,oronasopharynx,6/22/2020
MT750129,2020-07-13T00:00:00Z,Severe acute respiratory syndrome-related coronavirus,29782,"USA: Wisconsin, Dane county",WI,Homo sapiens,oronasopharynx,6/24/2020
MT750130,2020-07-13T00:00:00Z,Severe acute respiratory syndrome-related coronavirus,29782,"USA: Wisconsin, Dane county",WI,Homo sapiens,oronasopharynx,6/22/2020
MT750131,2020-07-13T00:00:00Z,Severe acute respiratory syndrome-related coronavirus,29782,"USA: Wisconsin, Dane county",WI,Homo sapiens,oronasopharynx,6/23/2020
MT750132,2020-07-13T00:00:00Z,Severe acute respiratory syndrome-related coronavirus,29782,"USA: Wisconsin, Dane county",WI,Homo sapiens,oronasopharynx,6/23/2020
MT750133,2020-07-13T00:00:00Z,Severe acute respiratory syndrome-related coronavirus,29782,"USA: Illinois, Winnebago county",IL,Homo sapiens,oronasopharynx,6/21/2020
MT750134,2020-07-13T00:00:00Z,Severe acute respiratory syndrome-related coronavirus,29782,"USA: Wisconsin, Dane county",WI,Homo sapiens,oronasopharynx,6/25/2020
MT750135,2020-07-13T00:00:00Z,Severe acute respiratory syndrome-related coronavirus,29782,"USA: Wisconsin, Dane county",WI,Homo sapiens,oronasopharynx,6/25/2020
MT750136,2020-07-13T00:00:00Z,Severe acute respiratory syndrome-related coronavirus,29782,"USA: New Jersey, Bergen county",NJ,Homo sapiens,oronasopharynx,6/25/2020
MT750137,2020-07-13T00:00:00Z,Severe acute respiratory syndrome-related coronavirus,29782,"USA: Wisconsin, Dane county",WI,Homo sapiens,oronasopharynx,6/25/2020
MT750138,2020-07-13T00:00:00Z,Severe acute respiratory syndrome-related coronavirus,29782,"USA: Wisconsin, Dane county",WI,Homo sapiens,oronasopharynx,6/25/2020
MT750139,2020-07-13T00:00:00Z,Severe acute respiratory syndrome-related coronavirus,29782,"USA: Wisconsin, Dane county",WI,Homo sapiens,oronasopharynx,6/25/2020
MT750140,2020-07-13T00:00:00Z,Severe acute respiratory syndrome-related coronavirus,29782,"USA: Wisconsin, Dane county",WI,Homo sapiens,oronasopharynx,6/27/2020
MT750141,2020-07-13T00:00:00Z,Severe acute respiratory syndrome-related coronavirus,29611,"USA: Wisconsin, Dane county",WI,Homo sapiens,oronasopharynx,6/25/2020
MT750142,2020-07-13T00:00:00Z,Severe acute respiratory syndrome-related coronavirus,29782,"USA: Wisconsin, Dane county",WI,Homo sapiens,oronasopharynx,6/25/2020
MT750143,2020-07-13T00:00:00Z,Severe acute respiratory syndrome-related coronavirus,29782,"USA: Wisconsin, Sheboygan county",WI,Homo sapiens,oronasopharynx,6/28/2020
MT750144,2020-07-13T00:00:00Z,Severe acute respiratory syndrome-related coronavirus,29782,"USA: Wisconsin, Dane county",WI,Homo sapiens,oronasopharynx,6/25/2020
MT750145,2020-07-13T00:00:00Z,Severe acute respiratory syndrome-related coronavirus,29782,"USA: Wisconsin, Dane county",WI,Homo sapiens,oronasopharynx,6/28/2020
MT750146,2020-07-13T00:00:00Z,Severe acute respiratory syndrome-related coronavirus,29782,"USA: Wisconsin, Dane county",WI,Homo sapiens,oronasopharynx,6/25/2020
MT750147,2020-07-13T00:00:00Z,Severe acute respiratory syndrome-related coronavirus,29782,"USA: Wisconsin, Dane county",WI,Homo sapiens,oronasopharynx,6/28/2020
MT750148,2020-07-13T00:00:00Z,Severe acute respiratory syndrome-related coronavirus,29782,"USA: Wisconsin, Dane county",WI,Homo sapiens,oronasopharynx,6/25/2020
MT750149,2020-07-13T00:00:00Z,Severe acute respiratory syndrome-related coronavirus,29782,"USA: Wisconsin, Dane county",WI,Homo sapiens,oronasopharynx,6/25/2020
MT750150,2020-07-13T00:00:00Z,Severe acute respiratory syndrome-related coronavirus,29782,"USA: Illinois, Cook county",IL,Homo sapiens,oronasopharynx,6/27/2020
MT750151,2020-07-13T00:00:00Z,Severe acute respiratory syndrome-related coronavirus,29776,"USA: Wisconsin, Dane county",WI,Homo sapiens,oronasopharynx,6/19/2020
MT750152,2020-07-13T00:00:00Z,Severe acute respiratory syndrome-related coronavirus,29782,"USA: Wisconsin, Dane county",WI,Homo sapiens,oronasopharynx,6/19/2020
MT750153,2020-07-13T00:00:00Z,Severe acute respiratory syndrome-related coronavirus,29782,"USA: Wisconsin, Outagamie county",WI,Homo sapiens,oronasopharynx,6/23/2020
MT750154,2020-07-13T00:00:00Z,Severe acute respiratory syndrome-related coronavirus,29782,"USA: Wisconsin, Dane county",WI,Homo sapiens,oronasopharynx,6/23/2020
MT750155,2020-07-13T00:00:00Z,Severe acute respiratory syndrome-related coronavirus,29782,"USA: Wisconsin, Dane county",WI,Homo sapiens,oronasopharynx,6/19/2020
MT750156,2020-07-13T00:00:00Z,Severe acute respiratory syndrome-related coronavirus,29782,"USA: Wisconsin, Dane county",WI,Homo sapiens,oronasopharynx,6/24/2020
MT750157,2020-07-13T00:00:00Z,Severe acute respiratory syndrome-related coronavirus,29782,"USA: Wisconsin, Dane county",WI,Homo sapiens,oronasopharynx,6/24/2020
MT750158,2020-07-13T00:00:00Z,Severe acute respiratory syndrome-related coronavirus,29782,"USA: Wisconsin, Dane county",WI,Homo sapiens,oronasopharynx,6/23/2020
MT750159,2020-07-13T00:00:00Z,Severe acute respiratory syndrome-related coronavirus,29782,"USA: Wisconsin, Milwaukee county",WI,Homo sapiens,oronasopharynx,6/21/2020
MT750160,2020-07-13T00:00:00Z,Severe acute respiratory syndrome-related coronavirus,29782,"USA: Wisconsin, Waukesha county",WI,Homo sapiens,oronasopharynx,6/21/2020
MT750161,2020-07-13T00:00:00Z,Severe acute respiratory syndrome-related coronavirus,29782,"USA: Wisconsin, Dodge county",WI,Homo sapiens,oronasopharynx,6/22/2020
MT750162,2020-07-13T00:00:00Z,Severe acute respiratory syndrome-related coronavirus,29782,"USA: Wisconsin, Dane county",WI,Homo sapiens,oronasopharynx,6/22/2020
MT750163,2020-07-13T00:00:00Z,Severe acute respiratory syndrome-related coronavirus,29782,"USA: New York, Westchester county",NY,Homo sapiens,oronasopharynx,6/23/2020
MT750164,2020-07-13T00:00:00Z,Severe acute respiratory syndrome-related coronavirus,29782,"USA: Wisconsin, Dodge county",WI,Homo sapiens,oronasopharynx,6/22/2020
MT750165,2020-07-13T00:00:00Z,Severe acute respiratory syndrome-related coronavirus,29782,"USA: Wisconsin, Dane county",WI,Homo sapiens,oronasopharynx,6/19/2020
MT750166,2020-07-13T00:00:00Z,Severe acute respiratory syndrome-related coronavirus,29782,"USA: Wisconsin, Dane county",WI,Homo sapiens,oronasopharynx,6/24/2020
MT750167,2020-07-13T00:00:00Z,Severe acute respiratory syndrome-related coronavirus,29782,"USA: Wisconsin, Dane county",WI,Homo sapiens,oronasopharynx,6/22/2020
MT750168,2020-07-13T00:00:00Z,Severe acute respiratory syndrome-related coronavirus,29782,"USA: Wisconsin, Dane county",WI,Homo sapiens,oronasopharynx,6/19/2020
MT750169,2020-07-13T00:00:00Z,Severe acute respiratory syndrome-related coronavirus,29782,"USA: Wisconsin, Dane county",WI,Homo sapiens,oronasopharynx,6/20/2020
MT750170,2020-07-13T00:00:00Z,Severe acute respiratory syndrome-related coronavirus,29782,"USA: Wisconsin, Dane county",WI,Homo sapiens,oronasopharynx,6/19/2020
MT750171,2020-07-13T00:00:00Z,Severe acute respiratory syndrome-related coronavirus,29782,"USA: Illinois, Cook county",IL,Homo sapiens,oronasopharynx,6/27/2020
MT750172,2020-07-13T00:00:00Z,Severe acute respiratory syndrome-related coronavirus,29782,"USA: Wisconsin, Dane county",WI,Homo sapiens,oronasopharynx,6/27/2020
MT750173,2020-07-13T00:00:00Z,Severe acute respiratory syndrome-related coronavirus,29782,"USA: Wisconsin, Dane county",WI,Homo sapiens,oronasopharynx,6/25/2020
MT750174,2020-07-13T00:00:00Z,Severe acute respiratory syndrome-related coronavirus,29782,"USA: Wisconsin, Dane county",WI,Homo sapiens,oronasopharynx,6/25/2020
MT750175,2020-07-13T00:00:00Z,Severe acute respiratory syndrome-related coronavirus,29782,"USA: New York, Onondaga county",NY,Homo sapiens,oronasopharynx,6/27/2020
MT750176,2020-07-13T00:00:00Z,Severe acute respiratory syndrome-related coronavirus,29782,"USA: Wisconsin, Dane county",WI,Homo sapiens,oronasopharynx,6/27/2020
MT750177,2020-07-13T00:00:00Z,Severe acute respiratory syndrome-related coronavirus,29782,"USA: Wisconsin, Dane county",WI,Homo sapiens,oronasopharynx,6/28/2020
MT750178,2020-07-13T00:00:00Z,Severe acute respiratory syndrome-related coronavirus,29782,"USA: Illinois, Cook county",IL,Homo sapiens,oronasopharynx,6/25/2020
MT750179,2020-07-13T00:00:00Z,Severe acute respiratory syndrome-related coronavirus,29782,"USA: Wisconsin, Dane county",WI,Homo sapiens,oronasopharynx,6/25/2020
MT750180,2020-07-13T00:00:00Z,Severe acute respiratory syndrome-related coronavirus,29782,"USA: Wisconsin, Dane county",WI,Homo sapiens,oronasopharynx,6/25/2020
MT750181,2020-07-13T00:00:00Z,Severe acute respiratory syndrome-related coronavirus,29782,"USA: Wisconsin, Dane county",WI,Homo sapiens,oronasopharynx,6/25/2020
MT750182,2020-07-13T00:00:00Z,Severe acute respiratory syndrome-related coronavirus,29782,"USA: California, Los Angeles county",CA,Homo sapiens,oronasopharynx,6/27/2020
MT750183,2020-07-13T00:00:00Z,Severe acute respiratory syndrome-related coronavirus,29782,"USA: Wisconsin, Dane county",WI,Homo sapiens,oronasopharynx,6/24/2020
MT750184,2020-07-13T00:00:00Z,Severe acute respiratory syndrome-related coronavirus,29782,"USA: Wisconsin, Dane county",WI,Homo sapiens,oronasopharynx,6/23/2020
MT750185,2020-07-13T00:00:00Z,Severe acute respiratory syndrome-related coronavirus,29782,"USA: Wisconsin, Dane county",WI,Homo sapiens,oronasopharynx,6/24/2020
MT750186,2020-07-13T00:00:00Z,Severe acute respiratory syndrome-related coronavirus,29782,"USA: Wisconsin, Dane county",WI,Homo sapiens,oronasopharynx,6/23/2020
MT750187,2020-07-13T00:00:00Z,Severe acute respiratory syndrome-related coronavirus,29782,"USA: Wisconsin, Winnebago county",WI,Homo sapiens,oronasopharynx,6/22/2020
MT750188,2020-07-13T00:00:00Z,Severe acute respiratory syndrome-related coronavirus,29782,"USA: Wisconsin, Jefferson county",WI,Homo sapiens,oronasopharynx,6/22/2020
MT750189,2020-07-13T00:00:00Z,Severe acute respiratory syndrome-related coronavirus,29782,"USA: Wisconsin, Dane county",WI,Homo sapiens,oronasopharynx,6/22/2020
MT750190,2020-07-13T00:00:00Z,Severe acute respiratory syndrome-related coronavirus,29782,"USA: Wisconsin, Dane county",WI,Homo sapiens,oronasopharynx,6/23/2020
MT750191,2020-07-13T00:00:00Z,Severe acute respiratory syndrome-related coronavirus,29782,"USA: Wisconsin, Dane county",WI,Homo sapiens,oronasopharynx,6/22/2020
MT750192,2020-07-13T00:00:00Z,Severe acute respiratory syndrome-related coronavirus,29782,"USA: Wisconsin, Dane county",WI,Homo sapiens,oronasopharynx,6/23/2020
MT750193,2020-07-13T00:00:00Z,Severe acute respiratory syndrome-related coronavirus,29776,"USA: Wisconsin, Waukesha county",WI,Homo sapiens,oronasopharynx,6/23/2020
MT750194,2020-07-13T00:00:00Z,Severe acute respiratory syndrome-related coronavirus,29782,"USA: Wisconsin, Dane county",WI,Homo sapiens,oronasopharynx,6/24/2020
MT750195,2020-07-13T00:00:00Z,Severe acute respiratory syndrome-related coronavirus,29782,"USA: Wisconsin, Dane county",WI,Homo sapiens,oronasopharynx,6/24/2020
MT750196,2020-07-13T00:00:00Z,Severe acute respiratory syndrome-related coronavirus,29782,"USA: Wisconsin, Dane county",WI,Homo sapiens,oronasopharynx,6/24/2020
MT750197,2020-07-13T00:00:00Z,Severe acute respiratory syndrome-related coronavirus,29769,"USA: Wisconsin, Dane county",WI,Homo sapiens,oronasopharynx,6/23/2020
MT750198,2020-07-13T00:00:00Z,Severe acute respiratory syndrome-related coronavirus,29782,"USA: Wisconsin, Door county",WI,Homo sapiens,oronasopharynx,6/23/2020
MT750199,2020-07-13T00:00:00Z,Severe acute respiratory syndrome-related coronavirus,29782,"USA: Wisconsin, Dane county",WI,Homo sapiens,oronasopharynx,6/24/2020
MT750200,2020-07-13T00:00:00Z,Severe acute respiratory syndrome-related coronavirus,29782,"USA: Wisconsin, Dane county",WI,Homo sapiens,oronasopharynx,6/24/2020
MT750201,2020-07-13T00:00:00Z,Severe acute respiratory syndrome-related coronavirus,29782,"USA: Illinois, Cook county",IL,Homo sapiens,oronasopharynx,6/24/2020
MT750333,2020-07-13T00:00:00Z,Severe acute respiratory syndrome-related coronavirus,29806,USA: CA,CA,Homo sapiens,,6/3/2020
MT750334,2020-07-13T00:00:00Z,Severe acute respiratory syndrome-related coronavirus,29899,USA: CA,CA,Homo sapiens,,4/16/2020
MT750335,2020-07-13T00:00:00Z,Severe acute respiratory syndrome-related coronavirus,29900,USA: CA,CA,Homo sapiens,,4/16/2020
MT750336,2020-07-13T00:00:00Z,Severe acute respiratory syndrome-related coronavirus,29806,USA: CA,CA,Homo sapiens,,4/16/2020
MT750337,2020-07-13T00:00:00Z,Severe acute respiratory syndrome-related coronavirus,29835,USA: CA,CA,Homo sapiens,,4/16/2020
MT750338,2020-07-13T00:00:00Z,Severe acute respiratory syndrome-related coronavirus,29806,USA: CA,CA,Homo sapiens,,4/16/2020
MT750339,2020-07-13T00:00:00Z,Severe acute respiratory syndrome-related coronavirus,29901,USA: CA,CA,Homo sapiens,,4/16/2020
MT750340,2020-07-13T00:00:00Z,Severe acute respiratory syndrome-related coronavirus,29899,USA: CA,CA,Homo sapiens,,4/16/2020
MT750341,2020-07-13T00:00:00Z,Severe acute respiratory syndrome-related coronavirus,29825,USA: CA,CA,Homo sapiens,,4/16/2020
MT750342,2020-07-13T00:00:00Z,Severe acute respiratory syndrome-related coronavirus,29899,USA: CA,CA,Homo sapiens,,4/16/2020
MT750343,2020-07-13T00:00:00Z,Severe acute respiratory syndrome-related coronavirus,29899,USA: CA,CA,Homo sapiens,,4/16/2020
MT750344,2020-07-13T00:00:00Z,Severe acute respiratory syndrome-related coronavirus,29873,USA: CA,CA,Homo sapiens,,4/16/2020
MT750345,2020-07-13T00:00:00Z,Severe acute respiratory syndrome-related coronavirus,29782,USA: CA,CA,Homo sapiens,,4/22/2020
MT750346,2020-07-13T00:00:00Z,Severe acute respiratory syndrome-related coronavirus,29806,USA: CA,CA,Homo sapiens,,4/23/2020
MT750347,2020-07-13T00:00:00Z,Severe acute respiratory syndrome-related coronavirus,29806,USA: CA,CA,Homo sapiens,,4/23/2020
MT750348,2020-07-13T00:00:00Z,Severe acute respiratory syndrome-related coronavirus,29835,USA: CA,CA,Homo sapiens,,4/24/2020
MT750349,2020-07-13T00:00:00Z,Severe acute respiratory syndrome-related coronavirus,29806,USA: CA,CA,Homo sapiens,,4/24/2020
MT750350,2020-07-13T00:00:00Z,Severe acute respiratory syndrome-related coronavirus,29832,USA: CA,CA,Homo sapiens,,4/24/2020
MT750351,2020-07-13T00:00:00Z,Severe acute respiratory syndrome-related coronavirus,29806,USA: CA,CA,Homo sapiens,,4/24/2020
MT750352,2020-07-13T00:00:00Z,Severe acute respiratory syndrome-related coronavirus,29901,USA: CA,CA,Homo sapiens,,4/24/2020
MT750353,2020-07-13T00:00:00Z,Severe acute respiratory syndrome-related coronavirus,29903,USA: CA,CA,Homo sapiens,,4/24/2020
MT750354,2020-07-13T00:00:00Z,Severe acute respiratory syndrome-related coronavirus,29899,USA: CA,CA,Homo sapiens,,4/24/2020
MT750355,2020-07-13T00:00:00Z,Severe acute respiratory syndrome-related coronavirus,29858,USA: CA,CA,Homo sapiens,,4/24/2020
MT750356,2020-07-13T00:00:00Z,Severe acute respiratory syndrome-related coronavirus,29832,USA: CA,CA,Homo sapiens,,4/24/2020
MT750357,2020-07-13T00:00:00Z,Severe acute respiratory syndrome-related coronavirus,29893,USA: CA,CA,Homo sapiens,,4/24/2020
MT750358,2020-07-13T00:00:00Z,Severe acute respiratory syndrome-related coronavirus,29806,USA: CA,CA,Homo sapiens,,4/28/2020
MT750359,2020-07-13T00:00:00Z,Severe acute respiratory syndrome-related coronavirus,29806,USA: CA,CA,Homo sapiens,,4/28/2020
MT750360,2020-07-13T00:00:00Z,Severe acute respiratory syndrome-related coronavirus,29494,USA: CA,CA,Homo sapiens,,4/28/2020
MT750361,2020-07-13T00:00:00Z,Severe acute respiratory syndrome-related coronavirus,29806,USA: CA,CA,Homo sapiens,,4/27/2020
MT750362,2020-07-13T00:00:00Z,Severe acute respiratory syndrome-related coronavirus,29806,USA: CA,CA,Homo sapiens,,4/27/2020
MT750363,2020-07-13T00:00:00Z,Severe acute respiratory syndrome-related coronavirus,29833,USA: CA,CA,Homo sapiens,,4/24/2020
MT750364,2020-07-13T00:00:00Z,Severe acute respiratory syndrome-related coronavirus,29806,USA: CA,CA,Homo sapiens,,4/24/2020
MT750365,2020-07-13T00:00:00Z,Severe acute respiratory syndrome-related coronavirus,29806,USA: CA,CA,Homo sapiens,,4/25/2020
MT750366,2020-07-13T00:00:00Z,Severe acute respiratory syndrome-related coronavirus,29901,USA: CA,CA,Homo sapiens,,4/26/2020
MT750367,2020-07-13T00:00:00Z,Severe acute respiratory syndrome-related coronavirus,29901,USA: CA,CA,Homo sapiens,,4/26/2020
MT750368,2020-07-13T00:00:00Z,Severe acute respiratory syndrome-related coronavirus,29827,USA: CA,CA,Homo sapiens,,4/27/2020
MT750369,2020-07-13T00:00:00Z,Severe acute respiratory syndrome-related coronavirus,29806,USA: CA,CA,Homo sapiens,,4/27/2020
MT750370,2020-07-13T00:00:00Z,Severe acute respiratory syndrome-related coronavirus,29806,USA: CA,CA,Homo sapiens,,4/27/2020
MT750371,2020-07-13T00:00:00Z,Severe acute respiratory syndrome-related coronavirus,29819,USA: CA,CA,Homo sapiens,,4/27/2020
MT750372,2020-07-13T00:00:00Z,Severe acute respiratory syndrome-related coronavirus,29806,USA: CA,CA,Homo sapiens,,4/27/2020
MT750373,2020-07-13T00:00:00Z,Severe acute respiratory syndrome-related coronavirus,29898,USA: CA,CA,Homo sapiens,,4/28/2020
MT750374,2020-07-13T00:00:00Z,Severe acute respiratory syndrome-related coronavirus,29806,USA: CA,CA,Homo sapiens,,4/28/2020
MT750375,2020-07-13T00:00:00Z,Severe acute respiratory syndrome-related coronavirus,29806,USA: CA,CA,Homo sapiens,,4/28/2020
MT750376,2020-07-13T00:00:00Z,Severe acute respiratory syndrome-related coronavirus,29782,USA: CA,CA,Homo sapiens,,4/28/2020
MT750377,2020-07-13T00:00:00Z,Severe acute respiratory syndrome-related coronavirus,29806,USA: CA,CA,Homo sapiens,,4/28/2020
MT750378,2020-07-13T00:00:00Z,Severe acute respiratory syndrome-related coronavirus,29806,USA: CA,CA,Homo sapiens,,4/28/2020
MT750379,2020-07-13T00:00:00Z,Severe acute respiratory syndrome-related coronavirus,29806,USA: CA,CA,Homo sapiens,,4/28/2020
MT750380,2020-07-13T00:00:00Z,Severe acute respiratory syndrome-related coronavirus,29873,USA: CA,CA,Homo sapiens,,4/28/2020
MT750381,2020-07-13T00:00:00Z,Severe acute respiratory syndrome-related coronavirus,29806,USA: CA,CA,Homo sapiens,,4/28/2020
MT750382,2020-07-13T00:00:00Z,Severe acute respiratory syndrome-related coronavirus,29782,USA: CA,CA,Homo sapiens,,4/28/2020
MT750383,2020-07-13T00:00:00Z,Severe acute respiratory syndrome-related coronavirus,29834,USA: CA,CA,Homo sapiens,,4/28/2020
MT750384,2020-07-13T00:00:00Z,Severe acute respiratory syndrome-related coronavirus,29806,USA: CA,CA,Homo sapiens,,4/28/2020
MT750385,2020-07-13T00:00:00Z,Severe acute respiratory syndrome-related coronavirus,29903,USA: CA,CA,Homo sapiens,,4/29/2020
MT750386,2020-07-13T00:00:00Z,Severe acute respiratory syndrome-related coronavirus,29901,USA: CA,CA,Homo sapiens,,4/29/2020
MT750387,2020-07-13T00:00:00Z,Severe acute respiratory syndrome-related coronavirus,29891,USA: CA,CA,Homo sapiens,,4/17/2020
MT750388,2020-07-13T00:00:00Z,Severe acute respiratory syndrome-related coronavirus,29782,USA: CA,CA,Homo sapiens,,4/17/2020
MT750389,2020-07-13T00:00:00Z,Severe acute respiratory syndrome-related coronavirus,29806,USA: CA,CA,Homo sapiens,,4/17/2020
MT750390,2020-07-13T00:00:00Z,Severe acute respiratory syndrome-related coronavirus,29806,USA: CA,CA,Homo sapiens,,4/17/2020
MT750391,2020-07-13T00:00:00Z,Severe acute respiratory syndrome-related coronavirus,29806,USA: CA,CA,Homo sapiens,,4/17/2020
MT750392,2020-07-13T00:00:00Z,Severe acute respiratory syndrome-related coronavirus,29806,USA: CA,CA,Homo sapiens,,4/19/2020
MT750393,2020-07-13T00:00:00Z,Severe acute respiratory syndrome-related coronavirus,29900,USA: CA,CA,Homo sapiens,,4/20/2020
MT750394,2020-07-13T00:00:00Z,Severe acute respiratory syndrome-related coronavirus,29806,USA: CA,CA,Homo sapiens,,4/20/2020
MT750395,2020-07-13T00:00:00Z,Severe acute respiratory syndrome-related coronavirus,29898,USA: CA,CA,Homo sapiens,,4/21/2020
MT750396,2020-07-13T00:00:00Z,Severe acute respiratory syndrome-related coronavirus,29834,USA: CA,CA,Homo sapiens,,4/21/2020
MT750397,2020-07-13T00:00:00Z,Severe acute respiratory syndrome-related coronavirus,29826,USA: CA,CA,Homo sapiens,,4/22/2020
MT750398,2020-07-13T00:00:00Z,Severe acute respiratory syndrome-related coronavirus,29782,USA: CA,CA,Homo sapiens,,4/22/2020
MT750399,2020-07-13T00:00:00Z,Severe acute respiratory syndrome-related coronavirus,29494,USA: CA,CA,Homo sapiens,,4/22/2020
MT750400,2020-07-13T00:00:00Z,Severe acute respiratory syndrome-related coronavirus,29782,USA: CA,CA,Homo sapiens,,4/22/2020
MT750401,2020-07-13T00:00:00Z,Severe acute respiratory syndrome-related coronavirus,29806,USA: CA,CA,Homo sapiens,,4/22/2020
MT750402,2020-07-13T00:00:00Z,Severe acute respiratory syndrome-related coronavirus,29902,USA: CA,CA,Homo sapiens,,4/22/2020
MT750403,2020-07-13T00:00:00Z,Severe acute respiratory syndrome-related coronavirus,29806,USA: CA,CA,Homo sapiens,,4/22/2020
MT750404,2020-07-13T00:00:00Z,Severe acute respiratory syndrome-related coronavirus,29833,USA: CA,CA,Homo sapiens,,4/22/2020
MT750405,2020-07-13T00:00:00Z,Severe acute respiratory syndrome-related coronavirus,29834,USA: CA,CA,Homo sapiens,,4/22/2020
MT750406,2020-07-13T00:00:00Z,Severe acute respiratory syndrome-related coronavirus,29807,USA: CA,CA,Homo sapiens,,4/23/2020
MT750407,2020-07-13T00:00:00Z,Severe acute respiratory syndrome-related coronavirus,29873,USA: CA,CA,Homo sapiens,,4/23/2020
MT750408,2020-07-13T00:00:00Z,Severe acute respiratory syndrome-related coronavirus,29832,USA: CA,CA,Homo sapiens,,4/23/2020
MT750409,2020-07-13T00:00:00Z,Severe acute respiratory syndrome-related coronavirus,29806,USA: CA,CA,Homo sapiens,,4/23/2020
MT750410,2020-07-13T00:00:00Z,Severe acute respiratory syndrome-related coronavirus,29806,USA: CA,CA,Homo sapiens,,4/23/2020
MT750411,2020-07-13T00:00:00Z,Severe acute respiratory syndrome-related coronavirus,29806,USA: CA,CA,Homo sapiens,,4/15/2020
MT750412,2020-07-13T00:00:00Z,Severe acute respiratory syndrome-related coronavirus,29901,USA: CA,CA,Homo sapiens,,4/15/2020
MT750413,2020-07-13T00:00:00Z,Severe acute respiratory syndrome-related coronavirus,29797,USA: CA,CA,Homo sapiens,,5/4/2020
MT750414,2020-07-13T00:00:00Z,Severe acute respiratory syndrome-related coronavirus,29782,USA: CA,CA,Homo sapiens,,5/4/2020
MT750415,2020-07-13T00:00:00Z,Severe acute respiratory syndrome-related coronavirus,29806,USA: CA,CA,Homo sapiens,,5/5/2020
MT750416,2020-07-13T00:00:00Z,Severe acute respiratory syndrome-related coronavirus,29902,USA: CA,CA,Homo sapiens,,5/5/2020
MT750417,2020-07-13T00:00:00Z,Severe acute respiratory syndrome-related coronavirus,29806,USA: CA,CA,Homo sapiens,,5/6/2020
MT750418,2020-07-13T00:00:00Z,Severe acute respiratory syndrome-related coronavirus,29901,USA: CA,CA,Homo sapiens,,5/6/2020
MT750419,2020-07-13T00:00:00Z,Severe acute respiratory syndrome-related coronavirus,29873,USA: CA,CA,Homo sapiens,,5/6/2020
MT750420,2020-07-13T00:00:00Z,Severe acute respiratory syndrome-related coronavirus,29828,USA: CA,CA,Homo sapiens,,5/6/2020
MT750421,2020-07-13T00:00:00Z,Severe acute respiratory syndrome-related coronavirus,29901,USA: CA,CA,Homo sapiens,,5/6/2020
MT750422,2020-07-13T00:00:00Z,Severe acute respiratory syndrome-related coronavirus,29825,USA: CA,CA,Homo sapiens,,5/6/2020
MT750423,2020-07-13T00:00:00Z,Severe acute respiratory syndrome-related coronavirus,29902,USA: CA,CA,Homo sapiens,,5/6/2020
MT750424,2020-07-13T00:00:00Z,Severe acute respiratory syndrome-related coronavirus,29806,USA: CA,CA,Homo sapiens,,5/6/2020
MT750425,2020-07-13T00:00:00Z,Severe acute respiratory syndrome-related coronavirus,29832,USA: CA,CA,Homo sapiens,,5/6/2020
MT750426,2020-07-13T00:00:00Z,Severe acute respiratory syndrome-related coronavirus,29806,USA: CA,CA,Homo sapiens,,5/6/2020
MT750427,2020-07-13T00:00:00Z,Severe acute respiratory syndrome-related coronavirus,29797,USA: CA,CA,Homo sapiens,,5/7/2020
MT750428,2020-07-13T00:00:00Z,Severe acute respiratory syndrome-related coronavirus,29773,USA: CA,CA,Homo sapiens,,5/7/2020
MT750429,2020-07-13T00:00:00Z,Severe acute respiratory syndrome-related coronavirus,29819,USA: CA,CA,Homo sapiens,,5/7/2020
MT750430,2020-07-13T00:00:00Z,Severe acute respiratory syndrome-related coronavirus,29873,USA: CA,CA,Homo sapiens,,5/6/2020
MT750431,2020-07-13T00:00:00Z,Severe acute respiratory syndrome-related coronavirus,29806,USA: CA,CA,Homo sapiens,,5/6/2020
MT750432,2020-07-13T00:00:00Z,Severe acute respiratory syndrome-related coronavirus,29864,USA: CA,CA,Homo sapiens,,5/7/2020
MT750433,2020-07-13T00:00:00Z,Severe acute respiratory syndrome-related coronavirus,29901,USA: CA,CA,Homo sapiens,,4/29/2020
MT750434,2020-07-13T00:00:00Z,Severe acute respiratory syndrome-related coronavirus,29873,USA: CA,CA,Homo sapiens,,4/29/2020
MT750435,2020-07-13T00:00:00Z,Severe acute respiratory syndrome-related coronavirus,29782,USA: CA,CA,Homo sapiens,,4/30/2020
MT750436,2020-07-13T00:00:00Z,Severe acute respiratory syndrome-related coronavirus,29901,USA: CA,CA,Homo sapiens,,4/30/2020
MT750437,2020-07-13T00:00:00Z,Severe acute respiratory syndrome-related coronavirus,29873,USA: CA,CA,Homo sapiens,,4/30/2020
MT750438,2020-07-13T00:00:00Z,Severe acute respiratory syndrome-related coronavirus,29806,USA: CA,CA,Homo sapiens,,4/30/2020
MT750439,2020-07-13T00:00:00Z,Severe acute respiratory syndrome-related coronavirus,29903,USA: CA,CA,Homo sapiens,,4/30/2020
MT750440,2020-07-13T00:00:00Z,Severe acute respiratory syndrome-related coronavirus,29901,USA: CA,CA,Homo sapiens,,4/30/2020
MT750441,2020-07-13T00:00:00Z,Severe acute respiratory syndrome-related coronavirus,29835,USA: CA,CA,Homo sapiens,,4/30/2020
MT750442,2020-07-13T00:00:00Z,Severe acute respiratory syndrome-related coronavirus,29806,USA: CA,CA,Homo sapiens,,4/29/2020
MT750443,2020-07-13T00:00:00Z,Severe acute respiratory syndrome-related coronavirus,29806,USA: CA,CA,Homo sapiens,,5/1/2020
MT750444,2020-07-13T00:00:00Z,Severe acute respiratory syndrome-related coronavirus,29901,USA: CA,CA,Homo sapiens,,5/1/2020
MT750445,2020-07-13T00:00:00Z,Severe acute respiratory syndrome-related coronavirus,29806,USA: CA,CA,Homo sapiens,,5/1/2020
MT750446,2020-07-13T00:00:00Z,Severe acute respiratory syndrome-related coronavirus,29903,USA: CA,CA,Homo sapiens,,5/1/2020
MT750447,2020-07-13T00:00:00Z,Severe acute respiratory syndrome-related coronavirus,29806,USA: CA,CA,Homo sapiens,,5/3/2020
MT750448,2020-07-13T00:00:00Z,Severe acute respiratory syndrome-related coronavirus,29812,USA: CA,CA,Homo sapiens,,5/3/2020
MT750449,2020-07-13T00:00:00Z,Severe acute respiratory syndrome-related coronavirus,29806,USA: CA,CA,Homo sapiens,,5/4/2020
MT750450,2020-07-13T00:00:00Z,Severe acute respiratory syndrome-related coronavirus,29819,USA: CA,CA,Homo sapiens,,4/29/2020
MT750451,2020-07-13T00:00:00Z,Severe acute respiratory syndrome-related coronavirus,29891,USA: CA,CA,Homo sapiens,,5/8/2020
MT750452,2020-07-13T00:00:00Z,Severe acute respiratory syndrome-related coronavirus,29819,USA: CA,CA,Homo sapiens,,5/8/2020
MT750453,2020-07-13T00:00:00Z,Severe acute respiratory syndrome-related coronavirus,29806,USA: CA,CA,Homo sapiens,,5/11/2020
MT750454,2020-07-13T00:00:00Z,Severe acute respiratory syndrome-related coronavirus,29782,USA: CA,CA,Homo sapiens,,5/12/2020
MT750455,2020-07-13T00:00:00Z,Severe acute respiratory syndrome-related coronavirus,29901,USA: CA,CA,Homo sapiens,,5/13/2020
MT750456,2020-07-13T00:00:00Z,Severe acute respiratory syndrome-related coronavirus,29806,USA: CA,CA,Homo sapiens,,5/14/2020
MT750457,2020-07-13T00:00:00Z,Severe acute respiratory syndrome-related coronavirus,29836,USA: CA,CA,Homo sapiens,,5/15/2020
MT750458,2020-07-13T00:00:00Z,Severe acute respiratory syndrome-related coronavirus,29835,USA: CA,CA,Homo sapiens,,5/15/2020
MT750459,2020-07-13T00:00:00Z,Severe acute respiratory syndrome-related coronavirus,29806,USA: CA,CA,Homo sapiens,,4/11/2020
MT750460,2020-07-13T00:00:00Z,Severe acute respiratory syndrome-related coronavirus,29901,USA: CA,CA,Homo sapiens,,4/12/2020
MT750461,2020-07-13T00:00:00Z,Severe acute respiratory syndrome-related coronavirus,29820,USA: CA,CA,Homo sapiens,,4/19/2020
MT750462,2020-07-13T00:00:00Z,Severe acute respiratory syndrome-related coronavirus,29899,USA: CA,CA,Homo sapiens,,4/21/2020
MT750463,2020-07-13T00:00:00Z,Severe acute respiratory syndrome-related coronavirus,29899,USA: CA,CA,Homo sapiens,,4/21/2020
MT750464,2020-07-13T00:00:00Z,Severe acute respiratory syndrome-related coronavirus,29834,USA: CA,CA,Homo sapiens,,4/22/2020
MT750465,2020-07-13T00:00:00Z,Severe acute respiratory syndrome-related coronavirus,29903,USA: CA,CA,Homo sapiens,,4/22/2020
MT750466,2020-07-13T00:00:00Z,Severe acute respiratory syndrome-related coronavirus,29806,USA: CA,CA,Homo sapiens,,4/22/2020
MT750467,2020-07-13T00:00:00Z,Severe acute respiratory syndrome-related coronavirus,29899,USA: CA,CA,Homo sapiens,,4/22/2020
MT750468,2020-07-13T00:00:00Z,Severe acute respiratory syndrome-related coronavirus,29898,USA: CA,CA,Homo sapiens,,4/22/2020
MT750469,2020-07-13T00:00:00Z,Severe acute respiratory syndrome-related coronavirus,29900,USA: CA,CA,Homo sapiens,,4/22/2020
MT750470,2020-07-13T00:00:00Z,Severe acute respiratory syndrome-related coronavirus,29901,USA: CA,CA,Homo sapiens,,4/22/2020
MT750471,2020-07-13T00:00:00Z,Severe acute respiratory syndrome-related coronavirus,29835,USA: CA,CA,Homo sapiens,,4/24/2020
MT750472,2020-07-13T00:00:00Z,Severe acute respiratory syndrome-related coronavirus,29820,USA: CA,CA,Homo sapiens,,4/27/2020
MT750473,2020-07-13T00:00:00Z,Severe acute respiratory syndrome-related coronavirus,29806,USA: CA,CA,Homo sapiens,,4/30/2020
MT750474,2020-07-13T00:00:00Z,Severe acute respiratory syndrome-related coronavirus,29900,USA: CA,CA,Homo sapiens,,5/4/2020
MT750475,2020-07-13T00:00:00Z,Severe acute respiratory syndrome-related coronavirus,29899,USA: CA,CA,Homo sapiens,,5/4/2020
MT750476,2020-07-13T00:00:00Z,Severe acute respiratory syndrome-related coronavirus,29894,USA: CA,CA,Homo sapiens,,5/4/2020
MT750477,2020-07-13T00:00:00Z,Severe acute respiratory syndrome-related coronavirus,29902,USA: CA,CA,Homo sapiens,,5/4/2020
MT750478,2020-07-13T00:00:00Z,Severe acute respiratory syndrome-related coronavirus,29902,USA: CA,CA,Homo sapiens,,5/4/2020
MT750479,2020-07-13T00:00:00Z,Severe acute respiratory syndrome-related coronavirus,29806,USA: CA,CA,Homo sapiens,,5/4/2020
MT750480,2020-07-13T00:00:00Z,Severe acute respiratory syndrome-related coronavirus,29834,USA: CA,CA,Homo sapiens,,5/4/2020
MT750481,2020-07-13T00:00:00Z,Severe acute respiratory syndrome-related coronavirus,29806,USA: CA,CA,Homo sapiens,,5/4/2020
MT750482,2020-07-13T00:00:00Z,Severe acute respiratory syndrome-related coronavirus,29902,USA: CA,CA,Homo sapiens,,5/4/2020
MT750483,2020-07-13T00:00:00Z,Severe acute respiratory syndrome-related coronavirus,29831,USA: CA,CA,Homo sapiens,,5/4/2020
MT750484,2020-07-13T00:00:00Z,Severe acute respiratory syndrome-related coronavirus,29817,USA: CA,CA,Homo sapiens,,5/4/2020
MT750485,2020-07-13T00:00:00Z,Severe acute respiratory syndrome-related coronavirus,29899,USA: CA,CA,Homo sapiens,,5/4/2020
MT750486,2020-07-13T00:00:00Z,Severe acute respiratory syndrome-related coronavirus,29834,USA: CA,CA,Homo sapiens,,5/4/2020
MT750487,2020-07-13T00:00:00Z,Severe acute respiratory syndrome-related coronavirus,29872,USA: CA,CA,Homo sapiens,,5/6/2020
MT750488,2020-07-13T00:00:00Z,Severe acute respiratory syndrome-related coronavirus,29834,USA: CA,CA,Homo sapiens,,5/6/2020
MT750489,2020-07-13T00:00:00Z,Severe acute respiratory syndrome-related coronavirus,29782,USA: CA,CA,Homo sapiens,,5/7/2020
MT750490,2020-07-13T00:00:00Z,Severe acute respiratory syndrome-related coronavirus,29806,USA: CA,CA,Homo sapiens,,5/7/2020
MT750491,2020-07-13T00:00:00Z,Severe acute respiratory syndrome-related coronavirus,29810,USA: CA,CA,Homo sapiens,,5/9/2020
MT750492,2020-07-13T00:00:00Z,Severe acute respiratory syndrome-related coronavirus,29899,USA: CA,CA,Homo sapiens,,4/26/2020
MT750493,2020-07-13T00:00:00Z,Severe acute respiratory syndrome-related coronavirus,29832,USA: CA,CA,Homo sapiens,,4/26/2020
MT750494,2020-07-13T00:00:00Z,Severe acute respiratory syndrome-related coronavirus,29768,USA: CA,CA,Homo sapiens,,5/15/2020
MT750495,2020-07-13T00:00:00Z,Severe acute respiratory syndrome-related coronavirus,29807,USA: CA,CA,Homo sapiens,,5/15/2020
MT750496,2020-07-13T00:00:00Z,Severe acute respiratory syndrome-related coronavirus,29782,USA: CA,CA,Homo sapiens,,5/15/2020
MT750497,2020-07-13T00:00:00Z,Severe acute respiratory syndrome-related coronavirus,29806,USA: CA,CA,Homo sapiens,,5/20/2020
MT750498,2020-07-13T00:00:00Z,Severe acute respiratory syndrome-related coronavirus,29782,USA: CA,CA,Homo sapiens,,5/20/2020
MT750499,2020-07-13T00:00:00Z,Severe acute respiratory syndrome-related coronavirus,29782,USA: CA,CA,Homo sapiens,,5/13/2020
MT750500,2020-07-13T00:00:00Z,Severe acute respiratory syndrome-related coronavirus,29899,USA: CA,CA,Homo sapiens,,5/13/2020
MT750501,2020-07-13T00:00:00Z,Severe acute respiratory syndrome-related coronavirus,29902,USA: CA,CA,Homo sapiens,,5/13/2020
MT750502,2020-07-13T00:00:00Z,Severe acute respiratory syndrome-related coronavirus,29806,USA: CA,CA,Homo sapiens,,5/13/2020
MT750503,2020-07-13T00:00:00Z,Severe acute respiratory syndrome-related coronavirus,29782,USA: CA,CA,Homo sapiens,,5/22/2020
MT750504,2020-07-13T00:00:00Z,Severe acute respiratory syndrome-related coronavirus,29899,USA: CA,CA,Homo sapiens,,5/22/2020
MT750505,2020-07-13T00:00:00Z,Severe acute respiratory syndrome-related coronavirus,29835,USA: CA,CA,Homo sapiens,,5/22/2020
MT750506,2020-07-13T00:00:00Z,Severe acute respiratory syndrome-related coronavirus,29782,USA: CA,CA,Homo sapiens,,5/22/2020
MT750507,2020-07-13T00:00:00Z,Severe acute respiratory syndrome-related coronavirus,29887,USA: CA,CA,Homo sapiens,,5/22/2020
MT750508,2020-07-13T00:00:00Z,Severe acute respiratory syndrome-related coronavirus,29782,USA: CA,CA,Homo sapiens,,5/22/2020
MT750509,2020-07-13T00:00:00Z,Severe acute respiratory syndrome-related coronavirus,29899,USA: CA,CA,Homo sapiens,,5/23/2020
MT750510,2020-07-13T00:00:00Z,Severe acute respiratory syndrome-related coronavirus,29828,USA: CA,CA,Homo sapiens,,5/21/2020
MT742087,2020-07-10T00:00:00Z,Severe acute respiratory syndrome-related coronavirus,29864,USA: MD,MD,Homo sapiens,oronasopharynx,4/1/2020
MT742088,2020-07-10T00:00:00Z,Severe acute respiratory syndrome-related coronavirus,29818,USA: MD,MD,Homo sapiens,oronasopharynx,4/1/2020
MT742089,2020-07-10T00:00:00Z,Severe acute respiratory syndrome-related coronavirus,29865,USA: MD,MD,Homo sapiens,oronasopharynx,4/1/2020
MT742090,2020-07-10T00:00:00Z,Severe acute respiratory syndrome-related coronavirus,29815,USA: MD,MD,Homo sapiens,oronasopharynx,4/7/2020
MT742091,2020-07-10T00:00:00Z,Severe acute respiratory syndrome-related coronavirus,29862,USA: MD,MD,Homo sapiens,oronasopharynx,4/7/2020
MT742092,2020-07-10T00:00:00Z,Severe acute respiratory syndrome-related coronavirus,29846,USA: MD,MD,Homo sapiens,oronasopharynx,4/9/2020
MT739425,2020-07-09T00:00:00Z,Severe acute respiratory syndrome-related coronavirus,29889,USA: Virginia,VA,Homo sapiens,,2020-03
MT739426,2020-07-09T00:00:00Z,Severe acute respiratory syndrome-related coronavirus,29902,USA: Virginia,VA,Homo sapiens,,2020-03
MT739427,2020-07-09T00:00:00Z,Severe acute respiratory syndrome-related coronavirus,29899,USA: Virginia,VA,Homo sapiens,,2020-03
MT739428,2020-07-09T00:00:00Z,Severe acute respiratory syndrome-related coronavirus,29873,USA: Virginia,VA,Homo sapiens,,2020-03
MT739429,2020-07-09T00:00:00Z,Severe acute respiratory syndrome-related coronavirus,29863,USA: Virginia,VA,Homo sapiens,,2020-03
MT739430,2020-07-09T00:00:00Z,Severe acute respiratory syndrome-related coronavirus,29899,USA: Virginia,VA,Homo sapiens,,2020-03
MT739431,2020-07-09T00:00:00Z,Severe acute respiratory syndrome-related coronavirus,29901,USA: Virginia,VA,Homo sapiens,,2020-03
MT739432,2020-07-09T00:00:00Z,Severe acute respiratory syndrome-related coronavirus,29866,USA: Virginia,VA,Homo sapiens,,2020-03
MT739433,2020-07-09T00:00:00Z,Severe acute respiratory syndrome-related coronavirus,29903,USA: Virginia,VA,Homo sapiens,,2020-03
MT739434,2020-07-09T00:00:00Z,Severe acute respiratory syndrome-related coronavirus,29866,USA: Virginia,VA,Homo sapiens,,2020-03
MT739435,2020-07-09T00:00:00Z,Severe acute respiratory syndrome-related coronavirus,29896,USA: Virginia,VA,Homo sapiens,,2020-03
MT739436,2020-07-09T00:00:00Z,Severe acute respiratory syndrome-related coronavirus,29879,USA: Virginia,VA,Homo sapiens,,2020-03
MT739437,2020-07-09T00:00:00Z,Severe acute respiratory syndrome-related coronavirus,29847,USA: Virginia,VA,Homo sapiens,,2020-03
MT739438,2020-07-09T00:00:00Z,Severe acute respiratory syndrome-related coronavirus,29899,USA: Virginia,VA,Homo sapiens,,2020-03
MT739439,2020-07-09T00:00:00Z,Severe acute respiratory syndrome-related coronavirus,29875,USA: Virginia,VA,Homo sapiens,,2020-03
MT739440,2020-07-09T00:00:00Z,Severe acute respiratory syndrome-related coronavirus,29834,USA: Virginia,VA,Homo sapiens,,2020-03
MT739441,2020-07-09T00:00:00Z,Severe acute respiratory syndrome-related coronavirus,29899,USA: Virginia,VA,Homo sapiens,,2020-03
MT739442,2020-07-09T00:00:00Z,Severe acute respiratory syndrome-related coronavirus,29849,USA: Virginia,VA,Homo sapiens,,2020-03
MT739443,2020-07-09T00:00:00Z,Severe acute respiratory syndrome-related coronavirus,29864,USA: Virginia,VA,Homo sapiens,,2020-03
MT739444,2020-07-09T00:00:00Z,Severe acute respiratory syndrome-related coronavirus,29833,USA: Virginia,VA,Homo sapiens,,2020-03
MT739445,2020-07-09T00:00:00Z,Severe acute respiratory syndrome-related coronavirus,29839,USA: Virginia,VA,Homo sapiens,,2020-03
MT739446,2020-07-09T00:00:00Z,Severe acute respiratory syndrome-related coronavirus,29863,USA: Virginia,VA,Homo sapiens,,2020-03
MT739447,2020-07-09T00:00:00Z,Severe acute respiratory syndrome-related coronavirus,29865,USA: Virginia,VA,Homo sapiens,,2020-03
MT739448,2020-07-09T00:00:00Z,Severe acute respiratory syndrome-related coronavirus,29838,USA: Virginia,VA,Homo sapiens,,2020-03
MT739449,2020-07-09T00:00:00Z,Severe acute respiratory syndrome-related coronavirus,29872,USA: Virginia,VA,Homo sapiens,,2020-03
MT739450,2020-07-09T00:00:00Z,Severe acute respiratory syndrome-related coronavirus,29870,USA: Virginia,VA,Homo sapiens,,2020-03
MT739451,2020-07-09T00:00:00Z,Severe acute respiratory syndrome-related coronavirus,29866,USA: Virginia,VA,Homo sapiens,,2020-03
MT739452,2020-07-09T00:00:00Z,Severe acute respiratory syndrome-related coronavirus,29865,USA: Virginia,VA,Homo sapiens,,2020-03
MT739453,2020-07-09T00:00:00Z,Severe acute respiratory syndrome-related coronavirus,29867,USA: Virginia,VA,Homo sapiens,,2020-03
MT739454,2020-07-09T00:00:00Z,Severe acute respiratory syndrome-related coronavirus,29862,USA: Virginia,VA,Homo sapiens,,2020-03
MT739455,2020-07-09T00:00:00Z,Severe acute respiratory syndrome-related coronavirus,29846,USA: Virginia,VA,Homo sapiens,,2020-03
MT739456,2020-07-09T00:00:00Z,Severe acute respiratory syndrome-related coronavirus,29869,USA: Virginia,VA,Homo sapiens,,2020-03
MT739457,2020-07-09T00:00:00Z,Severe acute respiratory syndrome-related coronavirus,29876,USA: Virginia,VA,Homo sapiens,,2020-03
MT739458,2020-07-09T00:00:00Z,Severe acute respiratory syndrome-related coronavirus,29897,USA: Virginia,VA,Homo sapiens,,2020-03
MT739459,2020-07-09T00:00:00Z,Severe acute respiratory syndrome-related coronavirus,29850,USA: Virginia,VA,Homo sapiens,,2020-03
MT739460,2020-07-09T00:00:00Z,Severe acute respiratory syndrome-related coronavirus,29867,USA: Virginia,VA,Homo sapiens,,2020-03
MT739461,2020-07-09T00:00:00Z,Severe acute respiratory syndrome-related coronavirus,29853,USA: Virginia,VA,Homo sapiens,,2020-03
MT739462,2020-07-09T00:00:00Z,Severe acute respiratory syndrome-related coronavirus,29871,USA: Virginia,VA,Homo sapiens,,2020-03
MT739463,2020-07-09T00:00:00Z,Severe acute respiratory syndrome-related coronavirus,29830,USA: Virginia,VA,Homo sapiens,,2020-03
MT739464,2020-07-09T00:00:00Z,Severe acute respiratory syndrome-related coronavirus,29832,USA: Virginia,VA,Homo sapiens,,2020-03
MT739465,2020-07-09T00:00:00Z,Severe acute respiratory syndrome-related coronavirus,29897,USA: Virginia,VA,Homo sapiens,,2020-03
MT739466,2020-07-09T00:00:00Z,Severe acute respiratory syndrome-related coronavirus,29901,USA: Virginia,VA,Homo sapiens,,2020-03
MT739467,2020-07-09T00:00:00Z,Severe acute respiratory syndrome-related coronavirus,29892,USA: Virginia,VA,Homo sapiens,,2020-03
MT739468,2020-07-09T00:00:00Z,Severe acute respiratory syndrome-related coronavirus,29865,USA: Virginia,VA,Homo sapiens,,2020-03
MT739469,2020-07-09T00:00:00Z,Severe acute respiratory syndrome-related coronavirus,29887,USA: Virginia,VA,Homo sapiens,,2020-03
MT739470,2020-07-09T00:00:00Z,Severe acute respiratory syndrome-related coronavirus,29834,USA: Virginia,VA,Homo sapiens,,2020-03
MT739471,2020-07-09T00:00:00Z,Severe acute respiratory syndrome-related coronavirus,29868,USA: Virginia,VA,Homo sapiens,,2020-03
MT739472,2020-07-09T00:00:00Z,Severe acute respiratory syndrome-related coronavirus,29844,USA: Virginia,VA,Homo sapiens,,2020-03
MT739473,2020-07-09T00:00:00Z,Severe acute respiratory syndrome-related coronavirus,29887,USA: Virginia,VA,Homo sapiens,,2020-03
MT739474,2020-07-09T00:00:00Z,Severe acute respiratory syndrome-related coronavirus,29881,USA: Virginia,VA,Homo sapiens,,2020-03
MT739475,2020-07-09T00:00:00Z,Severe acute respiratory syndrome-related coronavirus,29865,USA: Virginia,VA,Homo sapiens,,2020-03
MT739476,2020-07-09T00:00:00Z,Severe acute respiratory syndrome-related coronavirus,29834,USA: Virginia,VA,Homo sapiens,,2020-03
MT739477,2020-07-09T00:00:00Z,Severe acute respiratory syndrome-related coronavirus,29868,USA: Virginia,VA,Homo sapiens,,2020-03
MT712859,2020-07-07T00:00:00Z,Severe acute respiratory syndrome-related coronavirus,29891,"USA: CA, Alameda",CA,Homo sapiens,,5/15/2020
MT712860,2020-07-07T00:00:00Z,Severe acute respiratory syndrome-related coronavirus,29892,"USA: CA, Alameda",CA,Homo sapiens,,5/11/2020
MT712861,2020-07-07T00:00:00Z,Severe acute respiratory syndrome-related coronavirus,29892,"USA: CA, Alameda",CA,Homo sapiens,,5/15/2020
MT712862,2020-07-07T00:00:00Z,Severe acute respiratory syndrome-related coronavirus,29892,"USA: CA, Alameda",CA,Homo sapiens,,4/24/2020
MT712863,2020-07-07T00:00:00Z,Severe acute respiratory syndrome-related coronavirus,29892,"USA: CA, Alameda",CA,Homo sapiens,,4/29/2020
MT706132,2020-07-06T00:00:00Z,Severe acute respiratory syndrome-related coronavirus,29843,"USA: Wisconsin, Dane County",WI,Homo sapiens,oronasopharynx,3/15/2020
MT706133,2020-07-06T00:00:00Z,Severe acute respiratory syndrome-related coronavirus,29782,USA: Wisconsin,WI,Homo sapiens,oronasopharynx,3/15/2020
MT706134,2020-07-06T00:00:00Z,Severe acute respiratory syndrome-related coronavirus,29782,USA: Wisconsin,WI,Homo sapiens,oronasopharynx,3/16/2020
MT706135,2020-07-06T00:00:00Z,Severe acute respiratory syndrome-related coronavirus,29782,USA: Wisconsin,WI,Homo sapiens,oronasopharynx,3/15/2020
MT706136,2020-07-06T00:00:00Z,Severe acute respiratory syndrome-related coronavirus,29782,USA: Wisconsin,WI,Homo sapiens,oronasopharynx,3/16/2020
MT706137,2020-07-06T00:00:00Z,Severe acute respiratory syndrome-related coronavirus,29782,USA: Wisconsin,WI,Homo sapiens,oronasopharynx,3/16/2020
MT706138,2020-07-06T00:00:00Z,Severe acute respiratory syndrome-related coronavirus,29782,USA: Wisconsin,WI,Homo sapiens,oronasopharynx,3/14/2020
MT706139,2020-07-06T00:00:00Z,Severe acute respiratory syndrome-related coronavirus,29611,USA: Wisconsin,WI,Homo sapiens,oronasopharynx,3/13/2020
MT706140,2020-07-06T00:00:00Z,Severe acute respiratory syndrome-related coronavirus,29782,USA: Wisconsin,WI,Homo sapiens,oronasopharynx,3/17/2020
MT706141,2020-07-06T00:00:00Z,Severe acute respiratory syndrome-related coronavirus,29782,USA: Wisconsin,WI,Homo sapiens,oronasopharynx,3/16/2020
MT706142,2020-07-06T00:00:00Z,Severe acute respiratory syndrome-related coronavirus,29782,USA: Wisconsin,WI,Homo sapiens,oronasopharynx,3/16/2020
MT706143,2020-07-06T00:00:00Z,Severe acute respiratory syndrome-related coronavirus,29782,USA: Wisconsin,WI,Homo sapiens,oronasopharynx,3/13/2020
MT706144,2020-07-06T00:00:00Z,Severe acute respiratory syndrome-related coronavirus,29782,USA: Wisconsin,WI,Homo sapiens,oronasopharynx,3/17/2020
MT706145,2020-07-06T00:00:00Z,Severe acute respiratory syndrome-related coronavirus,29782,USA: Wisconsin,WI,Homo sapiens,oronasopharynx,3/15/2020
MT706146,2020-07-06T00:00:00Z,Severe acute respiratory syndrome-related coronavirus,29782,"USA: Wisconsin, Dane County",WI,Homo sapiens,oronasopharynx,3/23/2020
MT706147,2020-07-06T00:00:00Z,Severe acute respiratory syndrome-related coronavirus,29611,"USA: Wisconsin, Dane County",WI,Homo sapiens,oronasopharynx,3/24/2020
MT706148,2020-07-06T00:00:00Z,Severe acute respiratory syndrome-related coronavirus,29782,"USA: Wisconsin, Dane County",WI,Homo sapiens,oronasopharynx,3/25/2020
MT706149,2020-07-06T00:00:00Z,Severe acute respiratory syndrome-related coronavirus,29782,"USA: Wisconsin, Dane County",WI,Homo sapiens,oronasopharynx,3/25/2020
MT706150,2020-07-06T00:00:00Z,Severe acute respiratory syndrome-related coronavirus,29782,"USA: Wisconsin, Dane County",WI,Homo sapiens,oronasopharynx,3/24/2020
MT706151,2020-07-06T00:00:00Z,Severe acute respiratory syndrome-related coronavirus,29782,"USA: Wisconsin, Columbia county",WI,Homo sapiens,oronasopharynx,3/26/2020
MT706152,2020-07-06T00:00:00Z,Severe acute respiratory syndrome-related coronavirus,29782,"USA: Wisconsin, Dane County",WI,Homo sapiens,oronasopharynx,3/25/2020
MT706153,2020-07-06T00:00:00Z,Severe acute respiratory syndrome-related coronavirus,29782,"USA: Wisconsin, Dane County",WI,Homo sapiens,oronasopharynx,3/24/2020
MT706154,2020-07-06T00:00:00Z,Severe acute respiratory syndrome-related coronavirus,29782,"USA: Wisconsin, Dane County",WI,Homo sapiens,oronasopharynx,3/23/2020
MT706155,2020-07-06T00:00:00Z,Severe acute respiratory syndrome-related coronavirus,29782,"USA: Wisconsin, Dane County",WI,Homo sapiens,oronasopharynx,3/26/2020
MT706156,2020-07-06T00:00:00Z,Severe acute respiratory syndrome-related coronavirus,29782,"USA: Wisconsin, Dane County",WI,Homo sapiens,oronasopharynx,3/24/2020
MT706157,2020-07-06T00:00:00Z,Severe acute respiratory syndrome-related coronavirus,29782,"USA: Wisconsin, Rock county",WI,Homo sapiens,oronasopharynx,3/25/2020
MT706158,2020-07-06T00:00:00Z,Severe acute respiratory syndrome-related coronavirus,29782,"USA: Wisconsin, Dane County",WI,Homo sapiens,oronasopharynx,3/22/2020
MT706159,2020-07-06T00:00:00Z,Severe acute respiratory syndrome-related coronavirus,29782,"USA: Wisconsin, Dane County",WI,Homo sapiens,oronasopharynx,3/25/2020
MT706160,2020-07-06T00:00:00Z,Severe acute respiratory syndrome-related coronavirus,29782,"USA: Wisconsin, Dane County",WI,Homo sapiens,oronasopharynx,3/22/2020
MT706161,2020-07-06T00:00:00Z,Severe acute respiratory syndrome-related coronavirus,29782,"USA: Wisconsin, Dane County",WI,Homo sapiens,oronasopharynx,3/24/2020
MT706162,2020-07-06T00:00:00Z,Severe acute respiratory syndrome-related coronavirus,29782,"USA: Wisconsin, Dane County",WI,Homo sapiens,oronasopharynx,3/25/2020
MT706163,2020-07-06T00:00:00Z,Severe acute respiratory syndrome-related coronavirus,29782,"USA: Wisconsin, Dane County",WI,Homo sapiens,oronasopharynx,3/18/2020
MT706164,2020-07-06T00:00:00Z,Severe acute respiratory syndrome-related coronavirus,29782,"USA: Wisconsin, Dane County",WI,Homo sapiens,oronasopharynx,3/19/2020
MT706165,2020-07-06T00:00:00Z,Severe acute respiratory syndrome-related coronavirus,29782,"USA: Wisconsin, Dane County",WI,Homo sapiens,oronasopharynx,3/17/2020
MT706166,2020-07-06T00:00:00Z,Severe acute respiratory syndrome-related coronavirus,29782,"USA: Wisconsin, Dane County",WI,Homo sapiens,oronasopharynx,3/22/2020
MT706167,2020-07-06T00:00:00Z,Severe acute respiratory syndrome-related coronavirus,29782,"USA: Wisconsin, Dane County",WI,Homo sapiens,oronasopharynx,3/22/2020
MT706168,2020-07-06T00:00:00Z,Severe acute respiratory syndrome-related coronavirus,29782,"USA: Wisconsin, Chippewa county",WI,Homo sapiens,oronasopharynx,3/19/2020
MT706169,2020-07-06T00:00:00Z,Severe acute respiratory syndrome-related coronavirus,29782,"USA: Wisconsin, Dane County",WI,Homo sapiens,oronasopharynx,3/25/2020
MT706170,2020-07-06T00:00:00Z,Severe acute respiratory syndrome-related coronavirus,29782,"USA: Wisconsin, Dane County",WI,Homo sapiens,oronasopharynx,3/25/2020
MT706171,2020-07-06T00:00:00Z,Severe acute respiratory syndrome-related coronavirus,29782,"USA: Wisconsin, Green county",WI,Homo sapiens,oronasopharynx,3/25/2020
MT706172,2020-07-06T00:00:00Z,Severe acute respiratory syndrome-related coronavirus,29782,"USA: Wisconsin, Dane County",WI,Homo sapiens,oronasopharynx,3/20/2020
MT706173,2020-07-06T00:00:00Z,Severe acute respiratory syndrome-related coronavirus,29782,"USA: Wisconsin, Dane County",WI,Homo sapiens,oronasopharynx,3/18/2020
MT706174,2020-07-06T00:00:00Z,Severe acute respiratory syndrome-related coronavirus,29782,"USA: Wisconsin, Dane County",WI,Homo sapiens,oronasopharynx,3/18/2020
MT706175,2020-07-06T00:00:00Z,Severe acute respiratory syndrome-related coronavirus,29782,"USA: Wisconsin, Dane County",WI,Homo sapiens,oronasopharynx,3/20/2020
MT706176,2020-07-06T00:00:00Z,Severe acute respiratory syndrome-related coronavirus,29782,"USA: Wisconsin, Dane County",WI,Homo sapiens,oronasopharynx,3/23/2020
MT706177,2020-07-06T00:00:00Z,Severe acute respiratory syndrome-related coronavirus,29782,"USA: Wisconsin, Dane County",WI,Homo sapiens,oronasopharynx,3/18/2020
MT706178,2020-07-06T00:00:00Z,Severe acute respiratory syndrome-related coronavirus,29782,"USA: Wisconsin, Lafayette county",WI,Homo sapiens,oronasopharynx,3/19/2020
MT706179,2020-07-06T00:00:00Z,Severe acute respiratory syndrome-related coronavirus,29782,"USA: Wisconsin, Dane County",WI,Homo sapiens,oronasopharynx,3/23/2020
MT706180,2020-07-06T00:00:00Z,Severe acute respiratory syndrome-related coronavirus,29782,"USA: Wisconsin, Dane County",WI,Homo sapiens,oronasopharynx,3/24/2020
MT706181,2020-07-06T00:00:00Z,Severe acute respiratory syndrome-related coronavirus,29782,"USA: Wisconsin, Dane County",WI,Homo sapiens,oronasopharynx,3/19/2020
MT706182,2020-07-06T00:00:00Z,Severe acute respiratory syndrome-related coronavirus,29782,"USA: Wisconsin, Dane County",WI,Homo sapiens,oronasopharynx,3/23/2020
MT706183,2020-07-06T00:00:00Z,Severe acute respiratory syndrome-related coronavirus,29782,"USA: Wisconsin, Dane County",WI,Homo sapiens,oronasopharynx,3/25/2020
MT706184,2020-07-06T00:00:00Z,Severe acute respiratory syndrome-related coronavirus,29782,"USA: Wisconsin, Dane County",WI,Homo sapiens,oronasopharynx,3/24/2020
MT706185,2020-07-06T00:00:00Z,Severe acute respiratory syndrome-related coronavirus,29782,"USA: Wisconsin, Dane County",WI,Homo sapiens,oronasopharynx,3/24/2020
MT706186,2020-07-06T00:00:00Z,Severe acute respiratory syndrome-related coronavirus,29782,"USA: Wisconsin, Dane County",WI,Homo sapiens,oronasopharynx,3/22/2020
MT706187,2020-07-06T00:00:00Z,Severe acute respiratory syndrome-related coronavirus,29782,"USA: Wisconsin, Dane County",WI,Homo sapiens,oronasopharynx,3/24/2020
MT706188,2020-07-06T00:00:00Z,Severe acute respiratory syndrome-related coronavirus,29782,"USA: Wisconsin, Dane County",WI,Homo sapiens,oronasopharynx,3/25/2020
MT706189,2020-07-06T00:00:00Z,Severe acute respiratory syndrome-related coronavirus,29782,"USA: Wisconsin, Dane County",WI,Homo sapiens,oronasopharynx,3/24/2020
MT706190,2020-07-06T00:00:00Z,Severe acute respiratory syndrome-related coronavirus,29782,"USA: Wisconsin, Dane County",WI,Homo sapiens,oronasopharynx,3/19/2020
MT706191,2020-07-06T00:00:00Z,Severe acute respiratory syndrome-related coronavirus,29782,"USA: Wisconsin, Dane County",WI,Homo sapiens,oronasopharynx,3/19/2020
MT706192,2020-07-06T00:00:00Z,Severe acute respiratory syndrome-related coronavirus,29782,"USA: Wisconsin, Dane County",WI,Homo sapiens,oronasopharynx,3/24/2020
MT706193,2020-07-06T00:00:00Z,Severe acute respiratory syndrome-related coronavirus,29782,"USA: Wisconsin, Dane County",WI,Homo sapiens,oronasopharynx,3/25/2020
MT706194,2020-07-06T00:00:00Z,Severe acute respiratory syndrome-related coronavirus,29782,"USA: Wisconsin, Dane County",WI,Homo sapiens,oronasopharynx,3/24/2020
MT706195,2020-07-06T00:00:00Z,Severe acute respiratory syndrome-related coronavirus,29782,"USA: Wisconsin, Dane County",WI,Homo sapiens,oronasopharynx,3/20/2020
MT706196,2020-07-06T00:00:00Z,Severe acute respiratory syndrome-related coronavirus,29782,"USA: Wisconsin, Dane County",WI,Homo sapiens,oronasopharynx,3/26/2020
MT706197,2020-07-06T00:00:00Z,Severe acute respiratory syndrome-related coronavirus,29782,"USA: Wisconsin, Dane County",WI,Homo sapiens,oronasopharynx,3/22/2020
MT706198,2020-07-06T00:00:00Z,Severe acute respiratory syndrome-related coronavirus,29782,"USA: Wisconsin, Dane County",WI,Homo sapiens,oronasopharynx,3/19/2020
MT706199,2020-07-06T00:00:00Z,Severe acute respiratory syndrome-related coronavirus,29782,"USA: Wisconsin, Dane County",WI,Homo sapiens,oronasopharynx,3/24/2020
MT706200,2020-07-06T00:00:00Z,Severe acute respiratory syndrome-related coronavirus,29782,"USA: Wisconsin, Dane County",WI,Homo sapiens,oronasopharynx,3/23/2020
MT706201,2020-07-06T00:00:00Z,Severe acute respiratory syndrome-related coronavirus,29782,"USA: Wisconsin, Dane County",WI,Homo sapiens,oronasopharynx,3/24/2020
MT706202,2020-07-06T00:00:00Z,Severe acute respiratory syndrome-related coronavirus,29782,"USA: Wisconsin, Dane County",WI,Homo sapiens,oronasopharynx,3/25/2020
MT706203,2020-07-06T00:00:00Z,Severe acute respiratory syndrome-related coronavirus,29782,"USA: Wisconsin, Dane County",WI,Homo sapiens,oronasopharynx,3/25/2020
MT706204,2020-07-06T00:00:00Z,Severe acute respiratory syndrome-related coronavirus,29782,"USA: Wisconsin, Columbia county",WI,Homo sapiens,oronasopharynx,3/25/2020
MT706205,2020-07-06T00:00:00Z,Severe acute respiratory syndrome-related coronavirus,29782,"USA: Wisconsin, Dane County",WI,Homo sapiens,oronasopharynx,3/24/2020
MT706206,2020-07-06T00:00:00Z,Severe acute respiratory syndrome-related coronavirus,29782,"USA: Wisconsin, Dane County",WI,Homo sapiens,oronasopharynx,4/2/2020
MT706207,2020-07-06T00:00:00Z,Severe acute respiratory syndrome-related coronavirus,29782,"USA: Wisconsin, Dane County",WI,Homo sapiens,oronasopharynx,4/2/2020
MT706208,2020-07-06T00:00:00Z,Severe acute respiratory syndrome-related coronavirus,29782,"USA: Wisconsin, Dane County",WI,Homo sapiens,oronasopharynx,4/2/2020
MT706209,2020-07-06T00:00:00Z,Severe acute respiratory syndrome-related coronavirus,29782,"USA: Wisconsin, Dane County",WI,Homo sapiens,oronasopharynx,4/5/2020
MT706210,2020-07-06T00:00:00Z,Severe acute respiratory syndrome-related coronavirus,29782,"USA: Wisconsin, Dane County",WI,Homo sapiens,oronasopharynx,3/31/2020
MT706211,2020-07-06T00:00:00Z,Severe acute respiratory syndrome-related coronavirus,29611,"USA: Wisconsin, Dane County",WI,Homo sapiens,oronasopharynx,4/1/2020
MT706212,2020-07-06T00:00:00Z,Severe acute respiratory syndrome-related coronavirus,29782,"USA: Wisconsin, Dane County",WI,Homo sapiens,oronasopharynx,3/30/2020
MT706213,2020-07-06T00:00:00Z,Severe acute respiratory syndrome-related coronavirus,29782,"USA: Wisconsin, Dane County",WI,Homo sapiens,oronasopharynx,4/4/2020
MT706214,2020-07-06T00:00:00Z,Severe acute respiratory syndrome-related coronavirus,29782,"USA: Wisconsin, Dane County",WI,Homo sapiens,oronasopharynx,3/30/2020
MT706215,2020-07-06T00:00:00Z,Severe acute respiratory syndrome-related coronavirus,29782,"USA: Wisconsin, Dane County",WI,Homo sapiens,oronasopharynx,3/30/2020
MT706216,2020-07-06T00:00:00Z,Severe acute respiratory syndrome-related coronavirus,29782,"USA: Wisconsin, Dane County",WI,Homo sapiens,oronasopharynx,4/1/2020
MT706217,2020-07-06T00:00:00Z,Severe acute respiratory syndrome-related coronavirus,29611,"USA: Wisconsin, Dane County",WI,Homo sapiens,oronasopharynx,3/30/2020
MT706218,2020-07-06T00:00:00Z,Severe acute respiratory syndrome-related coronavirus,29782,"USA: Wisconsin, Dane County",WI,Homo sapiens,oronasopharynx,3/31/2020
MT706219,2020-07-06T00:00:00Z,Severe acute respiratory syndrome-related coronavirus,29782,"USA: Wisconsin, Dane County",WI,Homo sapiens,oronasopharynx,4/2/2020
MT706220,2020-07-06T00:00:00Z,Severe acute respiratory syndrome-related coronavirus,29782,"USA: Wisconsin, Dane County",WI,Homo sapiens,oronasopharynx,4/3/2020
MT706221,2020-07-06T00:00:00Z,Severe acute respiratory syndrome-related coronavirus,29782,"USA: Wisconsin, Dane County",WI,Homo sapiens,oronasopharynx,3/31/2020
MT706222,2020-07-06T00:00:00Z,Severe acute respiratory syndrome-related coronavirus,29782,"USA: Wisconsin, Dane County",WI,Homo sapiens,oronasopharynx,3/30/2020
MT706223,2020-07-06T00:00:00Z,Severe acute respiratory syndrome-related coronavirus,29782,"USA: Wisconsin, Dane County",WI,Homo sapiens,oronasopharynx,4/3/2020
MT706224,2020-07-06T00:00:00Z,Severe acute respiratory syndrome-related coronavirus,29782,"USA: Wisconsin, Sauk county",WI,Homo sapiens,oronasopharynx,4/4/2020
MT706225,2020-07-06T00:00:00Z,Severe acute respiratory syndrome-related coronavirus,29782,"USA: Wisconsin, Dane County",WI,Homo sapiens,oronasopharynx,3/30/2020
MT706226,2020-07-06T00:00:00Z,Severe acute respiratory syndrome-related coronavirus,29782,"USA: Wisconsin, Dane County",WI,Homo sapiens,oronasopharynx,3/30/2020
MT706227,2020-07-06T00:00:00Z,Severe acute respiratory syndrome-related coronavirus,29782,"USA: Wisconsin, Dane County",WI,Homo sapiens,oronasopharynx,3/31/2020
MT706228,2020-07-06T00:00:00Z,Severe acute respiratory syndrome-related coronavirus,29782,"USA: Wisconsin, Dane County",WI,Homo sapiens,oronasopharynx,3/30/2020
MT706229,2020-07-06T00:00:00Z,Severe acute respiratory syndrome-related coronavirus,29782,"USA: Wisconsin, Dane County",WI,Homo sapiens,oronasopharynx,3/30/2020
MT706230,2020-07-06T00:00:00Z,Severe acute respiratory syndrome-related coronavirus,29782,"USA: Wisconsin, Dane County",WI,Homo sapiens,oronasopharynx,3/31/2020
MT706231,2020-07-06T00:00:00Z,Severe acute respiratory syndrome-related coronavirus,29782,"USA: Wisconsin, Dane County",WI,Homo sapiens,oronasopharynx,3/31/2020
MT706232,2020-07-06T00:00:00Z,Severe acute respiratory syndrome-related coronavirus,29782,"USA: Wisconsin, Dane County",WI,Homo sapiens,oronasopharynx,3/30/2020
MT706233,2020-07-06T00:00:00Z,Severe acute respiratory syndrome-related coronavirus,29782,"USA: Colorado, El Paso county",CO,Homo sapiens,oronasopharynx,3/31/2020
MT706234,2020-07-06T00:00:00Z,Severe acute respiratory syndrome-related coronavirus,29782,"USA: Wisconsin, Dane County",WI,Homo sapiens,oronasopharynx,3/30/2020
MT706235,2020-07-06T00:00:00Z,Severe acute respiratory syndrome-related coronavirus,29782,"USA: Wisconsin, Dane County",WI,Homo sapiens,oronasopharynx,3/31/2020
MT706236,2020-07-06T00:00:00Z,Severe acute respiratory syndrome-related coronavirus,29782,"USA: Wisconsin, Dane County",WI,Homo sapiens,oronasopharynx,3/30/2020
MT706237,2020-07-06T00:00:00Z,Severe acute respiratory syndrome-related coronavirus,29782,"USA: Wisconsin, Dane County",WI,Homo sapiens,oronasopharynx,3/30/2020
MT706238,2020-07-06T00:00:00Z,Severe acute respiratory syndrome-related coronavirus,29782,"USA: Wisconsin, Sauk county",WI,Homo sapiens,oronasopharynx,3/25/2020
MT706239,2020-07-06T00:00:00Z,Severe acute respiratory syndrome-related coronavirus,29782,"USA: Wisconsin, Dane County",WI,Homo sapiens,oronasopharynx,4/10/2020
MT706240,2020-07-06T00:00:00Z,Severe acute respiratory syndrome-related coronavirus,29782,"USA: Wisconsin, Dane County",WI,Homo sapiens,oronasopharynx,4/13/2020
MT706241,2020-07-06T00:00:00Z,Severe acute respiratory syndrome-related coronavirus,29782,"USA: Iowa, Dubuque county",IA,Homo sapiens,oronasopharynx,4/11/2020
MT706242,2020-07-06T00:00:00Z,Severe acute respiratory syndrome-related coronavirus,29613,"USA: Wisconsin, Dane County",WI,Homo sapiens,oronasopharynx,4/7/2020
MT706243,2020-07-06T00:00:00Z,Severe acute respiratory syndrome-related coronavirus,29782,USA: Wisconsin,WI,Homo sapiens,oronasopharynx,3/13/2020
MT706244,2020-07-06T00:00:00Z,Severe acute respiratory syndrome-related coronavirus,29782,USA: Wisconsin,WI,Homo sapiens,oronasopharynx,3/14/2020
MT706245,2020-07-06T00:00:00Z,Severe acute respiratory syndrome-related coronavirus,29782,USA: Wisconsin,WI,Homo sapiens,oronasopharynx,3/24/2020
MT706246,2020-07-06T00:00:00Z,Severe acute respiratory syndrome-related coronavirus,29782,USA: Wisconsin,WI,Homo sapiens,oronasopharynx,3/26/2020
MT706247,2020-07-06T00:00:00Z,Severe acute respiratory syndrome-related coronavirus,29782,USA: Wisconsin,WI,Homo sapiens,oronasopharynx,4/1/2020
MT706248,2020-07-06T00:00:00Z,Severe acute respiratory syndrome-related coronavirus,29782,USA: Wisconsin,WI,Homo sapiens,oronasopharynx,4/2/2020
MT706249,2020-07-06T00:00:00Z,Severe acute respiratory syndrome-related coronavirus,29782,USA: Wisconsin,WI,Homo sapiens,oronasopharynx,4/6/2020
MT706250,2020-07-06T00:00:00Z,Severe acute respiratory syndrome-related coronavirus,29782,USA: Wisconsin,WI,Homo sapiens,oronasopharynx,4/6/2020
MT706251,2020-07-06T00:00:00Z,Severe acute respiratory syndrome-related coronavirus,29782,"USA: Illinois, Winnebago county",IL,Homo sapiens,oronasopharynx,4/11/2020
MT706252,2020-07-06T00:00:00Z,Severe acute respiratory syndrome-related coronavirus,29782,"USA: Wisconsin, Dane County",WI,Homo sapiens,oronasopharynx,4/7/2020
MT706253,2020-07-06T00:00:00Z,Severe acute respiratory syndrome-related coronavirus,29782,"USA: Illinois, Winnebago county",IL,Homo sapiens,oronasopharynx,4/7/2020
MT706254,2020-07-06T00:00:00Z,Severe acute respiratory syndrome-related coronavirus,29782,"USA: Illinois, Winnebago county",IL,Homo sapiens,oronasopharynx,4/11/2020
MT706255,2020-07-06T00:00:00Z,Severe acute respiratory syndrome-related coronavirus,29782,"USA: Wisconsin, Dane County",WI,Homo sapiens,oronasopharynx,4/7/2020
MT706256,2020-07-06T00:00:00Z,Severe acute respiratory syndrome-related coronavirus,29782,"USA: Wisconsin, Dane County",WI,Homo sapiens,oronasopharynx,4/7/2020
MT706257,2020-07-06T00:00:00Z,Severe acute respiratory syndrome-related coronavirus,29782,"USA: Wisconsin, Dane County",WI,Homo sapiens,oronasopharynx,4/6/2020
MT706258,2020-07-06T00:00:00Z,Severe acute respiratory syndrome-related coronavirus,29782,"USA: Illinois, Winnebago County",IL,Homo sapiens,oronasopharynx,4/13/2020
MT706259,2020-07-06T00:00:00Z,Severe acute respiratory syndrome-related coronavirus,29782,"USA: Wisconsin, Richland county",WI,Homo sapiens,oronasopharynx,4/8/2020
MT706260,2020-07-06T00:00:00Z,Severe acute respiratory syndrome-related coronavirus,29782,"USA: Wisconsin, Rock county",WI,Homo sapiens,oronasopharynx,4/10/2020
MT706261,2020-07-06T00:00:00Z,Severe acute respiratory syndrome-related coronavirus,29782,"USA: Illinois, Winnebago county",IL,Homo sapiens,oronasopharynx,4/12/2020
MT706262,2020-07-06T00:00:00Z,Severe acute respiratory syndrome-related coronavirus,29782,USA: Wisconsin,WI,Homo sapiens,oronasopharynx,4/13/2020
MT706263,2020-07-06T00:00:00Z,Severe acute respiratory syndrome-related coronavirus,29782,"USA: Wisconsin, Dane County",WI,Homo sapiens,oronasopharynx,4/9/2020
MT706264,2020-07-06T00:00:00Z,Severe acute respiratory syndrome-related coronavirus,29782,"USA: Wisconsin, Grant county",WI,Homo sapiens,oronasopharynx,4/9/2020
MT706265,2020-07-06T00:00:00Z,Severe acute respiratory syndrome-related coronavirus,29782,"USA: Illinois, Winnebago county",IL,Homo sapiens,oronasopharynx,4/9/2020
MT706266,2020-07-06T00:00:00Z,Severe acute respiratory syndrome-related coronavirus,29782,"USA: Illinois, Winnebago county",IL,Homo sapiens,oronasopharynx,4/12/2020
MT706267,2020-07-06T00:00:00Z,Severe acute respiratory syndrome-related coronavirus,29782,"USA: Illinois, Winnebago county",IL,Homo sapiens,oronasopharynx,4/12/2020
MT706268,2020-07-06T00:00:00Z,Severe acute respiratory syndrome-related coronavirus,29782,"USA: Wisconsin, Dane County",WI,Homo sapiens,oronasopharynx,4/9/2020
MT706269,2020-07-06T00:00:00Z,Severe acute respiratory syndrome-related coronavirus,29782,"USA: Illinois, Winnebago county",IL,Homo sapiens,oronasopharynx,4/7/2020
MT706270,2020-07-06T00:00:00Z,Severe acute respiratory syndrome-related coronavirus,29782,"USA: Illinois, Winnebago county",IL,Homo sapiens,oronasopharynx,4/10/2020
MT706271,2020-07-06T00:00:00Z,Severe acute respiratory syndrome-related coronavirus,29782,"USA: Illinois, Winnebago county",IL,Homo sapiens,oronasopharynx,4/13/2020
MT706272,2020-07-06T00:00:00Z,Severe acute respiratory syndrome-related coronavirus,29782,"USA: Wisconsin, Dane County",WI,Homo sapiens,oronasopharynx,4/6/2020
MT706273,2020-07-06T00:00:00Z,Severe acute respiratory syndrome-related coronavirus,29782,"USA: Wisconsin, Dane County",WI,Homo sapiens,oronasopharynx,4/10/2020
MT706274,2020-07-06T00:00:00Z,Severe acute respiratory syndrome-related coronavirus,29782,"USA: Wisconsin, Dane County",WI,Homo sapiens,oronasopharynx,4/6/2020
MT706275,2020-07-06T00:00:00Z,Severe acute respiratory syndrome-related coronavirus,29782,"USA: Wisconsin, Dane County",WI,Homo sapiens,oronasopharynx,4/10/2020
MT706276,2020-07-06T00:00:00Z,Severe acute respiratory syndrome-related coronavirus,29782,"USA: Wisconsin, Dane County",WI,Homo sapiens,oronasopharynx,4/7/2020
MT706277,2020-07-06T00:00:00Z,Severe acute respiratory syndrome-related coronavirus,29782,"USA: Illinois, Winnebago county",IL,Homo sapiens,oronasopharynx,4/7/2020
MT706278,2020-07-06T00:00:00Z,Severe acute respiratory syndrome-related coronavirus,29782,"USA: Wisconsin, Dane County",WI,Homo sapiens,oronasopharynx,4/13/2020
MT706279,2020-07-06T00:00:00Z,Severe acute respiratory syndrome-related coronavirus,29782,"USA: Wisconsin, Dane County",WI,Homo sapiens,oronasopharynx,4/8/2020
MT706280,2020-07-06T00:00:00Z,Severe acute respiratory syndrome-related coronavirus,29782,"USA: Wisconsin, Dane County",WI,Homo sapiens,oronasopharynx,4/6/2020
MT706281,2020-07-06T00:00:00Z,Severe acute respiratory syndrome-related coronavirus,29782,"USA: Wisconsin, Dane County",WI,Homo sapiens,oronasopharynx,4/9/2020
MT706282,2020-07-06T00:00:00Z,Severe acute respiratory syndrome-related coronavirus,29782,"USA: Wisconsin, Monroe county",WI,Homo sapiens,oronasopharynx,4/12/2020
MT706283,2020-07-06T00:00:00Z,Severe acute respiratory syndrome-related coronavirus,29782,"USA: Wisconsin, Dane County",WI,Homo sapiens,oronasopharynx,4/10/2020
MT706284,2020-07-06T00:00:00Z,Severe acute respiratory syndrome-related coronavirus,29782,"USA: Wisconsin, Milwaukee county",WI,Homo sapiens,oronasopharynx,3/25/2020
MT706285,2020-07-06T00:00:00Z,Severe acute respiratory syndrome-related coronavirus,29782,"USA: Wisconsin, Milwaukee county",WI,Homo sapiens,oronasopharynx,3/15/2020
MT706286,2020-07-06T00:00:00Z,Severe acute respiratory syndrome-related coronavirus,29782,"USA: Wisconsin, Milwaukee county",WI,Homo sapiens,oronasopharynx,3/15/2020
MT706287,2020-07-06T00:00:00Z,Severe acute respiratory syndrome-related coronavirus,29782,"USA: Wisconsin, Milwaukee county",WI,Homo sapiens,oronasopharynx,3/15/2020
MT706288,2020-07-06T00:00:00Z,Severe acute respiratory syndrome-related coronavirus,29782,"USA: Wisconsin, Milwaukee county",WI,Homo sapiens,oronasopharynx,3/15/2020
MT706289,2020-07-06T00:00:00Z,Severe acute respiratory syndrome-related coronavirus,29782,"USA: Wisconsin, Milwaukee county",WI,Homo sapiens,oronasopharynx,3/29/2020
MT706290,2020-07-06T00:00:00Z,Severe acute respiratory syndrome-related coronavirus,29782,"USA: Wisconsin, Milwaukee county",WI,Homo sapiens,oronasopharynx,3/29/2020
MT706291,2020-07-06T00:00:00Z,Severe acute respiratory syndrome-related coronavirus,29782,"USA: Wisconsin, Waukesha county",WI,Homo sapiens,oronasopharynx,3/16/2020
MT706292,2020-07-06T00:00:00Z,Severe acute respiratory syndrome-related coronavirus,29782,"USA: Wisconsin, Waukesha county",WI,Homo sapiens,oronasopharynx,3/16/2020
MT706293,2020-07-06T00:00:00Z,Severe acute respiratory syndrome-related coronavirus,29782,"USA: Wisconsin, Milwaukee county",WI,Homo sapiens,oronasopharynx,3/17/2020
MT706294,2020-07-06T00:00:00Z,Severe acute respiratory syndrome-related coronavirus,29782,"USA: Wisconsin, Milwaukee county",WI,Homo sapiens,oronasopharynx,3/17/2020
MT706295,2020-07-06T00:00:00Z,Severe acute respiratory syndrome-related coronavirus,29782,"USA: Wisconsin, Waukesha county",WI,Homo sapiens,oronasopharynx,3/18/2020
MT706296,2020-07-06T00:00:00Z,Severe acute respiratory syndrome-related coronavirus,29782,"USA: Wisconsin, Milwaukee county",WI,Homo sapiens,oronasopharynx,3/19/2020
MT706297,2020-07-06T00:00:00Z,Severe acute respiratory syndrome-related coronavirus,29782,"USA: Wisconsin, Ozaukee county",WI,Homo sapiens,oronasopharynx,3/19/2020
MT706298,2020-07-06T00:00:00Z,Severe acute respiratory syndrome-related coronavirus,29782,"USA: Wisconsin, Milwaukee county",WI,Homo sapiens,oronasopharynx,3/19/2020
MT706299,2020-07-06T00:00:00Z,Severe acute respiratory syndrome-related coronavirus,29782,"USA: Wisconsin, Milwaukee county",WI,Homo sapiens,oronasopharynx,3/19/2020
MT706300,2020-07-06T00:00:00Z,Severe acute respiratory syndrome-related coronavirus,29782,"USA: Wisconsin, Milwaukee county",WI,Homo sapiens,oronasopharynx,3/19/2020
MT706301,2020-07-06T00:00:00Z,Severe acute respiratory syndrome-related coronavirus,29782,"USA: Wisconsin, Milwaukee county",WI,Homo sapiens,oronasopharynx,3/20/2020
MT706302,2020-07-06T00:00:00Z,Severe acute respiratory syndrome-related coronavirus,29782,"USA: Wisconsin, Ozaukee county",WI,Homo sapiens,oronasopharynx,3/20/2020
MT706303,2020-07-06T00:00:00Z,Severe acute respiratory syndrome-related coronavirus,29782,"USA: Wisconsin, Ozaukee county",WI,Homo sapiens,oronasopharynx,3/20/2020
MT706304,2020-07-06T00:00:00Z,Severe acute respiratory syndrome-related coronavirus,29782,"USA: Wisconsin, Milwaukee county",WI,Homo sapiens,oronasopharynx,3/20/2020
MT706305,2020-07-06T00:00:00Z,Severe acute respiratory syndrome-related coronavirus,29782,"USA: Wisconsin, Milwaukee county",WI,Homo sapiens,oronasopharynx,3/20/2020
MT706306,2020-07-06T00:00:00Z,Severe acute respiratory syndrome-related coronavirus,29782,"USA: Wisconsin, Milwaukee county",WI,Homo sapiens,oronasopharynx,3/20/2020
MT706307,2020-07-06T00:00:00Z,Severe acute respiratory syndrome-related coronavirus,29782,"USA: Wisconsin, Milwaukee county",WI,Homo sapiens,oronasopharynx,3/21/2020
MT706308,2020-07-06T00:00:00Z,Severe acute respiratory syndrome-related coronavirus,29782,"USA: Wisconsin, Ozaukee county",WI,Homo sapiens,oronasopharynx,3/21/2020
MT706309,2020-07-06T00:00:00Z,Severe acute respiratory syndrome-related coronavirus,29782,"USA: Wisconsin, Milwaukee county",WI,Homo sapiens,oronasopharynx,3/22/2020
MT706310,2020-07-06T00:00:00Z,Severe acute respiratory syndrome-related coronavirus,29782,"USA: Wisconsin, Milwaukee county",WI,Homo sapiens,oronasopharynx,3/22/2020
MT706311,2020-07-06T00:00:00Z,Severe acute respiratory syndrome-related coronavirus,29782,"USA: Wisconsin, Milwaukee county",WI,Homo sapiens,oronasopharynx,3/22/2020
MT706312,2020-07-06T00:00:00Z,Severe acute respiratory syndrome-related coronavirus,29782,"USA: Wisconsin, Milwaukee county",WI,Homo sapiens,oronasopharynx,3/22/2020
MT706313,2020-07-06T00:00:00Z,Severe acute respiratory syndrome-related coronavirus,29782,"USA: Wisconsin, Milwaukee county",WI,Homo sapiens,oronasopharynx,3/22/2020
MT706314,2020-07-06T00:00:00Z,Severe acute respiratory syndrome-related coronavirus,29782,"USA: Wisconsin, Milwaukee county",WI,Homo sapiens,oronasopharynx,3/23/2020
MT706315,2020-07-06T00:00:00Z,Severe acute respiratory syndrome-related coronavirus,29782,"USA: Wisconsin, Milwaukee county",WI,Homo sapiens,oronasopharynx,3/23/2020
MT706316,2020-07-06T00:00:00Z,Severe acute respiratory syndrome-related coronavirus,29782,"USA: Wisconsin, Milwaukee county",WI,Homo sapiens,oronasopharynx,3/23/2020
MT706317,2020-07-06T00:00:00Z,Severe acute respiratory syndrome-related coronavirus,29782,"USA: Wisconsin, Milwaukee county",WI,Homo sapiens,oronasopharynx,3/23/2020
MT706318,2020-07-06T00:00:00Z,Severe acute respiratory syndrome-related coronavirus,29782,"USA: Wisconsin, Milwaukee county",WI,Homo sapiens,oronasopharynx,3/23/2020
MT706319,2020-07-06T00:00:00Z,Severe acute respiratory syndrome-related coronavirus,29782,"USA: Wisconsin, Milwaukee county",WI,Homo sapiens,oronasopharynx,3/23/2020
MT706320,2020-07-06T00:00:00Z,Severe acute respiratory syndrome-related coronavirus,29782,"USA: Wisconsin, Milwaukee county",WI,Homo sapiens,oronasopharynx,3/23/2020
MT706321,2020-07-06T00:00:00Z,Severe acute respiratory syndrome-related coronavirus,29782,"USA: Wisconsin, Washington county",WI,Homo sapiens,oronasopharynx,3/23/2020
MT706322,2020-07-06T00:00:00Z,Severe acute respiratory syndrome-related coronavirus,29782,"USA: Wisconsin, Ozaukee county",WI,Homo sapiens,oronasopharynx,3/24/2020
MT706323,2020-07-06T00:00:00Z,Severe acute respiratory syndrome-related coronavirus,29782,"USA: Wisconsin, Milwaukee county",WI,Homo sapiens,oronasopharynx,3/24/2020
MT706324,2020-07-06T00:00:00Z,Severe acute respiratory syndrome-related coronavirus,29782,"USA: Wisconsin, Milwaukee county",WI,Homo sapiens,oronasopharynx,3/21/2020
MT706325,2020-07-06T00:00:00Z,Severe acute respiratory syndrome-related coronavirus,29782,"USA: Wisconsin, Milwaukee county",WI,Homo sapiens,oronasopharynx,3/24/2020
MT706326,2020-07-06T00:00:00Z,Severe acute respiratory syndrome-related coronavirus,29782,"USA: Wisconsin, Waukesha county",WI,Homo sapiens,oronasopharynx,3/24/2020
MT706327,2020-07-06T00:00:00Z,Severe acute respiratory syndrome-related coronavirus,29782,"USA: Wisconsin, Waukesha county",WI,Homo sapiens,oronasopharynx,3/24/2020
MT706328,2020-07-06T00:00:00Z,Severe acute respiratory syndrome-related coronavirus,29782,"USA: Wisconsin, Milwaukee county",WI,Homo sapiens,oronasopharynx,3/24/2020
MT706329,2020-07-06T00:00:00Z,Severe acute respiratory syndrome-related coronavirus,29782,"USA: Wisconsin, Ozaukee county",WI,Homo sapiens,oronasopharynx,3/25/2020
MT706330,2020-07-06T00:00:00Z,Severe acute respiratory syndrome-related coronavirus,29782,"USA: Wisconsin, Ozaukee county",WI,Homo sapiens,oronasopharynx,3/25/2020
MT706331,2020-07-06T00:00:00Z,Severe acute respiratory syndrome-related coronavirus,29782,"USA: Wisconsin, Ozaukee county",WI,Homo sapiens,oronasopharynx,3/25/2020
MT706332,2020-07-06T00:00:00Z,Severe acute respiratory syndrome-related coronavirus,29782,"USA: Wisconsin, Fond du Lac county",WI,Homo sapiens,oronasopharynx,3/25/2020
MT706333,2020-07-06T00:00:00Z,Severe acute respiratory syndrome-related coronavirus,29782,"USA: Wisconsin, Milwaukee county",WI,Homo sapiens,oronasopharynx,3/25/2020
MT706334,2020-07-06T00:00:00Z,Severe acute respiratory syndrome-related coronavirus,29782,"USA: Wisconsin, Ozaukee county",WI,Homo sapiens,oronasopharynx,3/25/2020
MT706335,2020-07-06T00:00:00Z,Severe acute respiratory syndrome-related coronavirus,29782,"USA: Wisconsin, Milwaukee county",WI,Homo sapiens,oronasopharynx,3/23/2020
MT706336,2020-07-06T00:00:00Z,Severe acute respiratory syndrome-related coronavirus,29782,"USA: Wisconsin, Milwaukee county",WI,Homo sapiens,oronasopharynx,3/25/2020
MT706337,2020-07-06T00:00:00Z,Severe acute respiratory syndrome-related coronavirus,29782,"USA: Wisconsin, Milwaukee county",WI,Homo sapiens,oronasopharynx,3/25/2020
MT706338,2020-07-06T00:00:00Z,Severe acute respiratory syndrome-related coronavirus,29782,"USA: Wisconsin, Milwaukee county",WI,Homo sapiens,oronasopharynx,3/24/2020
MT706339,2020-07-06T00:00:00Z,Severe acute respiratory syndrome-related coronavirus,29782,"USA: Wisconsin, Milwaukee county",WI,Homo sapiens,oronasopharynx,3/25/2020
MT706340,2020-07-06T00:00:00Z,Severe acute respiratory syndrome-related coronavirus,29782,"USA: Wisconsin, Milwaukee county",WI,Homo sapiens,oronasopharynx,3/25/2020
MT706341,2020-07-06T00:00:00Z,Severe acute respiratory syndrome-related coronavirus,29782,"USA: Wisconsin, Milwaukee county",WI,Homo sapiens,oronasopharynx,3/25/2020
MT706342,2020-07-06T00:00:00Z,Severe acute respiratory syndrome-related coronavirus,29782,"USA: Wisconsin, Ozaukee county",WI,Homo sapiens,oronasopharynx,3/25/2020
MT706343,2020-07-06T00:00:00Z,Severe acute respiratory syndrome-related coronavirus,29782,"USA: Wisconsin, Milwaukee county",WI,Homo sapiens,oronasopharynx,3/25/2020
MT706344,2020-07-06T00:00:00Z,Severe acute respiratory syndrome-related coronavirus,29782,"USA: Wisconsin, Milwaukee county",WI,Homo sapiens,oronasopharynx,3/25/2020
MT706345,2020-07-06T00:00:00Z,Severe acute respiratory syndrome-related coronavirus,29782,"USA: Wisconsin, Milwaukee county",WI,Homo sapiens,oronasopharynx,3/25/2020
MT706346,2020-07-06T00:00:00Z,Severe acute respiratory syndrome-related coronavirus,29782,"USA: Wisconsin, Milwaukee county",WI,Homo sapiens,oronasopharynx,3/25/2020
MT706347,2020-07-06T00:00:00Z,Severe acute respiratory syndrome-related coronavirus,29782,"USA: Wisconsin, Milwaukee county",WI,Homo sapiens,oronasopharynx,3/25/2020
MT706348,2020-07-06T00:00:00Z,Severe acute respiratory syndrome-related coronavirus,29782,"USA: Wisconsin, Ozaukee county",WI,Homo sapiens,oronasopharynx,3/25/2020
MT706349,2020-07-06T00:00:00Z,Severe acute respiratory syndrome-related coronavirus,29782,"USA: Wisconsin, Milwaukee county",WI,Homo sapiens,oronasopharynx,3/25/2020
MT706350,2020-07-06T00:00:00Z,Severe acute respiratory syndrome-related coronavirus,29782,"USA: Wisconsin, Milwaukee county",WI,Homo sapiens,oronasopharynx,3/25/2020
MT706351,2020-07-06T00:00:00Z,Severe acute respiratory syndrome-related coronavirus,29782,"USA: Wisconsin, Milwaukee county",WI,Homo sapiens,oronasopharynx,3/26/2020
MT706352,2020-07-06T00:00:00Z,Severe acute respiratory syndrome-related coronavirus,29782,"USA: Wisconsin, Waukesha county",WI,Homo sapiens,oronasopharynx,3/26/2020
MT706353,2020-07-06T00:00:00Z,Severe acute respiratory syndrome-related coronavirus,29782,"USA: Wisconsin, Milwaukee county",WI,Homo sapiens,oronasopharynx,3/26/2020
MT706354,2020-07-06T00:00:00Z,Severe acute respiratory syndrome-related coronavirus,29782,"USA: Wisconsin, Milwaukee county",WI,Homo sapiens,oronasopharynx,3/26/2020
MT706355,2020-07-06T00:00:00Z,Severe acute respiratory syndrome-related coronavirus,29782,"USA: Wisconsin, Milwaukee county",WI,Homo sapiens,oronasopharynx,3/26/2020
MT706356,2020-07-06T00:00:00Z,Severe acute respiratory syndrome-related coronavirus,29782,"USA: Wisconsin, Milwaukee county",WI,Homo sapiens,oronasopharynx,3/26/2020
MT706357,2020-07-06T00:00:00Z,Severe acute respiratory syndrome-related coronavirus,29782,"USA: Wisconsin, Milwaukee county",WI,Homo sapiens,oronasopharynx,3/26/2020
MT706358,2020-07-06T00:00:00Z,Severe acute respiratory syndrome-related coronavirus,29782,"USA: Wisconsin, Milwaukee county",WI,Homo sapiens,oronasopharynx,3/26/2020
MT706359,2020-07-06T00:00:00Z,Severe acute respiratory syndrome-related coronavirus,29782,"USA: Wisconsin, Milwaukee county",WI,Homo sapiens,oronasopharynx,3/26/2020
MT706360,2020-07-06T00:00:00Z,Severe acute respiratory syndrome-related coronavirus,29782,"USA: Wisconsin, Milwaukee county",WI,Homo sapiens,oronasopharynx,3/27/2020
MT706361,2020-07-06T00:00:00Z,Severe acute respiratory syndrome-related coronavirus,29782,"USA: Wisconsin, Milwaukee county",WI,Homo sapiens,oronasopharynx,3/27/2020
MT706362,2020-07-06T00:00:00Z,Severe acute respiratory syndrome-related coronavirus,29782,"USA: Wisconsin, Milwaukee county",WI,Homo sapiens,oronasopharynx,3/26/2020
MT706363,2020-07-06T00:00:00Z,Severe acute respiratory syndrome-related coronavirus,29782,"USA: Wisconsin, Milwaukee county",WI,Homo sapiens,oronasopharynx,3/28/2020
MT706364,2020-07-06T00:00:00Z,Severe acute respiratory syndrome-related coronavirus,29782,"USA: Wisconsin, Milwaukee county",WI,Homo sapiens,oronasopharynx,3/27/2020
MT706365,2020-07-06T00:00:00Z,Severe acute respiratory syndrome-related coronavirus,29782,"USA: Wisconsin, Milwaukee county",WI,Homo sapiens,oronasopharynx,3/27/2020
MT706366,2020-07-06T00:00:00Z,Severe acute respiratory syndrome-related coronavirus,29782,"USA: Wisconsin, Milwaukee county",WI,Homo sapiens,oronasopharynx,3/27/2020
MT706367,2020-07-06T00:00:00Z,Severe acute respiratory syndrome-related coronavirus,29782,"USA: Wisconsin, Ozaukee county",WI,Homo sapiens,oronasopharynx,3/27/2020
MT706368,2020-07-06T00:00:00Z,Severe acute respiratory syndrome-related coronavirus,29782,"USA: Wisconsin, Milwaukee county",WI,Homo sapiens,oronasopharynx,3/27/2020
MT706369,2020-07-06T00:00:00Z,Severe acute respiratory syndrome-related coronavirus,29782,"USA: Wisconsin, Milwaukee county",WI,Homo sapiens,oronasopharynx,3/27/2020
MT706370,2020-07-06T00:00:00Z,Severe acute respiratory syndrome-related coronavirus,29782,"USA: Wisconsin, Milwaukee county",WI,Homo sapiens,oronasopharynx,3/28/2020
MT706371,2020-07-06T00:00:00Z,Severe acute respiratory syndrome-related coronavirus,29782,"USA: Wisconsin, Ozaukee county",WI,Homo sapiens,oronasopharynx,3/28/2020
MT706372,2020-07-06T00:00:00Z,Severe acute respiratory syndrome-related coronavirus,29782,"USA: Wisconsin, Ozaukee county",WI,Homo sapiens,oronasopharynx,3/28/2020
MT706373,2020-07-06T00:00:00Z,Severe acute respiratory syndrome-related coronavirus,29782,"USA: Wisconsin, Milwaukee county",WI,Homo sapiens,oronasopharynx,3/28/2020
MT706374,2020-07-06T00:00:00Z,Severe acute respiratory syndrome-related coronavirus,29782,"USA: Wisconsin, Ozaukee county",WI,Homo sapiens,oronasopharynx,3/28/2020
MT706375,2020-07-06T00:00:00Z,Severe acute respiratory syndrome-related coronavirus,29782,"USA: Wisconsin, Milwaukee county",WI,Homo sapiens,oronasopharynx,3/28/2020
MT706376,2020-07-06T00:00:00Z,Severe acute respiratory syndrome-related coronavirus,29782,"USA: Wisconsin, Racine county",WI,Homo sapiens,oronasopharynx,3/16/2020
MT706377,2020-07-06T00:00:00Z,Severe acute respiratory syndrome-related coronavirus,29611,"USA: Wisconsin, Dane County",WI,Homo sapiens,oronasopharynx,4/17/2020
MT706378,2020-07-06T00:00:00Z,Severe acute respiratory syndrome-related coronavirus,29611,"USA: Wisconsin, Milwaukee county",WI,Homo sapiens,oronasopharynx,3/12/2020
MT706379,2020-07-06T00:00:00Z,Severe acute respiratory syndrome-related coronavirus,29782,"USA: Wisconsin, Waukesha county",WI,Homo sapiens,oronasopharynx,4/26/2020
MT706380,2020-07-06T00:00:00Z,Severe acute respiratory syndrome-related coronavirus,29782,"USA: Wisconsin, Milwaukee county",WI,Homo sapiens,oronasopharynx,3/27/2020
MT706381,2020-07-06T00:00:00Z,Severe acute respiratory syndrome-related coronavirus,29782,"USA: Wisconsin, Milwaukee county",WI,Homo sapiens,oronasopharynx,3/31/2020
MT706382,2020-07-06T00:00:00Z,Severe acute respiratory syndrome-related coronavirus,29782,"USA: Wisconsin, Milwaukee county",WI,Homo sapiens,oronasopharynx,3/31/2020
MT706383,2020-07-06T00:00:00Z,Severe acute respiratory syndrome-related coronavirus,29782,"USA: Wisconsin, Milwaukee county",WI,Homo sapiens,oronasopharynx,4/1/2020
MT706384,2020-07-06T00:00:00Z,Severe acute respiratory syndrome-related coronavirus,29782,"USA: Wisconsin, Milwaukee county",WI,Homo sapiens,oronasopharynx,4/1/2020
MT706385,2020-07-06T00:00:00Z,Severe acute respiratory syndrome-related coronavirus,29782,"USA: Wisconsin, Milwaukee county",WI,Homo sapiens,oronasopharynx,4/2/2020
MT706386,2020-07-06T00:00:00Z,Severe acute respiratory syndrome-related coronavirus,29782,"USA: Wisconsin, Milwaukee county",WI,Homo sapiens,oronasopharynx,4/3/2020
MT706387,2020-07-06T00:00:00Z,Severe acute respiratory syndrome-related coronavirus,29782,"USA: Wisconsin, Milwaukee county",WI,Homo sapiens,oronasopharynx,4/3/2020
MT706388,2020-07-06T00:00:00Z,Severe acute respiratory syndrome-related coronavirus,29782,"USA: Wisconsin, Milwaukee county",WI,Homo sapiens,oronasopharynx,4/3/2020
MT706389,2020-07-06T00:00:00Z,Severe acute respiratory syndrome-related coronavirus,29782,"USA: Wisconsin, Milwaukee county",WI,Homo sapiens,oronasopharynx,4/6/2020
MT706390,2020-07-06T00:00:00Z,Severe acute respiratory syndrome-related coronavirus,29782,"USA: Wisconsin, Milwaukee county",WI,Homo sapiens,oronasopharynx,4/6/2020
MT706391,2020-07-06T00:00:00Z,Severe acute respiratory syndrome-related coronavirus,29782,"USA: Wisconsin, Milwaukee county",WI,Homo sapiens,oronasopharynx,4/6/2020
MT706392,2020-07-06T00:00:00Z,Severe acute respiratory syndrome-related coronavirus,29782,"USA: Wisconsin, Ozaukee county",WI,Homo sapiens,oronasopharynx,4/7/2020
MT706393,2020-07-06T00:00:00Z,Severe acute respiratory syndrome-related coronavirus,29782,"USA: Wisconsin, Milwaukee county",WI,Homo sapiens,oronasopharynx,4/6/2020
MT706394,2020-07-06T00:00:00Z,Severe acute respiratory syndrome-related coronavirus,29782,"USA: Wisconsin, Milwaukee county",WI,Homo sapiens,oronasopharynx,4/6/2020
MT706395,2020-07-06T00:00:00Z,Severe acute respiratory syndrome-related coronavirus,29782,"USA: Wisconsin, Milwaukee county",WI,Homo sapiens,oronasopharynx,4/6/2020
MT706396,2020-07-06T00:00:00Z,Severe acute respiratory syndrome-related coronavirus,29782,"USA: Wisconsin, Milwaukee county",WI,Homo sapiens,oronasopharynx,4/8/2020
MT706397,2020-07-06T00:00:00Z,Severe acute respiratory syndrome-related coronavirus,29782,"USA: Wisconsin, Milwaukee county",WI,Homo sapiens,oronasopharynx,4/8/2020
MT706398,2020-07-06T00:00:00Z,Severe acute respiratory syndrome-related coronavirus,29782,"USA: Wisconsin, Milwaukee county",WI,Homo sapiens,oronasopharynx,4/8/2020
MT706399,2020-07-06T00:00:00Z,Severe acute respiratory syndrome-related coronavirus,29782,"USA: Wisconsin, Milwaukee county",WI,Homo sapiens,oronasopharynx,4/8/2020
MT706400,2020-07-06T00:00:00Z,Severe acute respiratory syndrome-related coronavirus,29782,"USA: Wisconsin, Milwaukee county",WI,Homo sapiens,oronasopharynx,4/8/2020
MT706401,2020-07-06T00:00:00Z,Severe acute respiratory syndrome-related coronavirus,29782,"USA: Wisconsin, Milwaukee county",WI,Homo sapiens,oronasopharynx,4/9/2020
MT706402,2020-07-06T00:00:00Z,Severe acute respiratory syndrome-related coronavirus,29782,"USA: Wisconsin, Milwaukee county",WI,Homo sapiens,oronasopharynx,4/9/2020
MT706403,2020-07-06T00:00:00Z,Severe acute respiratory syndrome-related coronavirus,29782,"USA: Wisconsin, Ozaukee county",WI,Homo sapiens,oronasopharynx,4/11/2020
MT706404,2020-07-06T00:00:00Z,Severe acute respiratory syndrome-related coronavirus,29782,"USA: Wisconsin, Milwaukee county",WI,Homo sapiens,oronasopharynx,4/9/2020
MT706405,2020-07-06T00:00:00Z,Severe acute respiratory syndrome-related coronavirus,29782,"USA: Wisconsin, Milwaukee county",WI,Homo sapiens,oronasopharynx,4/13/2020
MT706406,2020-07-06T00:00:00Z,Severe acute respiratory syndrome-related coronavirus,29782,"USA: Wisconsin, Milwaukee county",WI,Homo sapiens,oronasopharynx,4/13/2020
MT706407,2020-07-06T00:00:00Z,Severe acute respiratory syndrome-related coronavirus,29782,"USA: Wisconsin, Milwaukee county",WI,Homo sapiens,oronasopharynx,4/13/2020
MT706408,2020-07-06T00:00:00Z,Severe acute respiratory syndrome-related coronavirus,29782,"USA: Wisconsin, Milwaukee county",WI,Homo sapiens,oronasopharynx,4/13/2020
MT706409,2020-07-06T00:00:00Z,Severe acute respiratory syndrome-related coronavirus,29782,"USA: Wisconsin, Milwaukee county",WI,Homo sapiens,oronasopharynx,4/13/2020
MT706410,2020-07-06T00:00:00Z,Severe acute respiratory syndrome-related coronavirus,29782,"USA: Wisconsin, Milwaukee county",WI,Homo sapiens,oronasopharynx,4/13/2020
MT706411,2020-07-06T00:00:00Z,Severe acute respiratory syndrome-related coronavirus,29782,"USA: Wisconsin, Milwaukee county",WI,Homo sapiens,oronasopharynx,4/13/2020
MT706412,2020-07-06T00:00:00Z,Severe acute respiratory syndrome-related coronavirus,29782,"USA: Wisconsin, Milwaukee county",WI,Homo sapiens,oronasopharynx,4/13/2020
MT706413,2020-07-06T00:00:00Z,Severe acute respiratory syndrome-related coronavirus,29782,"USA: Wisconsin, Milwaukee county",WI,Homo sapiens,oronasopharynx,4/14/2020
MT706414,2020-07-06T00:00:00Z,Severe acute respiratory syndrome-related coronavirus,29782,"USA: Wisconsin, Milwaukee county",WI,Homo sapiens,oronasopharynx,4/14/2020
MT706415,2020-07-06T00:00:00Z,Severe acute respiratory syndrome-related coronavirus,29782,"USA: Wisconsin, Ozaukee county",WI,Homo sapiens,oronasopharynx,4/15/2020
MT706416,2020-07-06T00:00:00Z,Severe acute respiratory syndrome-related coronavirus,29782,"USA: Wisconsin, Milwaukee county",WI,Homo sapiens,oronasopharynx,4/16/2020
MT706417,2020-07-06T00:00:00Z,Severe acute respiratory syndrome-related coronavirus,29782,"USA: Wisconsin, Milwaukee county",WI,Homo sapiens,oronasopharynx,4/16/2020
MT706418,2020-07-06T00:00:00Z,Severe acute respiratory syndrome-related coronavirus,29782,"USA: Wisconsin, Milwaukee county",WI,Homo sapiens,oronasopharynx,4/15/2020
MT706419,2020-07-06T00:00:00Z,Severe acute respiratory syndrome-related coronavirus,29782,"USA: Wisconsin, Milwaukee county",WI,Homo sapiens,oronasopharynx,4/14/2020
MT706420,2020-07-06T00:00:00Z,Severe acute respiratory syndrome-related coronavirus,29782,"USA: Wisconsin, Ozaukee county",WI,Homo sapiens,oronasopharynx,4/27/2020
MT706421,2020-07-06T00:00:00Z,Severe acute respiratory syndrome-related coronavirus,29782,"USA: Wisconsin, Milwaukee county",WI,Homo sapiens,oronasopharynx,4/16/2020
MT706422,2020-07-06T00:00:00Z,Severe acute respiratory syndrome-related coronavirus,29782,"USA: Wisconsin, Milwaukee county",WI,Homo sapiens,oronasopharynx,4/16/2020
MT706423,2020-07-06T00:00:00Z,Severe acute respiratory syndrome-related coronavirus,29782,"USA: Wisconsin, Milwaukee county",WI,Homo sapiens,oronasopharynx,4/17/2020
MT706424,2020-07-06T00:00:00Z,Severe acute respiratory syndrome-related coronavirus,29782,"USA: Wisconsin, Milwaukee county",WI,Homo sapiens,oronasopharynx,4/18/2020
MT706425,2020-07-06T00:00:00Z,Severe acute respiratory syndrome-related coronavirus,29782,"USA: Wisconsin, Washington county",WI,Homo sapiens,oronasopharynx,4/19/2020
MT706426,2020-07-06T00:00:00Z,Severe acute respiratory syndrome-related coronavirus,29782,"USA: Wisconsin, Milwaukee county",WI,Homo sapiens,oronasopharynx,4/21/2020
MT706427,2020-07-06T00:00:00Z,Severe acute respiratory syndrome-related coronavirus,29782,"USA: Wisconsin, Milwaukee county",WI,Homo sapiens,oronasopharynx,4/21/2020
MT706428,2020-07-06T00:00:00Z,Severe acute respiratory syndrome-related coronavirus,29782,"USA: Wisconsin, Milwaukee county",WI,Homo sapiens,oronasopharynx,4/23/2020
MT706429,2020-07-06T00:00:00Z,Severe acute respiratory syndrome-related coronavirus,29782,"USA: Wisconsin, Milwaukee county",WI,Homo sapiens,oronasopharynx,4/23/2020
MT706430,2020-07-06T00:00:00Z,Severe acute respiratory syndrome-related coronavirus,29782,"USA: Wisconsin, Milwaukee county",WI,Homo sapiens,oronasopharynx,4/23/2020
MT706431,2020-07-06T00:00:00Z,Severe acute respiratory syndrome-related coronavirus,29782,"USA: Wisconsin, Milwaukee county",WI,Homo sapiens,oronasopharynx,4/24/2020
MT706432,2020-07-06T00:00:00Z,Severe acute respiratory syndrome-related coronavirus,29782,"USA: Wisconsin, Milwaukee county",WI,Homo sapiens,oronasopharynx,4/24/2020
MT706433,2020-07-06T00:00:00Z,Severe acute respiratory syndrome-related coronavirus,29782,"USA: Wisconsin, Washington county",WI,Homo sapiens,oronasopharynx,4/25/2020
MT706434,2020-07-06T00:00:00Z,Severe acute respiratory syndrome-related coronavirus,29782,"USA: Wisconsin, Waukesha county",WI,Homo sapiens,oronasopharynx,4/25/2020
MT706435,2020-07-06T00:00:00Z,Severe acute respiratory syndrome-related coronavirus,29782,"USA: Wisconsin, Milwaukee county",WI,Homo sapiens,oronasopharynx,4/26/2020
MT706436,2020-07-06T00:00:00Z,Severe acute respiratory syndrome-related coronavirus,29782,"USA: Wisconsin, Milwaukee county",WI,Homo sapiens,oronasopharynx,4/25/2020
MT706437,2020-07-06T00:00:00Z,Severe acute respiratory syndrome-related coronavirus,29782,"USA: Wisconsin, Milwaukee county",WI,Homo sapiens,oronasopharynx,4/26/2020
MT706438,2020-07-06T00:00:00Z,Severe acute respiratory syndrome-related coronavirus,29782,"USA: Wisconsin, Milwaukee county",WI,Homo sapiens,oronasopharynx,4/26/2020
MT706439,2020-07-06T00:00:00Z,Severe acute respiratory syndrome-related coronavirus,29782,"USA: Wisconsin, Milwaukee county",WI,Homo sapiens,oronasopharynx,3/24/2020
MT706440,2020-07-06T00:00:00Z,Severe acute respiratory syndrome-related coronavirus,29782,"USA: Wisconsin, Milwaukee county",WI,Homo sapiens,oronasopharynx,3/24/2020
MT706441,2020-07-06T00:00:00Z,Severe acute respiratory syndrome-related coronavirus,29782,"USA: Wisconsin, Milwaukee county",WI,Homo sapiens,oronasopharynx,3/24/2020
MT706442,2020-07-06T00:00:00Z,Severe acute respiratory syndrome-related coronavirus,29782,"USA: Wisconsin, Milwaukee county",WI,Homo sapiens,oronasopharynx,3/25/2020
MT706443,2020-07-06T00:00:00Z,Severe acute respiratory syndrome-related coronavirus,29782,"USA: Wisconsin, Milwaukee county",WI,Homo sapiens,oronasopharynx,3/26/2020
MT706444,2020-07-06T00:00:00Z,Severe acute respiratory syndrome-related coronavirus,29782,"USA: Wisconsin, Milwaukee county",WI,Homo sapiens,oronasopharynx,3/26/2020
MT706445,2020-07-06T00:00:00Z,Severe acute respiratory syndrome-related coronavirus,29611,"USA: Wisconsin, Milwaukee county",WI,Homo sapiens,oronasopharynx,3/31/2020
MT706446,2020-07-06T00:00:00Z,Severe acute respiratory syndrome-related coronavirus,29782,"USA: Wisconsin, Milwaukee county",WI,Homo sapiens,oronasopharynx,4/1/2020
MT706447,2020-07-06T00:00:00Z,Severe acute respiratory syndrome-related coronavirus,29782,"USA: Wisconsin, Milwaukee county",WI,Homo sapiens,oronasopharynx,4/2/2020
MT706448,2020-07-06T00:00:00Z,Severe acute respiratory syndrome-related coronavirus,29782,"USA: Wisconsin, Milwaukee county",WI,Homo sapiens,oronasopharynx,4/4/2020
MT706449,2020-07-06T00:00:00Z,Severe acute respiratory syndrome-related coronavirus,29782,"USA: Wisconsin, Milwaukee county",WI,Homo sapiens,oronasopharynx,4/5/2020
MT706450,2020-07-06T00:00:00Z,Severe acute respiratory syndrome-related coronavirus,29782,"USA: Wisconsin, Milwaukee county",WI,Homo sapiens,oronasopharynx,4/6/2020
MT706451,2020-07-06T00:00:00Z,Severe acute respiratory syndrome-related coronavirus,29782,"USA: Wisconsin, Milwaukee county",WI,Homo sapiens,oronasopharynx,4/21/2020
MT711868,2020-07-06T00:00:00Z,Severe acute respiratory syndrome-related coronavirus,29899,USA,,Homo sapiens,,4/13/2020
MT711869,2020-07-06T00:00:00Z,Severe acute respiratory syndrome-related coronavirus,29813,USA,,Homo sapiens,,4/21/2020
MT711870,2020-07-06T00:00:00Z,Severe acute respiratory syndrome-related coronavirus,29882,USA,,Homo sapiens,,4/21/2020
MT711871,2020-07-06T00:00:00Z,Severe acute respiratory syndrome-related coronavirus,29879,USA,,Homo sapiens,,4/21/2020
MT711872,2020-07-06T00:00:00Z,Severe acute respiratory syndrome-related coronavirus,29844,USA,,Homo sapiens,,4/22/2020
MT711873,2020-07-06T00:00:00Z,Severe acute respiratory syndrome-related coronavirus,29841,USA,,Homo sapiens,,4/21/2020
MT711874,2020-07-06T00:00:00Z,Severe acute respiratory syndrome-related coronavirus,29865,USA,,Homo sapiens,,4/21/2020
MT711875,2020-07-06T00:00:00Z,Severe acute respiratory syndrome-related coronavirus,29865,USA,,Homo sapiens,,4/13/2020
MT711876,2020-07-06T00:00:00Z,Severe acute respiratory syndrome-related coronavirus,29896,USA,,Homo sapiens,,4/13/2020
MT711877,2020-07-06T00:00:00Z,Severe acute respiratory syndrome-related coronavirus,29896,USA,,Homo sapiens,,4/13/2020
MT711878,2020-07-06T00:00:00Z,Severe acute respiratory syndrome-related coronavirus,29889,USA,,Homo sapiens,,4/13/2020
MT711879,2020-07-06T00:00:00Z,Severe acute respiratory syndrome-related coronavirus,29850,USA,,Homo sapiens,,4/21/2020
MT711880,2020-07-06T00:00:00Z,Severe acute respiratory syndrome-related coronavirus,29842,USA,,Homo sapiens,,4/19/2020
MT703677,2020-07-02T00:00:00Z,Severe acute respiratory syndrome-related coronavirus,29779,USA: NY,NY,Homo sapiens,oronasopharynx,3/11/2020
MT703957,2020-07-02T00:00:00Z,Severe acute respiratory syndrome-related coronavirus,29824,USA: FL,FL,Homo sapiens,,3/7/2020
MT703958,2020-07-02T00:00:00Z,Severe acute respiratory syndrome-related coronavirus,29836,USA: FL,FL,Homo sapiens,,3/10/2020
MT703959,2020-07-02T00:00:00Z,Severe acute respiratory syndrome-related coronavirus,29820,USA: FL,FL,Homo sapiens,,3/10/2020
MT703960,2020-07-02T00:00:00Z,Severe acute respiratory syndrome-related coronavirus,29820,USA: FL,FL,Homo sapiens,,3/10/2020
MT703961,2020-07-02T00:00:00Z,Severe acute respiratory syndrome-related coronavirus,29806,USA: FL,FL,Homo sapiens,,3/11/2020
MT703962,2020-07-02T00:00:00Z,Severe acute respiratory syndrome-related coronavirus,29806,USA: FL,FL,Homo sapiens,,3/12/2020
MT703963,2020-07-02T00:00:00Z,Severe acute respiratory syndrome-related coronavirus,29806,USA: FL,FL,Homo sapiens,,3/12/2020
MT703964,2020-07-02T00:00:00Z,Severe acute respiratory syndrome-related coronavirus,29635,USA: FL,FL,Homo sapiens,,3/12/2020
MT703965,2020-07-02T00:00:00Z,Severe acute respiratory syndrome-related coronavirus,29806,USA: FL,FL,Homo sapiens,,3/12/2020
MT703966,2020-07-02T00:00:00Z,Severe acute respiratory syndrome-related coronavirus,29511,USA: FL,FL,Homo sapiens,,3/12/2020
MT703967,2020-07-02T00:00:00Z,Severe acute respiratory syndrome-related coronavirus,29862,USA: FL,FL,Homo sapiens,,3/12/2020
MT703968,2020-07-02T00:00:00Z,Severe acute respiratory syndrome-related coronavirus,29823,USA: FL,FL,Homo sapiens,,4/1/2020
MT703969,2020-07-02T00:00:00Z,Severe acute respiratory syndrome-related coronavirus,29833,USA: FL,FL,Homo sapiens,,4/1/2020
MT703970,2020-07-02T00:00:00Z,Severe acute respiratory syndrome-related coronavirus,29787,USA: FL,FL,Homo sapiens,,4/1/2020
MT703971,2020-07-02T00:00:00Z,Severe acute respiratory syndrome-related coronavirus,29797,USA: FL,FL,Homo sapiens,,4/1/2020
MT703972,2020-07-02T00:00:00Z,Severe acute respiratory syndrome-related coronavirus,29840,USA: FL,FL,Homo sapiens,,4/1/2020
MT703973,2020-07-02T00:00:00Z,Severe acute respiratory syndrome-related coronavirus,29843,USA: FL,FL,Homo sapiens,,4/1/2020
MT703974,2020-07-02T00:00:00Z,Severe acute respiratory syndrome-related coronavirus,29792,USA: FL,FL,Homo sapiens,,4/2/2020
MT703975,2020-07-02T00:00:00Z,Severe acute respiratory syndrome-related coronavirus,29851,USA: FL,FL,Homo sapiens,,4/2/2020
MT703976,2020-07-02T00:00:00Z,Severe acute respiratory syndrome-related coronavirus,29839,USA: FL,FL,Homo sapiens,,4/2/2020
MT703977,2020-07-02T00:00:00Z,Severe acute respiratory syndrome-related coronavirus,29844,USA: FL,FL,Homo sapiens,,4/2/2020
MT703978,2020-07-02T00:00:00Z,Severe acute respiratory syndrome-related coronavirus,29843,USA: FL,FL,Homo sapiens,,4/2/2020
MT703979,2020-07-02T00:00:00Z,Severe acute respiratory syndrome-related coronavirus,29840,USA: FL,FL,Homo sapiens,,4/2/2020
MT703980,2020-07-02T00:00:00Z,Severe acute respiratory syndrome-related coronavirus,29797,USA: FL,FL,Homo sapiens,,4/2/2020
MT703981,2020-07-02T00:00:00Z,Severe acute respiratory syndrome-related coronavirus,29649,USA: FL,FL,Homo sapiens,,4/4/2020
MT703982,2020-07-02T00:00:00Z,Severe acute respiratory syndrome-related coronavirus,29835,USA: FL,FL,Homo sapiens,,4/3/2020
MT703983,2020-07-02T00:00:00Z,Severe acute respiratory syndrome-related coronavirus,29836,USA: FL,FL,Homo sapiens,,4/3/2020
MT703984,2020-07-02T00:00:00Z,Severe acute respiratory syndrome-related coronavirus,29849,USA: FL,FL,Homo sapiens,,4/3/2020
MT703985,2020-07-02T00:00:00Z,Severe acute respiratory syndrome-related coronavirus,29846,USA: FL,FL,Homo sapiens,,4/3/2020
MT703986,2020-07-02T00:00:00Z,Severe acute respiratory syndrome-related coronavirus,29807,USA: FL,FL,Homo sapiens,,4/3/2020
MT703987,2020-07-02T00:00:00Z,Severe acute respiratory syndrome-related coronavirus,29806,USA: FL,FL,Homo sapiens,,4/3/2020
MT703988,2020-07-02T00:00:00Z,Severe acute respiratory syndrome-related coronavirus,29810,USA: FL,FL,Homo sapiens,,4/3/2020
MT703989,2020-07-02T00:00:00Z,Severe acute respiratory syndrome-related coronavirus,29834,USA: FL,FL,Homo sapiens,,4/4/2020
MT703990,2020-07-02T00:00:00Z,Severe acute respiratory syndrome-related coronavirus,29840,USA: FL,FL,Homo sapiens,,4/4/2020
MT703991,2020-07-02T00:00:00Z,Severe acute respiratory syndrome-related coronavirus,29844,USA: FL,FL,Homo sapiens,,4/4/2020
MT703992,2020-07-02T00:00:00Z,Severe acute respiratory syndrome-related coronavirus,29847,USA: FL,FL,Homo sapiens,,4/4/2020
MT703993,2020-07-02T00:00:00Z,Severe acute respiratory syndrome-related coronavirus,29849,USA: FL,FL,Homo sapiens,,4/4/2020
MT703994,2020-07-02T00:00:00Z,Severe acute respiratory syndrome-related coronavirus,29849,USA: FL,FL,Homo sapiens,,4/4/2020
MT703995,2020-07-02T00:00:00Z,Severe acute respiratory syndrome-related coronavirus,29850,USA: FL,FL,Homo sapiens,,4/4/2020
MT703996,2020-07-02T00:00:00Z,Severe acute respiratory syndrome-related coronavirus,29816,USA: FL,FL,Homo sapiens,,4/5/2020
MT703997,2020-07-02T00:00:00Z,Severe acute respiratory syndrome-related coronavirus,29827,USA: FL,FL,Homo sapiens,,4/5/2020
MT703998,2020-07-02T00:00:00Z,Severe acute respiratory syndrome-related coronavirus,29842,USA: FL,FL,Homo sapiens,,4/5/2020
MT703999,2020-07-02T00:00:00Z,Severe acute respiratory syndrome-related coronavirus,29848,USA: FL,FL,Homo sapiens,,4/5/2020
MT704000,2020-07-02T00:00:00Z,Severe acute respiratory syndrome-related coronavirus,29828,USA: FL,FL,Homo sapiens,,4/5/2020
MT704001,2020-07-02T00:00:00Z,Severe acute respiratory syndrome-related coronavirus,29836,USA: FL,FL,Homo sapiens,,4/5/2020
MT704002,2020-07-02T00:00:00Z,Severe acute respiratory syndrome-related coronavirus,29802,USA: FL,FL,Homo sapiens,,4/5/2020
MT704003,2020-07-02T00:00:00Z,Severe acute respiratory syndrome-related coronavirus,29840,USA: FL,FL,Homo sapiens,,4/5/2020
MT704004,2020-07-02T00:00:00Z,Severe acute respiratory syndrome-related coronavirus,29838,USA: FL,FL,Homo sapiens,,4/5/2020
MT704005,2020-07-02T00:00:00Z,Severe acute respiratory syndrome-related coronavirus,29829,USA: FL,FL,Homo sapiens,,4/5/2020
MT704006,2020-07-02T00:00:00Z,Severe acute respiratory syndrome-related coronavirus,29846,USA: FL,FL,Homo sapiens,,4/5/2020
MT704007,2020-07-02T00:00:00Z,Severe acute respiratory syndrome-related coronavirus,29832,USA: FL,FL,Homo sapiens,,4/5/2020
MT704008,2020-07-02T00:00:00Z,Severe acute respiratory syndrome-related coronavirus,29842,USA: FL,FL,Homo sapiens,,4/5/2020
MT704009,2020-07-02T00:00:00Z,Severe acute respiratory syndrome-related coronavirus,29832,USA: FL,FL,Homo sapiens,,4/5/2020
MT704010,2020-07-02T00:00:00Z,Severe acute respiratory syndrome-related coronavirus,29521,USA: FL,FL,Homo sapiens,,4/6/2020
MT704011,2020-07-02T00:00:00Z,Severe acute respiratory syndrome-related coronavirus,29849,USA: FL,FL,Homo sapiens,,4/5/2020
MT704012,2020-07-02T00:00:00Z,Severe acute respiratory syndrome-related coronavirus,29848,USA: FL,FL,Homo sapiens,,4/5/2020
MT704013,2020-07-02T00:00:00Z,Severe acute respiratory syndrome-related coronavirus,29791,USA: FL,FL,Homo sapiens,,4/5/2020
MT704014,2020-07-02T00:00:00Z,Severe acute respiratory syndrome-related coronavirus,29834,USA: FL,FL,Homo sapiens,,4/5/2020
MT704015,2020-07-02T00:00:00Z,Severe acute respiratory syndrome-related coronavirus,29824,USA: FL,FL,Homo sapiens,,4/5/2020
MT704016,2020-07-02T00:00:00Z,Severe acute respiratory syndrome-related coronavirus,29829,USA: FL,FL,Homo sapiens,,4/6/2020
MT704017,2020-07-02T00:00:00Z,Severe acute respiratory syndrome-related coronavirus,29796,USA: FL,FL,Homo sapiens,,4/8/2020
MT704018,2020-07-02T00:00:00Z,Severe acute respiratory syndrome-related coronavirus,29820,USA: FL,FL,Homo sapiens,,4/8/2020
MT704019,2020-07-02T00:00:00Z,Severe acute respiratory syndrome-related coronavirus,29850,USA: FL,FL,Homo sapiens,,4/8/2020
MT704020,2020-07-02T00:00:00Z,Severe acute respiratory syndrome-related coronavirus,29807,USA: FL,FL,Homo sapiens,,4/8/2020
MT704021,2020-07-02T00:00:00Z,Severe acute respiratory syndrome-related coronavirus,29852,USA: FL,FL,Homo sapiens,,4/8/2020
MT704022,2020-07-02T00:00:00Z,Severe acute respiratory syndrome-related coronavirus,29852,USA: FL,FL,Homo sapiens,,4/14/2020
MT704023,2020-07-02T00:00:00Z,Severe acute respiratory syndrome-related coronavirus,29852,USA: FL,FL,Homo sapiens,,4/14/2020
MT704024,2020-07-02T00:00:00Z,Severe acute respiratory syndrome-related coronavirus,29813,USA: FL,FL,Homo sapiens,,4/14/2020
MT704025,2020-07-02T00:00:00Z,Severe acute respiratory syndrome-related coronavirus,29806,USA: FL,FL,Homo sapiens,,4/15/2020
MT704026,2020-07-02T00:00:00Z,Severe acute respiratory syndrome-related coronavirus,29844,USA: FL,FL,Homo sapiens,,4/19/2020
MT704027,2020-07-02T00:00:00Z,Severe acute respiratory syndrome-related coronavirus,29807,USA: FL,FL,Homo sapiens,,4/19/2020
MT704028,2020-07-02T00:00:00Z,Severe acute respiratory syndrome-related coronavirus,29847,USA: FL,FL,Homo sapiens,,4/19/2020
MT704029,2020-07-02T00:00:00Z,Severe acute respiratory syndrome-related coronavirus,29834,USA: FL,FL,Homo sapiens,,4/19/2020
MT704030,2020-07-02T00:00:00Z,Severe acute respiratory syndrome-related coronavirus,29851,USA: FL,FL,Homo sapiens,,4/18/2020
MT704031,2020-07-02T00:00:00Z,Severe acute respiratory syndrome-related coronavirus,29798,USA: FL,FL,Homo sapiens,,4/21/2020
MT704032,2020-07-02T00:00:00Z,Severe acute respiratory syndrome-related coronavirus,29813,USA: FL,FL,Homo sapiens,,4/21/2020
MT704033,2020-07-02T00:00:00Z,Severe acute respiratory syndrome-related coronavirus,29860,USA: FL,FL,Homo sapiens,,4/21/2020
MT704034,2020-07-02T00:00:00Z,Severe acute respiratory syndrome-related coronavirus,29791,USA: FL,FL,Homo sapiens,,4/21/2020
MT704035,2020-07-02T00:00:00Z,Severe acute respiratory syndrome-related coronavirus,29808,USA: FL,FL,Homo sapiens,,4/21/2020
MT704036,2020-07-02T00:00:00Z,Severe acute respiratory syndrome-related coronavirus,29797,USA: FL,FL,Homo sapiens,,4/21/2020
MT704037,2020-07-02T00:00:00Z,Severe acute respiratory syndrome-related coronavirus,29872,USA: FL,FL,Homo sapiens,,4/21/2020
MT704038,2020-07-02T00:00:00Z,Severe acute respiratory syndrome-related coronavirus,29867,USA: FL,FL,Homo sapiens,,4/21/2020
MT704039,2020-07-02T00:00:00Z,Severe acute respiratory syndrome-related coronavirus,29833,USA: FL,FL,Homo sapiens,,4/21/2020
MT704040,2020-07-02T00:00:00Z,Severe acute respiratory syndrome-related coronavirus,29842,USA: FL,FL,Homo sapiens,,4/21/2020
MT704041,2020-07-02T00:00:00Z,Severe acute respiratory syndrome-related coronavirus,29867,USA: FL,FL,Homo sapiens,,4/21/2020
MT704042,2020-07-02T00:00:00Z,Severe acute respiratory syndrome-related coronavirus,29859,USA: FL,FL,Homo sapiens,,4/22/2020
MT704043,2020-07-02T00:00:00Z,Severe acute respiratory syndrome-related coronavirus,29848,USA: FL,FL,Homo sapiens,,4/22/2020
MT704044,2020-07-02T00:00:00Z,Severe acute respiratory syndrome-related coronavirus,29849,USA: FL,FL,Homo sapiens,,4/22/2020
MT704045,2020-07-02T00:00:00Z,Severe acute respiratory syndrome-related coronavirus,29872,USA: FL,FL,Homo sapiens,,4/22/2020
MT704046,2020-07-02T00:00:00Z,Severe acute respiratory syndrome-related coronavirus,29863,USA: FL,FL,Homo sapiens,,4/22/2020
MT704047,2020-07-02T00:00:00Z,Severe acute respiratory syndrome-related coronavirus,29858,USA: FL,FL,Homo sapiens,,4/23/2020
MT704048,2020-07-02T00:00:00Z,Severe acute respiratory syndrome-related coronavirus,29798,USA: FL,FL,Homo sapiens,,4/23/2020
MT704049,2020-07-02T00:00:00Z,Severe acute respiratory syndrome-related coronavirus,29862,USA: FL,FL,Homo sapiens,,4/23/2020
MT704050,2020-07-02T00:00:00Z,Severe acute respiratory syndrome-related coronavirus,29849,USA: FL,FL,Homo sapiens,,4/25/2020
MT704051,2020-07-02T00:00:00Z,Severe acute respiratory syndrome-related coronavirus,29848,USA: FL,FL,Homo sapiens,,4/25/2020
MT704052,2020-07-02T00:00:00Z,Severe acute respiratory syndrome-related coronavirus,29851,USA: FL,FL,Homo sapiens,,4/25/2020
MT704053,2020-07-02T00:00:00Z,Severe acute respiratory syndrome-related coronavirus,29835,USA: FL,FL,Homo sapiens,,4/25/2020
MT704054,2020-07-02T00:00:00Z,Severe acute respiratory syndrome-related coronavirus,29823,USA: FL,FL,Homo sapiens,,4/25/2020
MT704055,2020-07-02T00:00:00Z,Severe acute respiratory syndrome-related coronavirus,29852,USA: FL,FL,Homo sapiens,,4/26/2020
MT704056,2020-07-02T00:00:00Z,Severe acute respiratory syndrome-related coronavirus,29854,USA: FL,FL,Homo sapiens,,4/26/2020
MT704057,2020-07-02T00:00:00Z,Severe acute respiratory syndrome-related coronavirus,29806,USA: FL,FL,Homo sapiens,,5/2/2020
MT704058,2020-07-02T00:00:00Z,Severe acute respiratory syndrome-related coronavirus,29806,USA: FL,FL,Homo sapiens,,5/2/2020
MT704059,2020-07-02T00:00:00Z,Severe acute respiratory syndrome-related coronavirus,29836,USA: FL,FL,Homo sapiens,,5/2/2020
MT704060,2020-07-02T00:00:00Z,Severe acute respiratory syndrome-related coronavirus,29806,USA: FL,FL,Homo sapiens,,5/2/2020
MT704061,2020-07-02T00:00:00Z,Severe acute respiratory syndrome-related coronavirus,29801,USA: FL,FL,Homo sapiens,,5/2/2020
MT704062,2020-07-02T00:00:00Z,Severe acute respiratory syndrome-related coronavirus,29806,USA: FL,FL,Homo sapiens,,5/2/2020
MT704063,2020-07-02T00:00:00Z,Severe acute respiratory syndrome-related coronavirus,29806,USA: FL,FL,Homo sapiens,,5/2/2020
MT704064,2020-07-02T00:00:00Z,Severe acute respiratory syndrome-related coronavirus,29806,USA: FL,FL,Homo sapiens,,5/2/2020
MT704065,2020-07-02T00:00:00Z,Severe acute respiratory syndrome-related coronavirus,29806,USA: FL,FL,Homo sapiens,,5/2/2020
MT704066,2020-07-02T00:00:00Z,Severe acute respiratory syndrome-related coronavirus,29818,USA: FL,FL,Homo sapiens,,5/3/2020
MT704067,2020-07-02T00:00:00Z,Severe acute respiratory syndrome-related coronavirus,29824,USA: FL,FL,Homo sapiens,,5/3/2020
MT704068,2020-07-02T00:00:00Z,Severe acute respiratory syndrome-related coronavirus,29806,USA: FL,FL,Homo sapiens,,5/3/2020
MT704069,2020-07-02T00:00:00Z,Severe acute respiratory syndrome-related coronavirus,29828,USA: FL,FL,Homo sapiens,,5/5/2020
MT704070,2020-07-02T00:00:00Z,Severe acute respiratory syndrome-related coronavirus,29848,USA: FL,FL,Homo sapiens,,5/5/2020
MT704071,2020-07-02T00:00:00Z,Severe acute respiratory syndrome-related coronavirus,29858,USA: FL,FL,Homo sapiens,,5/5/2020
MT704072,2020-07-02T00:00:00Z,Severe acute respiratory syndrome-related coronavirus,29847,USA: FL,FL,Homo sapiens,,5/5/2020
MT704073,2020-07-02T00:00:00Z,Severe acute respiratory syndrome-related coronavirus,29850,USA: FL,FL,Homo sapiens,,5/5/2020
MT704074,2020-07-02T00:00:00Z,Severe acute respiratory syndrome-related coronavirus,29860,USA: FL,FL,Homo sapiens,,5/5/2020
MT704075,2020-07-02T00:00:00Z,Severe acute respiratory syndrome-related coronavirus,29844,USA: FL,FL,Homo sapiens,,5/5/2020
MT704076,2020-07-02T00:00:00Z,Severe acute respiratory syndrome-related coronavirus,29847,USA: FL,FL,Homo sapiens,,5/5/2020
MT704077,2020-07-02T00:00:00Z,Severe acute respiratory syndrome-related coronavirus,29847,USA: FL,FL,Homo sapiens,,5/5/2020
MT704078,2020-07-02T00:00:00Z,Severe acute respiratory syndrome-related coronavirus,29803,USA: FL,FL,Homo sapiens,,5/5/2020
MT704079,2020-07-02T00:00:00Z,Severe acute respiratory syndrome-related coronavirus,29798,USA: FL,FL,Homo sapiens,,5/5/2020
MT704080,2020-07-02T00:00:00Z,Severe acute respiratory syndrome-related coronavirus,29849,USA: FL,FL,Homo sapiens,,5/5/2020
MT704081,2020-07-02T00:00:00Z,Severe acute respiratory syndrome-related coronavirus,29823,USA: FL,FL,Homo sapiens,,5/5/2020
MT704082,2020-07-02T00:00:00Z,Severe acute respiratory syndrome-related coronavirus,29797,USA: FL,FL,Homo sapiens,,5/5/2020
MT704083,2020-07-02T00:00:00Z,Severe acute respiratory syndrome-related coronavirus,29838,USA: FL,FL,Homo sapiens,,5/6/2020
MT704084,2020-07-02T00:00:00Z,Severe acute respiratory syndrome-related coronavirus,29845,USA: FL,FL,Homo sapiens,,5/6/2020
MT704085,2020-07-02T00:00:00Z,Severe acute respiratory syndrome-related coronavirus,29847,USA: FL,FL,Homo sapiens,,5/6/2020
MT704086,2020-07-02T00:00:00Z,Severe acute respiratory syndrome-related coronavirus,29769,USA: FL,FL,Homo sapiens,,5/6/2020
MT704087,2020-07-02T00:00:00Z,Severe acute respiratory syndrome-related coronavirus,29782,USA: FL,FL,Homo sapiens,,5/7/2020
MT704088,2020-07-02T00:00:00Z,Severe acute respiratory syndrome-related coronavirus,29841,USA: FL,FL,Homo sapiens,,5/6/2020
MT704089,2020-07-02T00:00:00Z,Severe acute respiratory syndrome-related coronavirus,29803,USA: FL,FL,Homo sapiens,,5/6/2020
MT704090,2020-07-02T00:00:00Z,Severe acute respiratory syndrome-related coronavirus,29813,USA: FL,FL,Homo sapiens,,5/6/2020
MT704091,2020-07-02T00:00:00Z,Severe acute respiratory syndrome-related coronavirus,29804,USA: FL,FL,Homo sapiens,,5/7/2020
MT704092,2020-07-02T00:00:00Z,Severe acute respiratory syndrome-related coronavirus,29828,USA: FL,FL,Homo sapiens,,5/7/2020
MT704093,2020-07-02T00:00:00Z,Severe acute respiratory syndrome-related coronavirus,29806,USA: FL,FL,Homo sapiens,,5/7/2020
MT704094,2020-07-02T00:00:00Z,Severe acute respiratory syndrome-related coronavirus,29825,USA: FL,FL,Homo sapiens,,5/8/2020
MT704095,2020-07-02T00:00:00Z,Severe acute respiratory syndrome-related coronavirus,29819,USA: FL,FL,Homo sapiens,,5/8/2020
MT704096,2020-07-02T00:00:00Z,Severe acute respiratory syndrome-related coronavirus,29832,USA: FL,FL,Homo sapiens,,5/8/2020
MT704097,2020-07-02T00:00:00Z,Severe acute respiratory syndrome-related coronavirus,29788,USA: FL,FL,Homo sapiens,,5/8/2020
MT704098,2020-07-02T00:00:00Z,Severe acute respiratory syndrome-related coronavirus,29796,USA: FL,FL,Homo sapiens,,5/9/2020
MT704099,2020-07-02T00:00:00Z,Severe acute respiratory syndrome-related coronavirus,29806,USA: FL,FL,Homo sapiens,,5/13/2020
MT704100,2020-07-02T00:00:00Z,Severe acute respiratory syndrome-related coronavirus,29806,USA: FL,FL,Homo sapiens,,5/14/2020
MT704101,2020-07-02T00:00:00Z,Severe acute respiratory syndrome-related coronavirus,29825,USA: FL,FL,Homo sapiens,,5/14/2020
MT704102,2020-07-02T00:00:00Z,Severe acute respiratory syndrome-related coronavirus,29834,USA: FL,FL,Homo sapiens,,5/14/2020
MT704103,2020-07-02T00:00:00Z,Severe acute respiratory syndrome-related coronavirus,29836,USA: FL,FL,Homo sapiens,,5/14/2020
MT704104,2020-07-02T00:00:00Z,Severe acute respiratory syndrome-related coronavirus,29803,USA: FL,FL,Homo sapiens,,5/16/2020
MT704105,2020-07-02T00:00:00Z,Severe acute respiratory syndrome-related coronavirus,29797,USA: FL,FL,Homo sapiens,,5/16/2020
MT704106,2020-07-02T00:00:00Z,Severe acute respiratory syndrome-related coronavirus,29799,USA: FL,FL,Homo sapiens,,5/16/2020
MT704107,2020-07-02T00:00:00Z,Severe acute respiratory syndrome-related coronavirus,29856,USA: FL,FL,Homo sapiens,,5/16/2020
MT704108,2020-07-02T00:00:00Z,Severe acute respiratory syndrome-related coronavirus,29782,USA: FL,FL,Homo sapiens,,5/16/2020
MT704109,2020-07-02T00:00:00Z,Severe acute respiratory syndrome-related coronavirus,29813,USA: FL,FL,Homo sapiens,,5/16/2020
MT704110,2020-07-02T00:00:00Z,Severe acute respiratory syndrome-related coronavirus,29849,USA: FL,FL,Homo sapiens,,5/16/2020
MT704111,2020-07-02T00:00:00Z,Severe acute respiratory syndrome-related coronavirus,29840,USA: FL,FL,Homo sapiens,,5/16/2020
MT704112,2020-07-02T00:00:00Z,Severe acute respiratory syndrome-related coronavirus,29848,USA: FL,FL,Homo sapiens,,5/16/2020
MT704113,2020-07-02T00:00:00Z,Severe acute respiratory syndrome-related coronavirus,29792,USA: FL,FL,Homo sapiens,,5/16/2020
MT704114,2020-07-02T00:00:00Z,Severe acute respiratory syndrome-related coronavirus,29833,USA: FL,FL,Homo sapiens,,5/16/2020
MT704115,2020-07-02T00:00:00Z,Severe acute respiratory syndrome-related coronavirus,29847,USA: FL,FL,Homo sapiens,,5/16/2020
MT704116,2020-07-02T00:00:00Z,Severe acute respiratory syndrome-related coronavirus,29849,USA: FL,FL,Homo sapiens,,5/16/2020
MT704117,2020-07-02T00:00:00Z,Severe acute respiratory syndrome-related coronavirus,29835,USA: FL,FL,Homo sapiens,,5/16/2020
MT704118,2020-07-02T00:00:00Z,Severe acute respiratory syndrome-related coronavirus,29847,USA: FL,FL,Homo sapiens,,6/2/2020
MT704119,2020-07-02T00:00:00Z,Severe acute respiratory syndrome-related coronavirus,29900,USA: MD,MD,Homo sapiens,oronasopharynx,3/31/2020
MT704120,2020-07-02T00:00:00Z,Severe acute respiratory syndrome-related coronavirus,29878,USA: MD,MD,Homo sapiens,oronasopharynx,4/1/2020
MT704121,2020-07-02T00:00:00Z,Severe acute respiratory syndrome-related coronavirus,29893,USA: MD,MD,Homo sapiens,oronasopharynx,4/1/2020
MT704122,2020-07-02T00:00:00Z,Severe acute respiratory syndrome-related coronavirus,29879,USA: MD,MD,Homo sapiens,oronasopharynx,4/1/2020
MT704123,2020-07-02T00:00:00Z,Severe acute respiratory syndrome-related coronavirus,29903,USA: MD,MD,Homo sapiens,oronasopharynx,4/1/2020
MT704124,2020-07-02T00:00:00Z,Severe acute respiratory syndrome-related coronavirus,29899,USA: MD,MD,Homo sapiens,oronasopharynx,4/1/2020
MT704125,2020-07-02T00:00:00Z,Severe acute respiratory syndrome-related coronavirus,29878,USA: MD,MD,Homo sapiens,oronasopharynx,4/2/2020
MT704126,2020-07-02T00:00:00Z,Severe acute respiratory syndrome-related coronavirus,29874,USA: MD,MD,Homo sapiens,oronasopharynx,4/3/2020
MT704127,2020-07-02T00:00:00Z,Severe acute respiratory syndrome-related coronavirus,29901,USA: MD,MD,Homo sapiens,oronasopharynx,4/4/2020
MT704128,2020-07-02T00:00:00Z,Severe acute respiratory syndrome-related coronavirus,29880,USA: MD,MD,Homo sapiens,oronasopharynx,4/4/2020
MT704129,2020-07-02T00:00:00Z,Severe acute respiratory syndrome-related coronavirus,29887,USA: MD,MD,Homo sapiens,oronasopharynx,4/6/2020
MT704130,2020-07-02T00:00:00Z,Severe acute respiratory syndrome-related coronavirus,29873,USA: MD,MD,Homo sapiens,oronasopharynx,4/7/2020
MT704131,2020-07-02T00:00:00Z,Severe acute respiratory syndrome-related coronavirus,29873,USA: MD,MD,Homo sapiens,oronasopharynx,4/7/2020
MT704132,2020-07-02T00:00:00Z,Severe acute respiratory syndrome-related coronavirus,29899,USA: MD,MD,Homo sapiens,oronasopharynx,4/7/2020
MT704133,2020-07-02T00:00:00Z,Severe acute respiratory syndrome-related coronavirus,29875,USA: MD,MD,Homo sapiens,oronasopharynx,4/7/2020
MT704134,2020-07-02T00:00:00Z,Severe acute respiratory syndrome-related coronavirus,29898,USA: MD,MD,Homo sapiens,oronasopharynx,4/7/2020
MT704135,2020-07-02T00:00:00Z,Severe acute respiratory syndrome-related coronavirus,29887,USA: MD,MD,Homo sapiens,oronasopharynx,4/7/2020
MT704136,2020-07-02T00:00:00Z,Severe acute respiratory syndrome-related coronavirus,29874,USA: MD,MD,Homo sapiens,oronasopharynx,4/8/2020
MT683386,2020-07-01T00:00:00Z,Severe acute respiratory syndrome-related coronavirus,29858,USA,,Homo sapiens,,4/5/2020
MT683387,2020-07-01T00:00:00Z,Severe acute respiratory syndrome-related coronavirus,29854,USA,,Homo sapiens,,4/2/2020
MT683388,2020-07-01T00:00:00Z,Severe acute respiratory syndrome-related coronavirus,29877,USA,,Homo sapiens,,4/3/2020
MT683389,2020-07-01T00:00:00Z,Severe acute respiratory syndrome-related coronavirus,29856,USA,,Homo sapiens,,4/3/2020
MT683390,2020-07-01T00:00:00Z,Severe acute respiratory syndrome-related coronavirus,29668,USA,,Homo sapiens,,4/3/2020
MT683391,2020-07-01T00:00:00Z,Severe acute respiratory syndrome-related coronavirus,29607,USA,,Homo sapiens,,4/2/2020
MT683392,2020-07-01T00:00:00Z,Severe acute respiratory syndrome-related coronavirus,29865,USA,,Homo sapiens,,4/3/2020
MT683393,2020-07-01T00:00:00Z,Severe acute respiratory syndrome-related coronavirus,29896,USA,,Homo sapiens,,3/30/2020
MT683394,2020-07-01T00:00:00Z,Severe acute respiratory syndrome-related coronavirus,29788,USA,,Homo sapiens,,4/8/2020
MT683395,2020-07-01T00:00:00Z,Severe acute respiratory syndrome-related coronavirus,29770,USA,,Homo sapiens,,4/8/2020
MT683396,2020-07-01T00:00:00Z,Severe acute respiratory syndrome-related coronavirus,29551,USA,,Homo sapiens,,4/6/2020
MT683397,2020-07-01T00:00:00Z,Severe acute respiratory syndrome-related coronavirus,29783,USA,,Homo sapiens,,4/5/2020
MT683398,2020-07-01T00:00:00Z,Severe acute respiratory syndrome-related coronavirus,29544,USA,,Homo sapiens,,4/6/2020
MT683399,2020-07-01T00:00:00Z,Severe acute respiratory syndrome-related coronavirus,29815,USA,,Homo sapiens,,4/6/2020
MT683400,2020-07-01T00:00:00Z,Severe acute respiratory syndrome-related coronavirus,29551,USA,,Homo sapiens,,4/6/2020
MT683401,2020-07-01T00:00:00Z,Severe acute respiratory syndrome-related coronavirus,29556,USA,,Homo sapiens,,4/7/2020
MT683402,2020-07-01T00:00:00Z,Severe acute respiratory syndrome-related coronavirus,29717,USA,,Homo sapiens,,4/8/2020
MT683403,2020-07-01T00:00:00Z,Severe acute respiratory syndrome-related coronavirus,29856,USA,,Homo sapiens,,4/6/2020
MT683404,2020-07-01T00:00:00Z,Severe acute respiratory syndrome-related coronavirus,29775,USA,,Homo sapiens,,4/6/2020
MT683405,2020-07-01T00:00:00Z,Severe acute respiratory syndrome-related coronavirus,29892,USA,,Homo sapiens,,3/31/2020
MT683406,2020-07-01T00:00:00Z,Severe acute respiratory syndrome-related coronavirus,29897,USA,,Homo sapiens,,3/31/2020
MT683407,2020-07-01T00:00:00Z,Severe acute respiratory syndrome-related coronavirus,29849,USA,,Homo sapiens,,4/5/2020
MT683408,2020-07-01T00:00:00Z,Severe acute respiratory syndrome-related coronavirus,29859,USA,,Homo sapiens,,4/6/2020
MT683409,2020-07-01T00:00:00Z,Severe acute respiratory syndrome-related coronavirus,29826,USA,,Homo sapiens,,4/5/2020
MT683410,2020-07-01T00:00:00Z,Severe acute respiratory syndrome-related coronavirus,29722,USA,,Homo sapiens,,4/5/2020
MT683411,2020-07-01T00:00:00Z,Severe acute respiratory syndrome-related coronavirus,29853,USA,,Homo sapiens,,4/11/2020
MT683412,2020-07-01T00:00:00Z,Severe acute respiratory syndrome-related coronavirus,29827,USA,,Homo sapiens,,4/11/2020
MT683413,2020-07-01T00:00:00Z,Severe acute respiratory syndrome-related coronavirus,29847,USA,,Homo sapiens,,4/11/2020
MT683414,2020-07-01T00:00:00Z,Severe acute respiratory syndrome-related coronavirus,29580,USA,,Homo sapiens,,4/30/2020
MT683415,2020-07-01T00:00:00Z,Severe acute respiratory syndrome-related coronavirus,29580,USA,,Homo sapiens,,5/4/2020
MT683416,2020-07-01T00:00:00Z,Severe acute respiratory syndrome-related coronavirus,29868,USA,,Homo sapiens,,5/29/2020
MT683417,2020-07-01T00:00:00Z,Severe acute respiratory syndrome-related coronavirus,29877,USA,,Homo sapiens,,5/29/2020
MT683418,2020-07-01T00:00:00Z,Severe acute respiratory syndrome-related coronavirus,29883,USA,,Homo sapiens,,5/29/2020
MT679155,2020-06-30T00:00:00Z,Severe acute respiratory syndrome-related coronavirus,29868,USA: Virginia,VA,Homo sapiens,,2020-05
MT679156,2020-06-30T00:00:00Z,Severe acute respiratory syndrome-related coronavirus,29886,USA: Virginia,VA,Homo sapiens,,2020-05
MT679157,2020-06-30T00:00:00Z,Severe acute respiratory syndrome-related coronavirus,29873,USA: Virginia,VA,Homo sapiens,,2020-05
MT679158,2020-06-30T00:00:00Z,Severe acute respiratory syndrome-related coronavirus,29865,USA: Virginia,VA,Homo sapiens,,2020-05
MT679159,2020-06-30T00:00:00Z,Severe acute respiratory syndrome-related coronavirus,29900,USA: Virginia,VA,Homo sapiens,,2020-05
MT679160,2020-06-30T00:00:00Z,Severe acute respiratory syndrome-related coronavirus,29870,USA: Virginia,VA,Homo sapiens,,2020-05
MT679161,2020-06-30T00:00:00Z,Severe acute respiratory syndrome-related coronavirus,29901,USA: Virginia,VA,Homo sapiens,,2020-05
MT679162,2020-06-30T00:00:00Z,Severe acute respiratory syndrome-related coronavirus,29866,USA: Virginia,VA,Homo sapiens,,2020-05
MT679163,2020-06-30T00:00:00Z,Severe acute respiratory syndrome-related coronavirus,29901,USA: Virginia,VA,Homo sapiens,,2020-05
MT679164,2020-06-30T00:00:00Z,Severe acute respiratory syndrome-related coronavirus,29901,USA: Virginia,VA,Homo sapiens,,2020-05
MT679165,2020-06-30T00:00:00Z,Severe acute respiratory syndrome-related coronavirus,29826,USA: Virginia,VA,Homo sapiens,,2020-05
MT679166,2020-06-30T00:00:00Z,Severe acute respiratory syndrome-related coronavirus,29865,USA: Virginia,VA,Homo sapiens,,2020-05
MT679167,2020-06-30T00:00:00Z,Severe acute respiratory syndrome-related coronavirus,29842,USA: Virginia,VA,Homo sapiens,,2020-05
MT679168,2020-06-30T00:00:00Z,Severe acute respiratory syndrome-related coronavirus,29867,USA: Virginia,VA,Homo sapiens,,2020-05
MT679169,2020-06-30T00:00:00Z,Severe acute respiratory syndrome-related coronavirus,29861,USA: Virginia,VA,Homo sapiens,,2020-05
MT679170,2020-06-30T00:00:00Z,Severe acute respiratory syndrome-related coronavirus,29901,USA: Virginia,VA,Homo sapiens,,2020-05
MT679171,2020-06-30T00:00:00Z,Severe acute respiratory syndrome-related coronavirus,29866,USA: Virginia,VA,Homo sapiens,,2020-05
MT679172,2020-06-30T00:00:00Z,Severe acute respiratory syndrome-related coronavirus,29867,USA: Virginia,VA,Homo sapiens,,2020-05
MT679173,2020-06-30T00:00:00Z,Severe acute respiratory syndrome-related coronavirus,29886,USA: Virginia,VA,Homo sapiens,,2020-05
MT679174,2020-06-30T00:00:00Z,Severe acute respiratory syndrome-related coronavirus,29868,USA: Virginia,VA,Homo sapiens,,2020-05
MT679175,2020-06-30T00:00:00Z,Severe acute respiratory syndrome-related coronavirus,29886,USA: Virginia,VA,Homo sapiens,,2020-05
MT679176,2020-06-30T00:00:00Z,Severe acute respiratory syndrome-related coronavirus,29899,USA: Virginia,VA,Homo sapiens,,2020-05
MT679177,2020-06-30T00:00:00Z,Severe acute respiratory syndrome-related coronavirus,29892,USA: Virginia,VA,Homo sapiens,,2020-05
MT679178,2020-06-30T00:00:00Z,Severe acute respiratory syndrome-related coronavirus,29865,USA: Virginia,VA,Homo sapiens,,2020-05
MT679179,2020-06-30T00:00:00Z,Severe acute respiratory syndrome-related coronavirus,29894,USA: Virginia,VA,Homo sapiens,,2020-05
MT679180,2020-06-30T00:00:00Z,Severe acute respiratory syndrome-related coronavirus,29866,USA: Virginia,VA,Homo sapiens,,2020-05
MT679181,2020-06-30T00:00:00Z,Severe acute respiratory syndrome-related coronavirus,29888,USA: Virginia,VA,Homo sapiens,,2020-05
MT679182,2020-06-30T00:00:00Z,Severe acute respiratory syndrome-related coronavirus,29868,USA: Virginia,VA,Homo sapiens,,2020-05
MT679183,2020-06-30T00:00:00Z,Severe acute respiratory syndrome-related coronavirus,29865,USA: Virginia,VA,Homo sapiens,,2020-05
MT679184,2020-06-30T00:00:00Z,Severe acute respiratory syndrome-related coronavirus,29865,USA: Virginia,VA,Homo sapiens,,2020-05
MT679185,2020-06-30T00:00:00Z,Severe acute respiratory syndrome-related coronavirus,29896,USA: Virginia,VA,Homo sapiens,,2020-05
MT679186,2020-06-30T00:00:00Z,Severe acute respiratory syndrome-related coronavirus,29879,USA: Virginia,VA,Homo sapiens,,2020-05
MT679187,2020-06-30T00:00:00Z,Severe acute respiratory syndrome-related coronavirus,29865,USA: Virginia,VA,Homo sapiens,,2020-05
MT679188,2020-06-30T00:00:00Z,Severe acute respiratory syndrome-related coronavirus,29886,USA: Virginia,VA,Homo sapiens,,2020-05
MT679189,2020-06-30T00:00:00Z,Severe acute respiratory syndrome-related coronavirus,29891,USA: Virginia,VA,Homo sapiens,,2020-05
MT679190,2020-06-30T00:00:00Z,Severe acute respiratory syndrome-related coronavirus,29872,USA: Virginia,VA,Homo sapiens,,2020-05
MT679191,2020-06-30T00:00:00Z,Severe acute respiratory syndrome-related coronavirus,29868,USA: Virginia,VA,Homo sapiens,,2020-05
MT679192,2020-06-30T00:00:00Z,Severe acute respiratory syndrome-related coronavirus,29903,USA: Virginia,VA,Homo sapiens,,2020-05
MT679193,2020-06-30T00:00:00Z,Severe acute respiratory syndrome-related coronavirus,29897,USA: Virginia,VA,Homo sapiens,,2020-05
MT679194,2020-06-30T00:00:00Z,Severe acute respiratory syndrome-related coronavirus,29897,USA: Virginia,VA,Homo sapiens,,2020-05
MT679195,2020-06-30T00:00:00Z,Severe acute respiratory syndrome-related coronavirus,29868,USA: Virginia,VA,Homo sapiens,,2020-05
MT679196,2020-06-30T00:00:00Z,Severe acute respiratory syndrome-related coronavirus,29868,USA: Virginia,VA,Homo sapiens,,2020-05
MT679197,2020-06-30T00:00:00Z,Severe acute respiratory syndrome-related coronavirus,29901,USA: NY,NY,Homo sapiens,oronasopharynx,3/6/2020
MT679198,2020-06-30T00:00:00Z,Severe acute respiratory syndrome-related coronavirus,29878,USA: NY,NY,Homo sapiens,oronasopharynx,3/17/2020
MT679199,2020-06-30T00:00:00Z,Severe acute respiratory syndrome-related coronavirus,29873,USA: NY,NY,Homo sapiens,oronasopharynx,3/18/2020
MT679200,2020-06-30T00:00:00Z,Severe acute respiratory syndrome-related coronavirus,29853,USA: NY,NY,Homo sapiens,oronasopharynx,3/16/2020
MT679201,2020-06-30T00:00:00Z,Severe acute respiratory syndrome-related coronavirus,29874,USA: NY,NY,Homo sapiens,oronasopharynx,3/23/2020
MT679202,2020-06-30T00:00:00Z,Severe acute respiratory syndrome-related coronavirus,29776,USA: NY,NY,Homo sapiens,oronasopharynx,3/24/2020
MT679203,2020-06-30T00:00:00Z,Severe acute respiratory syndrome-related coronavirus,29880,USA: NY,NY,Homo sapiens,oronasopharynx,3/26/2020
MT679204,2020-06-30T00:00:00Z,Severe acute respiratory syndrome-related coronavirus,29771,USA: NY,NY,Homo sapiens,oronasopharynx,3/26/2020
MT679205,2020-06-30T00:00:00Z,Severe acute respiratory syndrome-related coronavirus,29903,USA: NY,NY,Homo sapiens,oronasopharynx,3/25/2020
MT679206,2020-06-30T00:00:00Z,Severe acute respiratory syndrome-related coronavirus,29901,USA: NY,NY,Homo sapiens,oronasopharynx,3/24/2020
MT679207,2020-06-30T00:00:00Z,Severe acute respiratory syndrome-related coronavirus,29880,USA: NY,NY,Homo sapiens,oronasopharynx,3/31/2020
MT679208,2020-06-30T00:00:00Z,Severe acute respiratory syndrome-related coronavirus,29884,USA: NY,NY,Homo sapiens,oronasopharynx,4/8/2020
MT679209,2020-06-30T00:00:00Z,Severe acute respiratory syndrome-related coronavirus,29903,USA: NY,NY,Homo sapiens,oronasopharynx,4/9/2020
MT680217,2020-06-30T00:00:00Z,Severe acute respiratory syndrome-related coronavirus,29878,USA: Virginia,VA,Homo sapiens,,2020-04
MT680218,2020-06-30T00:00:00Z,Severe acute respiratory syndrome-related coronavirus,29859,USA: Virginia,VA,Homo sapiens,,2020-04
MT680219,2020-06-30T00:00:00Z,Severe acute respiratory syndrome-related coronavirus,29893,USA: Virginia,VA,Homo sapiens,,2020-04
MT680220,2020-06-30T00:00:00Z,Severe acute respiratory syndrome-related coronavirus,29880,USA: Virginia,VA,Homo sapiens,,2020-04
MT680221,2020-06-30T00:00:00Z,Severe acute respiratory syndrome-related coronavirus,29865,USA: Virginia,VA,Homo sapiens,,2020-04
MT680222,2020-06-30T00:00:00Z,Severe acute respiratory syndrome-related coronavirus,29865,USA: Virginia,VA,Homo sapiens,,2020-04
MT680223,2020-06-30T00:00:00Z,Severe acute respiratory syndrome-related coronavirus,29868,USA: Virginia,VA,Homo sapiens,,2020-04
MT680224,2020-06-30T00:00:00Z,Severe acute respiratory syndrome-related coronavirus,29868,USA: Virginia,VA,Homo sapiens,,2020-04
MT680225,2020-06-30T00:00:00Z,Severe acute respiratory syndrome-related coronavirus,29854,USA: Virginia,VA,Homo sapiens,,2020-04
MT680226,2020-06-30T00:00:00Z,Severe acute respiratory syndrome-related coronavirus,29854,USA: Virginia,VA,Homo sapiens,,2020-04
MT680227,2020-06-30T00:00:00Z,Severe acute respiratory syndrome-related coronavirus,29867,USA: Virginia,VA,Homo sapiens,,2020-04
MT680228,2020-06-30T00:00:00Z,Severe acute respiratory syndrome-related coronavirus,29858,USA: Virginia,VA,Homo sapiens,,2020-04
MT680229,2020-06-30T00:00:00Z,Severe acute respiratory syndrome-related coronavirus,29900,USA: Virginia,VA,Homo sapiens,,2020-04
MT680230,2020-06-30T00:00:00Z,Severe acute respiratory syndrome-related coronavirus,29865,USA: Virginia,VA,Homo sapiens,,2020-04
MT680231,2020-06-30T00:00:00Z,Severe acute respiratory syndrome-related coronavirus,29872,USA: Virginia,VA,Homo sapiens,,2020-04
MT680232,2020-06-30T00:00:00Z,Severe acute respiratory syndrome-related coronavirus,29899,USA: Virginia,VA,Homo sapiens,,2020-04
MT680233,2020-06-30T00:00:00Z,Severe acute respiratory syndrome-related coronavirus,29878,USA: Virginia,VA,Homo sapiens,,2020-04
MT680234,2020-06-30T00:00:00Z,Severe acute respiratory syndrome-related coronavirus,29836,USA: Virginia,VA,Homo sapiens,,2020-04
MT680235,2020-06-30T00:00:00Z,Severe acute respiratory syndrome-related coronavirus,29900,USA: Virginia,VA,Homo sapiens,,2020-04
MT680236,2020-06-30T00:00:00Z,Severe acute respiratory syndrome-related coronavirus,29864,USA: Virginia,VA,Homo sapiens,,2020-04
MT680237,2020-06-30T00:00:00Z,Severe acute respiratory syndrome-related coronavirus,29893,USA: Virginia,VA,Homo sapiens,,2020-04
MT680238,2020-06-30T00:00:00Z,Severe acute respiratory syndrome-related coronavirus,29860,USA: Virginia,VA,Homo sapiens,,2020-04
MT680239,2020-06-30T00:00:00Z,Severe acute respiratory syndrome-related coronavirus,29876,USA: Virginia,VA,Homo sapiens,,2020-04
MT680240,2020-06-30T00:00:00Z,Severe acute respiratory syndrome-related coronavirus,29871,USA: Virginia,VA,Homo sapiens,,2020-04
MT680241,2020-06-30T00:00:00Z,Severe acute respiratory syndrome-related coronavirus,29875,USA: Virginia,VA,Homo sapiens,,2020-04
MT680242,2020-06-30T00:00:00Z,Severe acute respiratory syndrome-related coronavirus,29840,USA: Virginia,VA,Homo sapiens,,2020-04
MT675289,2020-06-29T00:00:00Z,Severe acute respiratory syndrome-related coronavirus,29855,USA: Ak,AK,Homo sapiens,,3/23/2020
MT675517,2020-06-29T00:00:00Z,Severe acute respiratory syndrome-related coronavirus,29861,USA: Ak,AK,Homo sapiens,,3/23/2020
MT670008,2020-06-26T00:00:00Z,Severe acute respiratory syndrome-related coronavirus,29894,USA,,,,4/13/2020
MT671810,2020-06-26T00:00:00Z,Severe acute respiratory syndrome-related coronavirus,29863,USA: CA,CA,Homo sapiens,,3/25/2020
MT671811,2020-06-26T00:00:00Z,Severe acute respiratory syndrome-related coronavirus,29836,USA: CA,CA,Homo sapiens,,3/23/2020
MT671812,2020-06-26T00:00:00Z,Severe acute respiratory syndrome-related coronavirus,29892,USA: CA,CA,Homo sapiens,,3/20/2020
MT671813,2020-06-26T00:00:00Z,Severe acute respiratory syndrome-related coronavirus,29890,USA: CA,CA,Homo sapiens,,3/19/2020
MT671814,2020-06-26T00:00:00Z,Severe acute respiratory syndrome-related coronavirus,29863,USA: CA,CA,Homo sapiens,,3/19/2020
MT671815,2020-06-26T00:00:00Z,Severe acute respiratory syndrome-related coronavirus,29867,USA: CA,CA,Homo sapiens,,3/14/2020
MT671816,2020-06-26T00:00:00Z,Severe acute respiratory syndrome-related coronavirus,29863,USA: CA,CA,Homo sapiens,,3/16/2020
MT671817,2020-06-26T00:00:00Z,Severe acute respiratory syndrome-related coronavirus,29901,USA: CA,CA,Homo sapiens,,3/15/2020
MT671818,2020-06-26T00:00:00Z,Severe acute respiratory syndrome-related coronavirus,29892,USA: CA,CA,Homo sapiens,,3/14/2020
MT671819,2020-06-26T00:00:00Z,Severe acute respiratory syndrome-related coronavirus,29868,USA: CA,CA,Homo sapiens,,3/13/2020
MT671820,2020-06-26T00:00:00Z,Severe acute respiratory syndrome-related coronavirus,29899,USA: CA,CA,Homo sapiens,,3/13/2020
MT671821,2020-06-26T00:00:00Z,Severe acute respiratory syndrome-related coronavirus,29903,USA: CA,CA,Homo sapiens,,3/13/2020
MT671822,2020-06-26T00:00:00Z,Severe acute respiratory syndrome-related coronavirus,29863,USA: CA,CA,Homo sapiens,,3/11/2020
MT671823,2020-06-26T00:00:00Z,Severe acute respiratory syndrome-related coronavirus,29873,USA: CA,CA,Homo sapiens,,3/27/2020
MT671824,2020-06-26T00:00:00Z,Severe acute respiratory syndrome-related coronavirus,29863,USA: CA,CA,Homo sapiens,,3/23/2020
MT671825,2020-06-26T00:00:00Z,Severe acute respiratory syndrome-related coronavirus,29898,USA: CA,CA,Homo sapiens,,3/14/2020
MT671826,2020-06-26T00:00:00Z,Severe acute respiratory syndrome-related coronavirus,29831,USA: CA,CA,Homo sapiens,,4/2/2020
MT671827,2020-06-26T00:00:00Z,Severe acute respiratory syndrome-related coronavirus,29903,USA: CA,CA,Homo sapiens,,4/2/2020
MT671828,2020-06-26T00:00:00Z,Severe acute respiratory syndrome-related coronavirus,29903,USA: CA,CA,Homo sapiens,,4/1/2020
MT671829,2020-06-26T00:00:00Z,Severe acute respiratory syndrome-related coronavirus,29861,USA: CA,CA,Homo sapiens,,3/18/2020
MT668716,2020-06-25T00:00:00Z,Severe acute respiratory syndrome-related coronavirus,29860,USA,,Homo sapiens,oronasopharynx,4/13/2020
MT653094,2020-06-23T00:00:00Z,Severe acute respiratory syndrome-related coronavirus,29891,USA,,Homo sapiens,,5/11/2020
MT653095,2020-06-23T00:00:00Z,Severe acute respiratory syndrome-related coronavirus,29799,USA,,Homo sapiens,,5/12/2020
MT653096,2020-06-23T00:00:00Z,Severe acute respiratory syndrome-related coronavirus,29804,USA,,Homo sapiens,,5/11/2020
MT653097,2020-06-23T00:00:00Z,Severe acute respiratory syndrome-related coronavirus,29882,USA,,Homo sapiens,,5/11/2020
MT653098,2020-06-23T00:00:00Z,Severe acute respiratory syndrome-related coronavirus,29880,USA,,Homo sapiens,,5/11/2020
MT653099,2020-06-23T00:00:00Z,Severe acute respiratory syndrome-related coronavirus,29901,USA,,Homo sapiens,,5/12/2020
MT653100,2020-06-23T00:00:00Z,Severe acute respiratory syndrome-related coronavirus,29806,USA,,Homo sapiens,,5/12/2020
MT653101,2020-06-23T00:00:00Z,Severe acute respiratory syndrome-related coronavirus,29813,USA,,Homo sapiens,,5/12/2020
MT653102,2020-06-23T00:00:00Z,Severe acute respiratory syndrome-related coronavirus,29846,USA,,Homo sapiens,,5/12/2020
MT653103,2020-06-23T00:00:00Z,Severe acute respiratory syndrome-related coronavirus,29798,USA,,Homo sapiens,,5/12/2020
MT653104,2020-06-23T00:00:00Z,Severe acute respiratory syndrome-related coronavirus,29803,USA,,Homo sapiens,,5/12/2020
MT653105,2020-06-23T00:00:00Z,Severe acute respiratory syndrome-related coronavirus,29865,USA,,Homo sapiens,,5/12/2020
MT653106,2020-06-23T00:00:00Z,Severe acute respiratory syndrome-related coronavirus,29865,USA,,Homo sapiens,,5/12/2020
MT653107,2020-06-23T00:00:00Z,Severe acute respiratory syndrome-related coronavirus,29812,USA,,Homo sapiens,,5/12/2020
MT653108,2020-06-23T00:00:00Z,Severe acute respiratory syndrome-related coronavirus,29872,USA,,Homo sapiens,,5/12/2020
MT653109,2020-06-23T00:00:00Z,Severe acute respiratory syndrome-related coronavirus,29865,USA,,Homo sapiens,,5/12/2020
MT646048,2020-06-22T00:00:00Z,Severe acute respiratory syndrome-related coronavirus,29782,USA,,Homo sapiens,oronasopharynx,3/20/2020
MT646049,2020-06-22T00:00:00Z,Severe acute respiratory syndrome-related coronavirus,29782,USA,,Homo sapiens,oronasopharynx,3/31/2020
MT646050,2020-06-22T00:00:00Z,Severe acute respiratory syndrome-related coronavirus,29782,USA,,Homo sapiens,oronasopharynx,4/1/2020
MT646051,2020-06-22T00:00:00Z,Severe acute respiratory syndrome-related coronavirus,29782,USA,,Homo sapiens,oronasopharynx,3/27/2020
MT646052,2020-06-22T00:00:00Z,Severe acute respiratory syndrome-related coronavirus,29782,USA,,Homo sapiens,oronasopharynx,3/29/2020
MT646053,2020-06-22T00:00:00Z,Severe acute respiratory syndrome-related coronavirus,29782,USA,,Homo sapiens,oronasopharynx,3/14/2020
MT646054,2020-06-22T00:00:00Z,Severe acute respiratory syndrome-related coronavirus,29782,USA,,Homo sapiens,oronasopharynx,3/24/2020
MT646055,2020-06-22T00:00:00Z,Severe acute respiratory syndrome-related coronavirus,29611,USA,,Homo sapiens,oronasopharynx,3/16/2020
MT646056,2020-06-22T00:00:00Z,Severe acute respiratory syndrome-related coronavirus,29611,USA,,Homo sapiens,oronasopharynx,3/21/2020
MT646057,2020-06-22T00:00:00Z,Severe acute respiratory syndrome-related coronavirus,29611,USA,,Homo sapiens,oronasopharynx,3/22/2020
MT646058,2020-06-22T00:00:00Z,Severe acute respiratory syndrome-related coronavirus,29611,USA,,Homo sapiens,oronasopharynx,3/17/2020
MT646059,2020-06-22T00:00:00Z,Severe acute respiratory syndrome-related coronavirus,29611,USA,,Homo sapiens,oronasopharynx,3/28/2020
MT646060,2020-06-22T00:00:00Z,Severe acute respiratory syndrome-related coronavirus,29611,USA,,Homo sapiens,oronasopharynx,3/30/2020
MT646061,2020-06-22T00:00:00Z,Severe acute respiratory syndrome-related coronavirus,29611,USA,,Homo sapiens,oronasopharynx,3/23/2020
MT646062,2020-06-22T00:00:00Z,Severe acute respiratory syndrome-related coronavirus,29611,USA,,Homo sapiens,oronasopharynx,3/24/2020
MT646063,2020-06-22T00:00:00Z,Severe acute respiratory syndrome-related coronavirus,29611,USA,,Homo sapiens,oronasopharynx,3/23/2020
MT646064,2020-06-22T00:00:00Z,Severe acute respiratory syndrome-related coronavirus,29782,USA,,Homo sapiens,oronasopharynx,3/17/2020
MT646065,2020-06-22T00:00:00Z,Severe acute respiratory syndrome-related coronavirus,29782,USA,,Homo sapiens,oronasopharynx,3/15/2020
MT646066,2020-06-22T00:00:00Z,Severe acute respiratory syndrome-related coronavirus,29611,USA,,Homo sapiens,oronasopharynx,3/22/2020
MT646067,2020-06-22T00:00:00Z,Severe acute respiratory syndrome-related coronavirus,29611,USA,,Homo sapiens,oronasopharynx,3/19/2020
MT646068,2020-06-22T00:00:00Z,Severe acute respiratory syndrome-related coronavirus,29782,USA,,Homo sapiens,oronasopharynx,3/19/2020
MT646069,2020-06-22T00:00:00Z,Severe acute respiratory syndrome-related coronavirus,29782,USA,,Homo sapiens,oronasopharynx,3/7/2020
MT646070,2020-06-22T00:00:00Z,Severe acute respiratory syndrome-related coronavirus,29782,USA,,Homo sapiens,oronasopharynx,3/20/2020
MT646071,2020-06-22T00:00:00Z,Severe acute respiratory syndrome-related coronavirus,29782,USA,,Homo sapiens,oronasopharynx,3/11/2020
MT646072,2020-06-22T00:00:00Z,Severe acute respiratory syndrome-related coronavirus,29782,USA,,Homo sapiens,oronasopharynx,3/19/2020
MT646073,2020-06-22T00:00:00Z,Severe acute respiratory syndrome-related coronavirus,29782,USA,,Homo sapiens,oronasopharynx,3/24/2020
MT646074,2020-06-22T00:00:00Z,Severe acute respiratory syndrome-related coronavirus,29782,USA,,Homo sapiens,oronasopharynx,3/16/2020
MT646075,2020-06-22T00:00:00Z,Severe acute respiratory syndrome-related coronavirus,29782,USA,,Homo sapiens,oronasopharynx,3/13/2020
MT646076,2020-06-22T00:00:00Z,Severe acute respiratory syndrome-related coronavirus,29782,USA,,Homo sapiens,oronasopharynx,3/16/2020
MT646077,2020-06-22T00:00:00Z,Severe acute respiratory syndrome-related coronavirus,29782,USA,,Homo sapiens,oronasopharynx,3/15/2020
MT646078,2020-06-22T00:00:00Z,Severe acute respiratory syndrome-related coronavirus,29782,USA,,Homo sapiens,oronasopharynx,3/11/2020
MT646079,2020-06-22T00:00:00Z,Severe acute respiratory syndrome-related coronavirus,29782,USA,,Homo sapiens,oronasopharynx,3/26/2020
MT646080,2020-06-22T00:00:00Z,Severe acute respiratory syndrome-related coronavirus,29782,USA,,Homo sapiens,oronasopharynx,3/28/2020
MT646081,2020-06-22T00:00:00Z,Severe acute respiratory syndrome-related coronavirus,29782,USA,,Homo sapiens,oronasopharynx,3/29/2020
MT646082,2020-06-22T00:00:00Z,Severe acute respiratory syndrome-related coronavirus,29782,USA,,Homo sapiens,oronasopharynx,3/18/2020
MT646083,2020-06-22T00:00:00Z,Severe acute respiratory syndrome-related coronavirus,29782,USA,,Homo sapiens,oronasopharynx,3/19/2020
MT646084,2020-06-22T00:00:00Z,Severe acute respiratory syndrome-related coronavirus,29782,USA,,Homo sapiens,oronasopharynx,3/18/2020
MT646085,2020-06-22T00:00:00Z,Severe acute respiratory syndrome-related coronavirus,29611,USA,,Homo sapiens,oronasopharynx,3/19/2020
MT646086,2020-06-22T00:00:00Z,Severe acute respiratory syndrome-related coronavirus,29782,USA,,Homo sapiens,oronasopharynx,3/20/2020
MT646087,2020-06-22T00:00:00Z,Severe acute respiratory syndrome-related coronavirus,29782,USA,,Homo sapiens,oronasopharynx,3/24/2020
MT646088,2020-06-22T00:00:00Z,Severe acute respiratory syndrome-related coronavirus,29782,USA,,Homo sapiens,oronasopharynx,3/24/2020
MT646089,2020-06-22T00:00:00Z,Severe acute respiratory syndrome-related coronavirus,29782,USA,,Homo sapiens,oronasopharynx,3/30/2020
MT646090,2020-06-22T00:00:00Z,Severe acute respiratory syndrome-related coronavirus,29782,USA,,Homo sapiens,oronasopharynx,3/18/2020
MT646091,2020-06-22T00:00:00Z,Severe acute respiratory syndrome-related coronavirus,29782,USA,,Homo sapiens,oronasopharynx,3/16/2020
MT646092,2020-06-22T00:00:00Z,Severe acute respiratory syndrome-related coronavirus,29782,USA,,Homo sapiens,oronasopharynx,3/30/2020
MT646093,2020-06-22T00:00:00Z,Severe acute respiratory syndrome-related coronavirus,29782,USA,,Homo sapiens,oronasopharynx,3/25/2020
MT646094,2020-06-22T00:00:00Z,Severe acute respiratory syndrome-related coronavirus,29782,USA,,Homo sapiens,oronasopharynx,3/16/2020
MT646095,2020-06-22T00:00:00Z,Severe acute respiratory syndrome-related coronavirus,29782,USA,,Homo sapiens,oronasopharynx,3/19/2020
MT646096,2020-06-22T00:00:00Z,Severe acute respiratory syndrome-related coronavirus,29782,USA,,Homo sapiens,oronasopharynx,3/17/2020
MT646097,2020-06-22T00:00:00Z,Severe acute respiratory syndrome-related coronavirus,29782,USA,,Homo sapiens,oronasopharynx,3/16/2020
MT646098,2020-06-22T00:00:00Z,Severe acute respiratory syndrome-related coronavirus,29782,USA,,Homo sapiens,oronasopharynx,3/16/2020
MT646099,2020-06-22T00:00:00Z,Severe acute respiratory syndrome-related coronavirus,29782,USA,,Homo sapiens,oronasopharynx,3/17/2020
MT646100,2020-06-22T00:00:00Z,Severe acute respiratory syndrome-related coronavirus,29782,USA,,Homo sapiens,oronasopharynx,3/20/2020
MT646101,2020-06-22T00:00:00Z,Severe acute respiratory syndrome-related coronavirus,29782,USA,,Homo sapiens,oronasopharynx,3/28/2020
MT646102,2020-06-22T00:00:00Z,Severe acute respiratory syndrome-related coronavirus,29782,USA,,Homo sapiens,oronasopharynx,3/24/2020
MT646103,2020-06-22T00:00:00Z,Severe acute respiratory syndrome-related coronavirus,29782,USA,,Homo sapiens,oronasopharynx,3/26/2020
MT646104,2020-06-22T00:00:00Z,Severe acute respiratory syndrome-related coronavirus,29782,USA,,Homo sapiens,oronasopharynx,3/18/2020
MT646105,2020-06-22T00:00:00Z,Severe acute respiratory syndrome-related coronavirus,29782,USA,,Homo sapiens,oronasopharynx,3/21/2020
MT646106,2020-06-22T00:00:00Z,Severe acute respiratory syndrome-related coronavirus,29782,USA,,Homo sapiens,oronasopharynx,3/25/2020
MT646107,2020-06-22T00:00:00Z,Severe acute respiratory syndrome-related coronavirus,29611,USA,,Homo sapiens,oronasopharynx,3/29/2020
MT646108,2020-06-22T00:00:00Z,Severe acute respiratory syndrome-related coronavirus,29611,USA,,Homo sapiens,oronasopharynx,3/26/2020
MT646109,2020-06-22T00:00:00Z,Severe acute respiratory syndrome-related coronavirus,29611,USA,,Homo sapiens,oronasopharynx,3/24/2020
MT646110,2020-06-22T00:00:00Z,Severe acute respiratory syndrome-related coronavirus,29782,USA,,Homo sapiens,oronasopharynx,3/30/2020
MT646111,2020-06-22T00:00:00Z,Severe acute respiratory syndrome-related coronavirus,29782,USA,,Homo sapiens,oronasopharynx,3/27/2020
MT646112,2020-06-22T00:00:00Z,Severe acute respiratory syndrome-related coronavirus,29782,USA,,Homo sapiens,oronasopharynx,3/29/2020
MT646113,2020-06-22T00:00:00Z,Severe acute respiratory syndrome-related coronavirus,29611,USA,,Homo sapiens,oronasopharynx,3/22/2020
MT646114,2020-06-22T00:00:00Z,Severe acute respiratory syndrome-related coronavirus,29782,USA,,Homo sapiens,oronasopharynx,3/18/2020
MT646115,2020-06-22T00:00:00Z,Severe acute respiratory syndrome-related coronavirus,29611,USA,,Homo sapiens,oronasopharynx,3/17/2020
MT646116,2020-06-22T00:00:00Z,Severe acute respiratory syndrome-related coronavirus,29782,USA,,Homo sapiens,oronasopharynx,3/30/2020
MT646117,2020-06-22T00:00:00Z,Severe acute respiratory syndrome-related coronavirus,29782,USA,,Homo sapiens,oronasopharynx,3/7/2020
MT646118,2020-06-22T00:00:00Z,Severe acute respiratory syndrome-related coronavirus,29782,USA,,Homo sapiens,oronasopharynx,3/10/2020
MT646119,2020-06-22T00:00:00Z,Severe acute respiratory syndrome-related coronavirus,29611,USA,,Homo sapiens,oronasopharynx,3/13/2020
MT646120,2020-06-22T00:00:00Z,Severe acute respiratory syndrome-related coronavirus,29782,USA,,Homo sapiens,oronasopharynx,3/21/2020
MT641485,2020-06-19T00:00:00Z,Severe acute respiratory syndrome-related coronavirus,29874,"USA: Washington,Yakima County",WA,Homo sapiens,,4/9/2020
MT641486,2020-06-19T00:00:00Z,Severe acute respiratory syndrome-related coronavirus,29868,"USA: Washington,Snohomish County",WA,Homo sapiens,,4/15/2020
MT641487,2020-06-19T00:00:00Z,Severe acute respiratory syndrome-related coronavirus,29849,"USA: Washington,Yakima County",WA,Homo sapiens,,4/14/2020
MT641488,2020-06-19T00:00:00Z,Severe acute respiratory syndrome-related coronavirus,29849,"USA: Washington,Snohomish County",WA,Homo sapiens,,4/13/2020
MT641489,2020-06-19T00:00:00Z,Severe acute respiratory syndrome-related coronavirus,29868,"USA: Washington,Yakima County",WA,Homo sapiens,,4/14/2020
MT641490,2020-06-19T00:00:00Z,Severe acute respiratory syndrome-related coronavirus,29868,"USA: Washington,Pierce County",WA,Homo sapiens,,4/8/2020
MT641491,2020-06-19T00:00:00Z,Severe acute respiratory syndrome-related coronavirus,29842,"USA: Washington,Yakima County",WA,Homo sapiens,,4/13/2020
MT641492,2020-06-19T00:00:00Z,Severe acute respiratory syndrome-related coronavirus,29868,"USA: Washington,Pierce County",WA,Homo sapiens,,4/16/2020
MT641493,2020-06-19T00:00:00Z,Severe acute respiratory syndrome-related coronavirus,29862,"USA: Washington,Snohomish County",WA,Homo sapiens,,4/16/2020
MT641494,2020-06-19T00:00:00Z,Severe acute respiratory syndrome-related coronavirus,29868,"USA: Washington,Yakima County",WA,Homo sapiens,,4/7/2020
MT641495,2020-06-19T00:00:00Z,Severe acute respiratory syndrome-related coronavirus,29868,"USA: Washington,Yakima County",WA,Homo sapiens,,4/15/2020
MT641496,2020-06-19T00:00:00Z,Severe acute respiratory syndrome-related coronavirus,29868,"USA: Washington,King County",WA,Homo sapiens,,4/13/2020
MT641497,2020-06-19T00:00:00Z,Severe acute respiratory syndrome-related coronavirus,29863,"USA: Washington,Yakima County",WA,Homo sapiens,,4/10/2020
MT641498,2020-06-19T00:00:00Z,Severe acute respiratory syndrome-related coronavirus,29869,"USA: Washington,Snohomish County",WA,Homo sapiens,,4/14/2020
MT641499,2020-06-19T00:00:00Z,Severe acute respiratory syndrome-related coronavirus,29864,"USA: Washington,Asotin County",WA,Homo sapiens,,4/13/2020
MT641500,2020-06-19T00:00:00Z,Severe acute respiratory syndrome-related coronavirus,29871,"USA: Washington,Snohomish County",WA,Homo sapiens,,4/13/2020
MT641501,2020-06-19T00:00:00Z,Severe acute respiratory syndrome-related coronavirus,29868,USA: Washington,WA,Homo sapiens,,4/11/2020
MT641502,2020-06-19T00:00:00Z,Severe acute respiratory syndrome-related coronavirus,29877,"USA: Washington,Pierce County",WA,Homo sapiens,,4/8/2020
MT641503,2020-06-19T00:00:00Z,Severe acute respiratory syndrome-related coronavirus,29851,"USA: Washington,Yakima County",WA,Homo sapiens,,4/15/2020
MT641504,2020-06-19T00:00:00Z,Severe acute respiratory syndrome-related coronavirus,29865,"USA: Washington,Pierce County",WA,Homo sapiens,,4/8/2020
MT641505,2020-06-19T00:00:00Z,Severe acute respiratory syndrome-related coronavirus,29873,"USA: Washington,Snohomish County",WA,Homo sapiens,,4/17/2020
MT641506,2020-06-19T00:00:00Z,Severe acute respiratory syndrome-related coronavirus,29868,"USA: Washington,Yakima County",WA,Homo sapiens,,4/8/2020
MT641507,2020-06-19T00:00:00Z,Severe acute respiratory syndrome-related coronavirus,29854,"USA: Washington,Snohomish County",WA,Homo sapiens,,4/13/2020
MT641508,2020-06-19T00:00:00Z,Severe acute respiratory syndrome-related coronavirus,29875,"USA: Washington,Asotin County",WA,Homo sapiens,,4/11/2020
MT641509,2020-06-19T00:00:00Z,Severe acute respiratory syndrome-related coronavirus,29870,"USA: Washington,Pierce County",WA,Homo sapiens,,4/8/2020
MT641510,2020-06-19T00:00:00Z,Severe acute respiratory syndrome-related coronavirus,29869,"USA: Washington,Yakima County",WA,Homo sapiens,,4/15/2020
MT641511,2020-06-19T00:00:00Z,Severe acute respiratory syndrome-related coronavirus,29856,"USA: Washington,Yakima County",WA,Homo sapiens,,4/17/2020
MT641512,2020-06-19T00:00:00Z,Severe acute respiratory syndrome-related coronavirus,29868,"USA: Washington,Yakima County",WA,Homo sapiens,,4/16/2020
MT641513,2020-06-19T00:00:00Z,Severe acute respiratory syndrome-related coronavirus,29868,"USA: Washington,Pierce County",WA,Homo sapiens,,4/8/2020
MT641514,2020-06-19T00:00:00Z,Severe acute respiratory syndrome-related coronavirus,29868,"USA: Washington,Yakima County",WA,Homo sapiens,,4/8/2020
MT641515,2020-06-19T00:00:00Z,Severe acute respiratory syndrome-related coronavirus,29862,"USA: Washington,Yakima County",WA,Homo sapiens,,4/13/2020
MT641516,2020-06-19T00:00:00Z,Severe acute respiratory syndrome-related coronavirus,29859,"USA: Washington,Asotin County",WA,Homo sapiens,,4/13/2020
MT641517,2020-06-19T00:00:00Z,Severe acute respiratory syndrome-related coronavirus,29856,"USA: Washington,Yakima County",WA,Homo sapiens,,4/14/2020
MT641518,2020-06-19T00:00:00Z,Severe acute respiratory syndrome-related coronavirus,29859,"USA: Washington,Yakima County",WA,Homo sapiens,,4/13/2020
MT641519,2020-06-19T00:00:00Z,Severe acute respiratory syndrome-related coronavirus,29869,"USA: Washington,Yakima County",WA,Homo sapiens,,4/8/2020
MT641520,2020-06-19T00:00:00Z,Severe acute respiratory syndrome-related coronavirus,29868,"USA: Washington,Pierce County",WA,Homo sapiens,,4/8/2020
MT641521,2020-06-19T00:00:00Z,Severe acute respiratory syndrome-related coronavirus,29869,"USA: Washington,Asotin County",WA,Homo sapiens,,4/15/2020
MT641522,2020-06-19T00:00:00Z,Severe acute respiratory syndrome-related coronavirus,29872,"USA: Washington,Pierce County",WA,Homo sapiens,,4/8/2020
MT641523,2020-06-19T00:00:00Z,Severe acute respiratory syndrome-related coronavirus,29868,"USA: Washington,Whatcom County",WA,Homo sapiens,,4/16/2020
MT641524,2020-06-19T00:00:00Z,Severe acute respiratory syndrome-related coronavirus,29845,"USA: Washington,Pierce County",WA,Homo sapiens,,4/16/2020
MT641525,2020-06-19T00:00:00Z,Severe acute respiratory syndrome-related coronavirus,29857,"USA: Washington,Snohomish County",WA,Homo sapiens,,4/13/2020
MT641526,2020-06-19T00:00:00Z,Severe acute respiratory syndrome-related coronavirus,29868,"USA: Washington,Yakima County",WA,Homo sapiens,,4/10/2020
MT641527,2020-06-19T00:00:00Z,Severe acute respiratory syndrome-related coronavirus,29860,"USA: Washington,Yakima County",WA,Homo sapiens,,4/13/2020
MT641528,2020-06-19T00:00:00Z,Severe acute respiratory syndrome-related coronavirus,29868,"USA: Washington,Snohomish County",WA,Homo sapiens,,4/15/2020
MT641529,2020-06-19T00:00:00Z,Severe acute respiratory syndrome-related coronavirus,29857,"USA: Washington,Yakima County",WA,Homo sapiens,,4/14/2020
MT641530,2020-06-19T00:00:00Z,Severe acute respiratory syndrome-related coronavirus,29870,"USA: Washington,Yakima County",WA,Homo sapiens,,4/8/2020
MT641531,2020-06-19T00:00:00Z,Severe acute respiratory syndrome-related coronavirus,29806,"USA: Washington,King County",WA,Homo sapiens,,4/14/2020
MT641532,2020-06-19T00:00:00Z,Severe acute respiratory syndrome-related coronavirus,29867,"USA: Washington,Pierce County",WA,Homo sapiens,,4/10/2020
MT641533,2020-06-19T00:00:00Z,Severe acute respiratory syndrome-related coronavirus,29859,"USA: Washington,Yakima County",WA,Homo sapiens,,4/13/2020
MT641534,2020-06-19T00:00:00Z,Severe acute respiratory syndrome-related coronavirus,29857,"USA: Washington,Yakima County",WA,Homo sapiens,,4/13/2020
MT641535,2020-06-19T00:00:00Z,Severe acute respiratory syndrome-related coronavirus,29857,"USA: Washington,Pierce County",WA,Homo sapiens,,4/8/2020
MT641536,2020-06-19T00:00:00Z,Severe acute respiratory syndrome-related coronavirus,29860,"USA: Washington,Pierce County",WA,Homo sapiens,,4/11/2020
MT641537,2020-06-19T00:00:00Z,Severe acute respiratory syndrome-related coronavirus,29860,"USA: Washington,King County",WA,Homo sapiens,,4/7/2020
MT641538,2020-06-19T00:00:00Z,Severe acute respiratory syndrome-related coronavirus,29857,"USA: Washington,Yakima County",WA,Homo sapiens,,4/15/2020
MT641539,2020-06-19T00:00:00Z,Severe acute respiratory syndrome-related coronavirus,29855,"USA: Washington,Pierce County",WA,Homo sapiens,,4/8/2020
MT641540,2020-06-19T00:00:00Z,Severe acute respiratory syndrome-related coronavirus,29858,"USA: Washington,Mason County",WA,Homo sapiens,,4/13/2020
MT641541,2020-06-19T00:00:00Z,Severe acute respiratory syndrome-related coronavirus,29860,"USA: Washington,Whatcom County",WA,Homo sapiens,,4/12/2020
MT641542,2020-06-19T00:00:00Z,Severe acute respiratory syndrome-related coronavirus,29868,"USA: Washington,Yakima County",WA,Homo sapiens,,4/12/2020
MT641543,2020-06-19T00:00:00Z,Severe acute respiratory syndrome-related coronavirus,29868,"USA: Washington,Pierce County",WA,Homo sapiens,,4/11/2020
MT641544,2020-06-19T00:00:00Z,Severe acute respiratory syndrome-related coronavirus,29861,"USA: Washington,Yakima County",WA,Homo sapiens,,4/13/2020
MT641545,2020-06-19T00:00:00Z,Severe acute respiratory syndrome-related coronavirus,29863,"USA: Washington,Yakima County",WA,Homo sapiens,,4/13/2020
MT641546,2020-06-19T00:00:00Z,Severe acute respiratory syndrome-related coronavirus,29867,"USA: Washington,Yakima County",WA,Homo sapiens,,4/8/2020
MT641547,2020-06-19T00:00:00Z,Severe acute respiratory syndrome-related coronavirus,29855,"USA: Washington,Yakima County",WA,Homo sapiens,,4/14/2020
MT641548,2020-06-19T00:00:00Z,Severe acute respiratory syndrome-related coronavirus,29876,"USA: Washington,Yakima County",WA,Homo sapiens,,4/11/2020
MT641549,2020-06-19T00:00:00Z,Severe acute respiratory syndrome-related coronavirus,29871,"USA: Washington,Yakima County",WA,Homo sapiens,,4/15/2020
MT641550,2020-06-19T00:00:00Z,Severe acute respiratory syndrome-related coronavirus,29868,"USA: Washington,Snohomish County",WA,Homo sapiens,,4/17/2020
MT641551,2020-06-19T00:00:00Z,Severe acute respiratory syndrome-related coronavirus,29868,"USA: Washington,Yakima County",WA,Homo sapiens,,4/8/2020
MT641552,2020-06-19T00:00:00Z,Severe acute respiratory syndrome-related coronavirus,29870,"USA: Washington,Yakima County",WA,Homo sapiens,,4/8/2020
MT641553,2020-06-19T00:00:00Z,Severe acute respiratory syndrome-related coronavirus,29858,"USA: Washington,Yakima County",WA,Homo sapiens,,4/16/2020
MT641554,2020-06-19T00:00:00Z,Severe acute respiratory syndrome-related coronavirus,29871,"USA: Washington,Yakima County",WA,Homo sapiens,,4/11/2020
MT641555,2020-06-19T00:00:00Z,Severe acute respiratory syndrome-related coronavirus,29868,USA: Washington,WA,Homo sapiens,,4/16/2020
MT641556,2020-06-19T00:00:00Z,Severe acute respiratory syndrome-related coronavirus,29872,USA: Washington,WA,Homo sapiens,,4/11/2020
MT641557,2020-06-19T00:00:00Z,Severe acute respiratory syndrome-related coronavirus,29868,"USA: Washington,Pierce County",WA,Homo sapiens,,4/16/2020
MT641558,2020-06-19T00:00:00Z,Severe acute respiratory syndrome-related coronavirus,29868,"USA: Washington,Pierce County",WA,Homo sapiens,,4/14/2020
MT641559,2020-06-19T00:00:00Z,Severe acute respiratory syndrome-related coronavirus,29871,"USA: Washington,Pierce County",WA,Homo sapiens,,4/14/2020
MT641560,2020-06-19T00:00:00Z,Severe acute respiratory syndrome-related coronavirus,29857,"USA: Washington,Yakima County",WA,Homo sapiens,,4/15/2020
MT641561,2020-06-19T00:00:00Z,Severe acute respiratory syndrome-related coronavirus,29869,"USA: Washington,Yakima County",WA,Homo sapiens,,4/14/2020
MT641562,2020-06-19T00:00:00Z,Severe acute respiratory syndrome-related coronavirus,29868,"USA: Washington,Yakima County",WA,Homo sapiens,,4/15/2020
MT641563,2020-06-19T00:00:00Z,Severe acute respiratory syndrome-related coronavirus,29868,"USA: Washington,Pierce County",WA,Homo sapiens,,4/14/2020
MT641564,2020-06-19T00:00:00Z,Severe acute respiratory syndrome-related coronavirus,29857,"USA: Washington,Yakima County",WA,Homo sapiens,,4/7/2020
MT641565,2020-06-19T00:00:00Z,Severe acute respiratory syndrome-related coronavirus,29848,"USA: Washington,Snohomish County",WA,Homo sapiens,,4/13/2020
MT641566,2020-06-19T00:00:00Z,Severe acute respiratory syndrome-related coronavirus,29867,"USA: Washington,Yakima County",WA,Homo sapiens,,4/13/2020
MT641567,2020-06-19T00:00:00Z,Severe acute respiratory syndrome-related coronavirus,29868,"USA: Washington,Snohomish County",WA,Homo sapiens,,4/16/2020
MT641568,2020-06-19T00:00:00Z,Severe acute respiratory syndrome-related coronavirus,29859,"USA: Washington,Asotin County",WA,Homo sapiens,,4/11/2020
MT641569,2020-06-19T00:00:00Z,Severe acute respiratory syndrome-related coronavirus,29858,"USA: Washington,Jefferson County",WA,Homo sapiens,,4/8/2020
MT641570,2020-06-19T00:00:00Z,Severe acute respiratory syndrome-related coronavirus,29868,"USA: Washington,King County",WA,Homo sapiens,,4/16/2020
MT641571,2020-06-19T00:00:00Z,Severe acute respiratory syndrome-related coronavirus,29857,"USA: Washington,King County",WA,Homo sapiens,,4/9/2020
MT641572,2020-06-19T00:00:00Z,Severe acute respiratory syndrome-related coronavirus,29868,"USA: Washington,King County",WA,Homo sapiens,,4/8/2020
MT641573,2020-06-19T00:00:00Z,Severe acute respiratory syndrome-related coronavirus,29864,"USA: Washington,King County",WA,Homo sapiens,,4/14/2020
MT641574,2020-06-19T00:00:00Z,Severe acute respiratory syndrome-related coronavirus,29863,"USA: Washington,Yakima County",WA,Homo sapiens,,4/13/2020
MT641575,2020-06-19T00:00:00Z,Severe acute respiratory syndrome-related coronavirus,29859,"USA: Washington,King County",WA,Homo sapiens,,4/14/2020
MT641576,2020-06-19T00:00:00Z,Severe acute respiratory syndrome-related coronavirus,29868,"USA: Washington,Pierce County",WA,Homo sapiens,,4/14/2020
MT641577,2020-06-19T00:00:00Z,Severe acute respiratory syndrome-related coronavirus,29860,"USA: Washington,Yakima County",WA,Homo sapiens,,4/12/2020
MT641578,2020-06-19T00:00:00Z,Severe acute respiratory syndrome-related coronavirus,29862,"USA: Washington,Adams County",WA,Homo sapiens,,4/7/2020
MT641579,2020-06-19T00:00:00Z,Severe acute respiratory syndrome-related coronavirus,29860,"USA: Washington,Yakima County",WA,Homo sapiens,,4/13/2020
MT641580,2020-06-19T00:00:00Z,Severe acute respiratory syndrome-related coronavirus,29857,"USA: Washington,King County",WA,Homo sapiens,,4/11/2020
MT641581,2020-06-19T00:00:00Z,Severe acute respiratory syndrome-related coronavirus,29868,"USA: Washington,Yakima County",WA,Homo sapiens,,4/8/2020
MT641582,2020-06-19T00:00:00Z,Severe acute respiratory syndrome-related coronavirus,29858,"USA: Washington,Yakima County",WA,Homo sapiens,,4/15/2020
MT641583,2020-06-19T00:00:00Z,Severe acute respiratory syndrome-related coronavirus,29867,"USA: Washington,Yakima County",WA,Homo sapiens,,4/13/2020
MT641584,2020-06-19T00:00:00Z,Severe acute respiratory syndrome-related coronavirus,29868,"USA: Washington,Yakima County",WA,Homo sapiens,,4/16/2020
MT641585,2020-06-19T00:00:00Z,Severe acute respiratory syndrome-related coronavirus,29867,"USA: Washington,Snohomish County",WA,Homo sapiens,,4/16/2020
MT641586,2020-06-19T00:00:00Z,Severe acute respiratory syndrome-related coronavirus,29864,"USA: Washington,Yakima County",WA,Homo sapiens,,4/12/2020
MT641587,2020-06-19T00:00:00Z,Severe acute respiratory syndrome-related coronavirus,29868,"USA: Washington,Yakima County",WA,Homo sapiens,,4/16/2020
MT641588,2020-06-19T00:00:00Z,Severe acute respiratory syndrome-related coronavirus,29857,"USA: Washington,Whatcom County",WA,Homo sapiens,,4/11/2020
MT641589,2020-06-19T00:00:00Z,Severe acute respiratory syndrome-related coronavirus,29859,"USA: Washington,Yakima County",WA,Homo sapiens,,4/14/2020
MT641590,2020-06-19T00:00:00Z,Severe acute respiratory syndrome-related coronavirus,29857,"USA: Washington,Yakima County",WA,Homo sapiens,,4/8/2020
MT641591,2020-06-19T00:00:00Z,Severe acute respiratory syndrome-related coronavirus,29863,"USA: Washington,Yakima County",WA,Homo sapiens,,4/8/2020
MT641592,2020-06-19T00:00:00Z,Severe acute respiratory syndrome-related coronavirus,29858,"USA: Washington,Yakima County",WA,Homo sapiens,,4/11/2020
MT641593,2020-06-19T00:00:00Z,Severe acute respiratory syndrome-related coronavirus,29862,"USA: Washington,Yakima County",WA,Homo sapiens,,4/8/2020
MT641594,2020-06-19T00:00:00Z,Severe acute respiratory syndrome-related coronavirus,29857,"USA: Washington,Yakima County",WA,Homo sapiens,,4/14/2020
MT641595,2020-06-19T00:00:00Z,Severe acute respiratory syndrome-related coronavirus,29867,"USA: Washington,Yakima County",WA,Homo sapiens,,4/16/2020
MT641596,2020-06-19T00:00:00Z,Severe acute respiratory syndrome-related coronavirus,29867,"USA: Washington,Yakima County",WA,Homo sapiens,,4/16/2020
MT641597,2020-06-19T00:00:00Z,Severe acute respiratory syndrome-related coronavirus,29855,"USA: Washington,Snohomish County",WA,Homo sapiens,,4/13/2020
MT641598,2020-06-19T00:00:00Z,Severe acute respiratory syndrome-related coronavirus,29867,"USA: Washington,Yakima County",WA,Homo sapiens,,4/16/2020
MT641599,2020-06-19T00:00:00Z,Severe acute respiratory syndrome-related coronavirus,29864,"USA: Washington,Pierce County",WA,Homo sapiens,,4/10/2020
MT641600,2020-06-19T00:00:00Z,Severe acute respiratory syndrome-related coronavirus,29856,"USA: Washington,Pierce County",WA,Homo sapiens,,4/11/2020
MT641601,2020-06-19T00:00:00Z,Severe acute respiratory syndrome-related coronavirus,29857,"USA: Washington,Yakima County",WA,Homo sapiens,,4/14/2020
MT641602,2020-06-19T00:00:00Z,Severe acute respiratory syndrome-related coronavirus,29869,"USA: Washington,King County",WA,Homo sapiens,,4/14/2020
MT641603,2020-06-19T00:00:00Z,Severe acute respiratory syndrome-related coronavirus,29863,"USA: Washington,Yakima County",WA,Homo sapiens,,4/12/2020
MT641604,2020-06-19T00:00:00Z,Severe acute respiratory syndrome-related coronavirus,29859,"USA: Washington,Pierce County",WA,Homo sapiens,,4/10/2020
MT641605,2020-06-19T00:00:00Z,Severe acute respiratory syndrome-related coronavirus,29859,"USA: Washington,Yakima County",WA,Homo sapiens,,4/15/2020
MT641606,2020-06-19T00:00:00Z,Severe acute respiratory syndrome-related coronavirus,29867,"USA: Washington,Pierce County",WA,Homo sapiens,,4/16/2020
MT641607,2020-06-19T00:00:00Z,Severe acute respiratory syndrome-related coronavirus,29857,"USA: Washington,King County",WA,Homo sapiens,,4/10/2020
MT641608,2020-06-19T00:00:00Z,Severe acute respiratory syndrome-related coronavirus,29859,"USA: Washington,King County",WA,Homo sapiens,,4/7/2020
MT641609,2020-06-19T00:00:00Z,Severe acute respiratory syndrome-related coronavirus,29849,"USA: Washington,Snohomish County",WA,Homo sapiens,,4/9/2020
MT641610,2020-06-19T00:00:00Z,Severe acute respiratory syndrome-related coronavirus,29863,"USA: Washington,Yakima County",WA,Homo sapiens,,4/16/2020
MT641611,2020-06-19T00:00:00Z,Severe acute respiratory syndrome-related coronavirus,29868,"USA: Washington,King County",WA,Homo sapiens,,4/14/2020
MT641612,2020-06-19T00:00:00Z,Severe acute respiratory syndrome-related coronavirus,29868,"USA: Washington,Snohomish County",WA,Homo sapiens,,4/14/2020
MT641613,2020-06-19T00:00:00Z,Severe acute respiratory syndrome-related coronavirus,29857,"USA: Washington,Yakima County",WA,Homo sapiens,,4/15/2020
MT641614,2020-06-19T00:00:00Z,Severe acute respiratory syndrome-related coronavirus,29868,"USA: Washington,King County",WA,Homo sapiens,,4/14/2020
MT641615,2020-06-19T00:00:00Z,Severe acute respiratory syndrome-related coronavirus,29868,"USA: Washington,King County",WA,Homo sapiens,,4/14/2020
MT641616,2020-06-19T00:00:00Z,Severe acute respiratory syndrome-related coronavirus,29829,"USA: Washington,King County",WA,Homo sapiens,,4/9/2020
MT641617,2020-06-19T00:00:00Z,Severe acute respiratory syndrome-related coronavirus,29863,"USA: Washington,King County",WA,Homo sapiens,,4/9/2020
MT641618,2020-06-19T00:00:00Z,Severe acute respiratory syndrome-related coronavirus,29863,"USA: Washington,King County",WA,Homo sapiens,,4/14/2020
MT641619,2020-06-19T00:00:00Z,Severe acute respiratory syndrome-related coronavirus,29857,"USA: Washington,Yakima County",WA,Homo sapiens,,4/15/2020
MT641620,2020-06-19T00:00:00Z,Severe acute respiratory syndrome-related coronavirus,29859,"USA: Washington,Yakima County",WA,Homo sapiens,,4/8/2020
MT641621,2020-06-19T00:00:00Z,Severe acute respiratory syndrome-related coronavirus,29867,"USA: Washington,King County",WA,Homo sapiens,,4/14/2020
MT641622,2020-06-19T00:00:00Z,Severe acute respiratory syndrome-related coronavirus,29867,"USA: Washington,King County",WA,Homo sapiens,,4/14/2020
MT641623,2020-06-19T00:00:00Z,Severe acute respiratory syndrome-related coronavirus,29868,"USA: Washington,Yakima County",WA,Homo sapiens,,4/9/2020
MT641624,2020-06-19T00:00:00Z,Severe acute respiratory syndrome-related coronavirus,29860,"USA: Washington,King County",WA,Homo sapiens,,4/7/2020
MT641625,2020-06-19T00:00:00Z,Severe acute respiratory syndrome-related coronavirus,29857,"USA: Washington,King County",WA,Homo sapiens,,4/9/2020
MT641626,2020-06-19T00:00:00Z,Severe acute respiratory syndrome-related coronavirus,29859,"USA: Washington,King County",WA,Homo sapiens,,4/14/2020
MT641627,2020-06-19T00:00:00Z,Severe acute respiratory syndrome-related coronavirus,29863,"USA: Washington,King County",WA,Homo sapiens,,4/7/2020
MT641628,2020-06-19T00:00:00Z,Severe acute respiratory syndrome-related coronavirus,29859,"USA: Washington,Yakima County",WA,Homo sapiens,,4/11/2020
MT641629,2020-06-19T00:00:00Z,Severe acute respiratory syndrome-related coronavirus,29857,"USA: Washington,King County",WA,Homo sapiens,,4/7/2020
MT641630,2020-06-19T00:00:00Z,Severe acute respiratory syndrome-related coronavirus,29862,"USA: Washington,Yakima County",WA,Homo sapiens,,4/14/2020
MT641631,2020-06-19T00:00:00Z,Severe acute respiratory syndrome-related coronavirus,29857,"USA: Washington,Yakima County",WA,Homo sapiens,,4/9/2020
MT641632,2020-06-19T00:00:00Z,Severe acute respiratory syndrome-related coronavirus,29857,"USA: Washington,King County",WA,Homo sapiens,,4/7/2020
MT641633,2020-06-19T00:00:00Z,Severe acute respiratory syndrome-related coronavirus,29867,"USA: Washington,Yakima County",WA,Homo sapiens,,4/15/2020
MT641634,2020-06-19T00:00:00Z,Severe acute respiratory syndrome-related coronavirus,29858,"USA: Washington,Benton County",WA,Homo sapiens,,4/10/2020
MT641635,2020-06-19T00:00:00Z,Severe acute respiratory syndrome-related coronavirus,29858,"USA: Washington,King County",WA,Homo sapiens,,4/14/2020
MT641636,2020-06-19T00:00:00Z,Severe acute respiratory syndrome-related coronavirus,29867,"USA: Washington,Yakima County",WA,Homo sapiens,,4/11/2020
MT641637,2020-06-19T00:00:00Z,Severe acute respiratory syndrome-related coronavirus,29831,"USA: Washington,King County",WA,Homo sapiens,,4/14/2020
MT641638,2020-06-19T00:00:00Z,Severe acute respiratory syndrome-related coronavirus,29836,"USA: Washington,King County",WA,Homo sapiens,,4/14/2020
MT641639,2020-06-19T00:00:00Z,Severe acute respiratory syndrome-related coronavirus,29868,"USA: Washington,Snohomish County",WA,Homo sapiens,,4/17/2020
MT641640,2020-06-19T00:00:00Z,Severe acute respiratory syndrome-related coronavirus,29867,"USA: Washington,Yakima County",WA,Homo sapiens,,4/17/2020
MT641641,2020-06-19T00:00:00Z,Severe acute respiratory syndrome-related coronavirus,29857,"USA: Washington,Yakima County",WA,Homo sapiens,,4/14/2020
MT641642,2020-06-19T00:00:00Z,Severe acute respiratory syndrome-related coronavirus,29870,"USA: Washington,Yakima County",WA,Homo sapiens,,4/8/2020
MT641643,2020-06-19T00:00:00Z,Severe acute respiratory syndrome-related coronavirus,29868,"USA: Washington,Yakima County",WA,Homo sapiens,,4/13/2020
MT641644,2020-06-19T00:00:00Z,Severe acute respiratory syndrome-related coronavirus,29868,"USA: Washington,Snohomish County",WA,Homo sapiens,,4/17/2020
MT642066,2020-06-19T00:00:00Z,Severe acute respiratory syndrome-related coronavirus,29857,"USA: Washington, Yakima County",WA,Homo sapiens,,5/3/2020
MT642067,2020-06-19T00:00:00Z,Severe acute respiratory syndrome-related coronavirus,29854,"USA: Washington, King County",WA,Homo sapiens,,4/24/2020
MT642068,2020-06-19T00:00:00Z,Severe acute respiratory syndrome-related coronavirus,29843,"USA: Washington, Snohomish County",WA,Homo sapiens,,4/16/2020
MT642069,2020-06-19T00:00:00Z,Severe acute respiratory syndrome-related coronavirus,29840,"USA: Washington, Yakima County",WA,Homo sapiens,,5/4/2020
MT642070,2020-06-19T00:00:00Z,Severe acute respiratory syndrome-related coronavirus,29774,"USA: Washington, Yakima County",WA,Homo sapiens,,5/6/2020
MT642071,2020-06-19T00:00:00Z,Severe acute respiratory syndrome-related coronavirus,29857,"USA: Washington, Yakima County",WA,Homo sapiens,,5/1/2020
MT642072,2020-06-19T00:00:00Z,Severe acute respiratory syndrome-related coronavirus,29863,"USA: Washington, Snohomish County",WA,Homo sapiens,,4/30/2020
MT642073,2020-06-19T00:00:00Z,Severe acute respiratory syndrome-related coronavirus,29875,"USA: Washington, Snohomish County",WA,Homo sapiens,,4/18/2020
MT642074,2020-06-19T00:00:00Z,Severe acute respiratory syndrome-related coronavirus,29836,"USA: Washington, King County",WA,Homo sapiens,,4/24/2020
MT642075,2020-06-19T00:00:00Z,Severe acute respiratory syndrome-related coronavirus,29846,"USA: Washington, King County",WA,Homo sapiens,,4/28/2020
MT642076,2020-06-19T00:00:00Z,Severe acute respiratory syndrome-related coronavirus,29855,"USA: Washington, King County",WA,Homo sapiens,,4/24/2020
MT642077,2020-06-19T00:00:00Z,Severe acute respiratory syndrome-related coronavirus,29574,"USA: Washington, King County",WA,Homo sapiens,,4/27/2020
MT642078,2020-06-19T00:00:00Z,Severe acute respiratory syndrome-related coronavirus,29868,"USA: Washington, Snohomish County",WA,Homo sapiens,,4/26/2020
MT642079,2020-06-19T00:00:00Z,Severe acute respiratory syndrome-related coronavirus,29857,"USA: Washington, King County",WA,Homo sapiens,,4/24/2020
MT642080,2020-06-19T00:00:00Z,Severe acute respiratory syndrome-related coronavirus,29875,"USA: Washington, Yakima County",WA,Homo sapiens,,5/3/2020
MT642081,2020-06-19T00:00:00Z,Severe acute respiratory syndrome-related coronavirus,29858,"USA: Washington, Snohomish County",WA,Homo sapiens,,4/23/2020
MT642082,2020-06-19T00:00:00Z,Severe acute respiratory syndrome-related coronavirus,29868,"USA: Washington, Yakima County",WA,Homo sapiens,,5/1/2020
MT642083,2020-06-19T00:00:00Z,Severe acute respiratory syndrome-related coronavirus,29868,"USA: Washington, Yakima County",WA,Homo sapiens,,5/1/2020
MT642084,2020-06-19T00:00:00Z,Severe acute respiratory syndrome-related coronavirus,29810,"USA: Washington, Skagit County",WA,Homo sapiens,,5/6/2020
MT642085,2020-06-19T00:00:00Z,Severe acute respiratory syndrome-related coronavirus,29869,"USA: Washington, Pierce County",WA,Homo sapiens,,4/29/2020
MT642086,2020-06-19T00:00:00Z,Severe acute respiratory syndrome-related coronavirus,29868,"USA: Washington, Snohomish County",WA,Homo sapiens,,4/23/2020
MT642087,2020-06-19T00:00:00Z,Severe acute respiratory syndrome-related coronavirus,29869,"USA: Washington, Snohomish County",WA,Homo sapiens,,4/30/2020
MT642088,2020-06-19T00:00:00Z,Severe acute respiratory syndrome-related coronavirus,29841,"USA: Washington, Yakima County",WA,Homo sapiens,,4/26/2020
MT642089,2020-06-19T00:00:00Z,Severe acute respiratory syndrome-related coronavirus,29853,"USA: Washington, King County",WA,Homo sapiens,,4/24/2020
MT642090,2020-06-19T00:00:00Z,Severe acute respiratory syndrome-related coronavirus,29774,"USA: Washington, Snohomish County",WA,Homo sapiens,,5/5/2020
MT642091,2020-06-19T00:00:00Z,Severe acute respiratory syndrome-related coronavirus,29863,"USA: Washington, Yakima County",WA,Homo sapiens,,4/29/2020
MT642092,2020-06-19T00:00:00Z,Severe acute respiratory syndrome-related coronavirus,29868,"USA: Washington, Pierce County",WA,Homo sapiens,,4/29/2020
MT642093,2020-06-19T00:00:00Z,Severe acute respiratory syndrome-related coronavirus,29874,"USA: Washington, Yakima County",WA,Homo sapiens,,4/29/2020
MT642094,2020-06-19T00:00:00Z,Severe acute respiratory syndrome-related coronavirus,29852,"USA: Washington, Yakima County",WA,Homo sapiens,,5/5/2020
MT642095,2020-06-19T00:00:00Z,Severe acute respiratory syndrome-related coronavirus,29875,"USA: Washington, Yakima County",WA,Homo sapiens,,5/4/2020
MT642096,2020-06-19T00:00:00Z,Severe acute respiratory syndrome-related coronavirus,29864,"USA: Washington, Yakima County",WA,Homo sapiens,,5/4/2020
MT642097,2020-06-19T00:00:00Z,Severe acute respiratory syndrome-related coronavirus,29873,"USA: Washington, Yakima County",WA,Homo sapiens,,5/3/2020
MT642098,2020-06-19T00:00:00Z,Severe acute respiratory syndrome-related coronavirus,29868,"USA: Washington, Yakima County",WA,Homo sapiens,,5/3/2020
MT642099,2020-06-19T00:00:00Z,Severe acute respiratory syndrome-related coronavirus,29846,"USA: Washington, Yakima County",WA,Homo sapiens,,5/5/2020
MT642100,2020-06-19T00:00:00Z,Severe acute respiratory syndrome-related coronavirus,29865,"USA: Washington, Yakima County",WA,Homo sapiens,,5/4/2020
MT642101,2020-06-19T00:00:00Z,Severe acute respiratory syndrome-related coronavirus,29868,"USA: Washington, Yakima County",WA,Homo sapiens,,5/5/2020
MT642102,2020-06-19T00:00:00Z,Severe acute respiratory syndrome-related coronavirus,29868,"USA: Washington, Pierce County",WA,Homo sapiens,,4/23/2020
MT642103,2020-06-19T00:00:00Z,Severe acute respiratory syndrome-related coronavirus,29868,"USA: Washington, Yakima County",WA,Homo sapiens,,5/6/2020
MT642104,2020-06-19T00:00:00Z,Severe acute respiratory syndrome-related coronavirus,29868,"USA: Washington, Snohomish County",WA,Homo sapiens,,4/23/2020
MT642105,2020-06-19T00:00:00Z,Severe acute respiratory syndrome-related coronavirus,29879,"USA: Washington, Snohomish County",WA,Homo sapiens,,4/28/2020
MT642106,2020-06-19T00:00:00Z,Severe acute respiratory syndrome-related coronavirus,29873,"USA: Washington, Yakima County",WA,Homo sapiens,,5/4/2020
MT642107,2020-06-19T00:00:00Z,Severe acute respiratory syndrome-related coronavirus,29868,"USA: Washington, Yakima County",WA,Homo sapiens,,4/30/2020
MT642108,2020-06-19T00:00:00Z,Severe acute respiratory syndrome-related coronavirus,29733,"USA: Washington, Snohomish County",WA,Homo sapiens,,4/23/2020
MT642109,2020-06-19T00:00:00Z,Severe acute respiratory syndrome-related coronavirus,29851,"USA: Washington, Snohomish County",WA,Homo sapiens,,4/28/2020
MT642110,2020-06-19T00:00:00Z,Severe acute respiratory syndrome-related coronavirus,29005,"USA: Washington, King County",WA,Homo sapiens,,4/24/2020
MT642111,2020-06-19T00:00:00Z,Severe acute respiratory syndrome-related coronavirus,29868,"USA: Washington, Yakima County",WA,Homo sapiens,,4/24/2020
MT642112,2020-06-19T00:00:00Z,Severe acute respiratory syndrome-related coronavirus,29867,"USA: Washington, Snohomish County",WA,Homo sapiens,,5/5/2020
MT642113,2020-06-19T00:00:00Z,Severe acute respiratory syndrome-related coronavirus,29868,"USA: Washington, Yakima County",WA,Homo sapiens,,5/1/2020
MT642114,2020-06-19T00:00:00Z,Severe acute respiratory syndrome-related coronavirus,29860,"USA: Washington, Snohomish County",WA,Homo sapiens,,5/5/2020
MT642115,2020-06-19T00:00:00Z,Severe acute respiratory syndrome-related coronavirus,29854,"USA: Washington, Snohomish County",WA,Homo sapiens,,4/30/2020
MT642116,2020-06-19T00:00:00Z,Severe acute respiratory syndrome-related coronavirus,29869,"USA: Washington, King County",WA,Homo sapiens,,4/27/2020
MT642117,2020-06-19T00:00:00Z,Severe acute respiratory syndrome-related coronavirus,29857,"USA: Washington, Yakima County",WA,Homo sapiens,,5/7/2020
MT642118,2020-06-19T00:00:00Z,Severe acute respiratory syndrome-related coronavirus,29869,"USA: Washington, King County",WA,Homo sapiens,,5/5/2020
MT642119,2020-06-19T00:00:00Z,Severe acute respiratory syndrome-related coronavirus,29862,"USA: Washington, Yakima County",WA,Homo sapiens,,5/4/2020
MT642120,2020-06-19T00:00:00Z,Severe acute respiratory syndrome-related coronavirus,29867,"USA: Washington, Snohomish County",WA,Homo sapiens,,4/24/2020
MT642121,2020-06-19T00:00:00Z,Severe acute respiratory syndrome-related coronavirus,29857,"USA: Washington, Yakima County",WA,Homo sapiens,,4/30/2020
MT642122,2020-06-19T00:00:00Z,Severe acute respiratory syndrome-related coronavirus,29868,"USA: Washington, Yakima County",WA,Homo sapiens,,4/29/2020
MT642123,2020-06-19T00:00:00Z,Severe acute respiratory syndrome-related coronavirus,29868,"USA: Washington, Yakima County",WA,Homo sapiens,,5/3/2020
MT642124,2020-06-19T00:00:00Z,Severe acute respiratory syndrome-related coronavirus,29857,"USA: Washington, Snohomish County",WA,Homo sapiens,,4/30/2020
MT642125,2020-06-19T00:00:00Z,Severe acute respiratory syndrome-related coronavirus,29863,"USA: Washington, Yakima County",WA,Homo sapiens,,4/30/2020
MT642126,2020-06-19T00:00:00Z,Severe acute respiratory syndrome-related coronavirus,29856,"USA: Washington, Yakima County",WA,Homo sapiens,,5/1/2020
MT642127,2020-06-19T00:00:00Z,Severe acute respiratory syndrome-related coronavirus,29868,"USA: Washington, Yakima County",WA,Homo sapiens,,5/3/2020
MT642128,2020-06-19T00:00:00Z,Severe acute respiratory syndrome-related coronavirus,29877,"USA: Washington, Yakima County",WA,Homo sapiens,,5/4/2020
MT642129,2020-06-19T00:00:00Z,Severe acute respiratory syndrome-related coronavirus,29857,"USA: Washington, Yakima County",WA,Homo sapiens,,4/29/2020
MT642130,2020-06-19T00:00:00Z,Severe acute respiratory syndrome-related coronavirus,29857,"USA: Washington, Yakima County",WA,Homo sapiens,,5/1/2020
MT642131,2020-06-19T00:00:00Z,Severe acute respiratory syndrome-related coronavirus,29876,"USA: Washington, Yakima County",WA,Homo sapiens,,5/5/2020
MT642132,2020-06-19T00:00:00Z,Severe acute respiratory syndrome-related coronavirus,29871,"USA: Washington, Pierce County",WA,Homo sapiens,,5/4/2020
MT642133,2020-06-19T00:00:00Z,Severe acute respiratory syndrome-related coronavirus,29857,"USA: Washington, Snohomish County",WA,Homo sapiens,,4/30/2020
MT642134,2020-06-19T00:00:00Z,Severe acute respiratory syndrome-related coronavirus,29855,"USA: Washington, Yakima County",WA,Homo sapiens,,5/7/2020
MT642135,2020-06-19T00:00:00Z,Severe acute respiratory syndrome-related coronavirus,29843,"USA: Washington, Yakima County",WA,Homo sapiens,,5/5/2020
MT642136,2020-06-19T00:00:00Z,Severe acute respiratory syndrome-related coronavirus,29857,"USA: Washington, Pierce County",WA,Homo sapiens,,4/29/2020
MT642137,2020-06-19T00:00:00Z,Severe acute respiratory syndrome-related coronavirus,29857,"USA: Washington, Snohomish County",WA,Homo sapiens,,4/29/2020
MT642138,2020-06-19T00:00:00Z,Severe acute respiratory syndrome-related coronavirus,29868,"USA: Washington, Snohomish County",WA,Homo sapiens,,4/27/2020
MT642139,2020-06-19T00:00:00Z,Severe acute respiratory syndrome-related coronavirus,29876,"USA: Washington, Yakima County",WA,Homo sapiens,,5/1/2020
MT642140,2020-06-19T00:00:00Z,Severe acute respiratory syndrome-related coronavirus,29857,"USA: Washington, Yakima County",WA,Homo sapiens,,5/7/2020
MT642141,2020-06-19T00:00:00Z,Severe acute respiratory syndrome-related coronavirus,29863,"USA: Washington, Yakima County",WA,Homo sapiens,,5/4/2020
MT642142,2020-06-19T00:00:00Z,Severe acute respiratory syndrome-related coronavirus,29868,"USA: Washington, Yakima County",WA,Homo sapiens,,4/26/2020
MT642143,2020-06-19T00:00:00Z,Severe acute respiratory syndrome-related coronavirus,29868,"USA: Washington, Yakima County",WA,Homo sapiens,,4/23/2020
MT642144,2020-06-19T00:00:00Z,Severe acute respiratory syndrome-related coronavirus,29868,"USA: Washington, Snohomish County",WA,Homo sapiens,,4/27/2020
MT642145,2020-06-19T00:00:00Z,Severe acute respiratory syndrome-related coronavirus,29856,"USA: Washington, Yakima County",WA,Homo sapiens,,5/4/2020
MT642146,2020-06-19T00:00:00Z,Severe acute respiratory syndrome-related coronavirus,29868,"USA: Washington, Yakima County",WA,Homo sapiens,,5/4/2020
MT642147,2020-06-19T00:00:00Z,Severe acute respiratory syndrome-related coronavirus,29846,"USA: Washington, Pierce County",WA,Homo sapiens,,4/29/2020
MT642148,2020-06-19T00:00:00Z,Severe acute respiratory syndrome-related coronavirus,29868,"USA: Washington, Pierce County",WA,Homo sapiens,,4/24/2020
MT642149,2020-06-19T00:00:00Z,Severe acute respiratory syndrome-related coronavirus,29870,"USA: Washington, Yakima County",WA,Homo sapiens,,5/1/2020
MT642150,2020-06-19T00:00:00Z,Severe acute respiratory syndrome-related coronavirus,29871,"USA: Washington, Yakima County",WA,Homo sapiens,,4/29/2020
MT642151,2020-06-19T00:00:00Z,Severe acute respiratory syndrome-related coronavirus,29864,"USA: Washington, Pierce County",WA,Homo sapiens,,4/29/2020
MT642152,2020-06-19T00:00:00Z,Severe acute respiratory syndrome-related coronavirus,29873,"USA: Washington, Yakima County",WA,Homo sapiens,,4/23/2020
MT642153,2020-06-19T00:00:00Z,Severe acute respiratory syndrome-related coronavirus,29868,"USA: Washington, Yakima County",WA,Homo sapiens,,5/4/2020
MT642154,2020-06-19T00:00:00Z,Severe acute respiratory syndrome-related coronavirus,29867,"USA: Washington, Yakima County",WA,Homo sapiens,,4/30/2020
MT642155,2020-06-19T00:00:00Z,Severe acute respiratory syndrome-related coronavirus,29858,"USA: Washington, Pierce County",WA,Homo sapiens,,5/4/2020
MT642156,2020-06-19T00:00:00Z,Severe acute respiratory syndrome-related coronavirus,29868,"USA: Washington, Yakima County",WA,Homo sapiens,,5/4/2020
MT642157,2020-06-19T00:00:00Z,Severe acute respiratory syndrome-related coronavirus,29856,"USA: Washington, Yakima County",WA,Homo sapiens,,5/6/2020
MT642158,2020-06-19T00:00:00Z,Severe acute respiratory syndrome-related coronavirus,29859,"USA: Washington, Yakima County",WA,Homo sapiens,,4/27/2020
MT642159,2020-06-19T00:00:00Z,Severe acute respiratory syndrome-related coronavirus,29847,"USA: Washington, Yakima County",WA,Homo sapiens,,5/6/2020
MT642160,2020-06-19T00:00:00Z,Severe acute respiratory syndrome-related coronavirus,29860,"USA: Washington, Yakima County",WA,Homo sapiens,,4/30/2020
MT642161,2020-06-19T00:00:00Z,Severe acute respiratory syndrome-related coronavirus,29873,"USA: Washington, Yakima County",WA,Homo sapiens,,4/21/2020
MT642162,2020-06-19T00:00:00Z,Severe acute respiratory syndrome-related coronavirus,29868,"USA: Washington, Yakima County",WA,Homo sapiens,,5/1/2020
MT642163,2020-06-19T00:00:00Z,Severe acute respiratory syndrome-related coronavirus,29869,"USA: Washington, King County",WA,Homo sapiens,,4/24/2020
MT642164,2020-06-19T00:00:00Z,Severe acute respiratory syndrome-related coronavirus,29857,"USA: Washington, Yakima County",WA,Homo sapiens,,5/6/2020
MT642165,2020-06-19T00:00:00Z,Severe acute respiratory syndrome-related coronavirus,29869,"USA: Washington, Yakima County",WA,Homo sapiens,,4/27/2020
MT642166,2020-06-19T00:00:00Z,Severe acute respiratory syndrome-related coronavirus,29863,"USA: Washington, Yakima County",WA,Homo sapiens,,5/5/2020
MT642167,2020-06-19T00:00:00Z,Severe acute respiratory syndrome-related coronavirus,29877,"USA: Washington, Skagit County",WA,Homo sapiens,,5/4/2020
MT642168,2020-06-19T00:00:00Z,Severe acute respiratory syndrome-related coronavirus,29868,"USA: Washington, Yakima County",WA,Homo sapiens,,5/6/2020
MT642169,2020-06-19T00:00:00Z,Severe acute respiratory syndrome-related coronavirus,29857,"USA: Washington, Yakima County",WA,Homo sapiens,,4/27/2020
MT642170,2020-06-19T00:00:00Z,Severe acute respiratory syndrome-related coronavirus,29867,"USA: Washington, Yakima County",WA,Homo sapiens,,5/4/2020
MT642171,2020-06-19T00:00:00Z,Severe acute respiratory syndrome-related coronavirus,29868,"USA: Washington, Yakima County",WA,Homo sapiens,,5/1/2020
MT642172,2020-06-19T00:00:00Z,Severe acute respiratory syndrome-related coronavirus,29861,"USA: Washington, Snohomish County",WA,Homo sapiens,,4/23/2020
MT642173,2020-06-19T00:00:00Z,Severe acute respiratory syndrome-related coronavirus,29840,"USA: Washington, Yakima County",WA,Homo sapiens,,5/5/2020
MT642174,2020-06-19T00:00:00Z,Severe acute respiratory syndrome-related coronavirus,29864,"USA: Washington, Yakima County",WA,Homo sapiens,,5/3/2020
MT642175,2020-06-19T00:00:00Z,Severe acute respiratory syndrome-related coronavirus,29860,"USA: Washington, Yakima County",WA,Homo sapiens,,5/1/2020
MT642176,2020-06-19T00:00:00Z,Severe acute respiratory syndrome-related coronavirus,29864,"USA: Washington, Yakima County",WA,Homo sapiens,,5/3/2020
MT642177,2020-06-19T00:00:00Z,Severe acute respiratory syndrome-related coronavirus,29867,"USA: Washington, Yakima County",WA,Homo sapiens,,5/1/2020
MT642178,2020-06-19T00:00:00Z,Severe acute respiratory syndrome-related coronavirus,29857,"USA: Washington, Yakima County",WA,Homo sapiens,,5/1/2020
MT642179,2020-06-19T00:00:00Z,Severe acute respiratory syndrome-related coronavirus,29863,"USA: Washington, Yakima County",WA,Homo sapiens,,4/28/2020
MT642180,2020-06-19T00:00:00Z,Severe acute respiratory syndrome-related coronavirus,29857,"USA: Washington, Yakima County",WA,Homo sapiens,,5/6/2020
MT642181,2020-06-19T00:00:00Z,Severe acute respiratory syndrome-related coronavirus,29869,"USA: Washington, Yakima County",WA,Homo sapiens,,4/29/2020
MT642182,2020-06-19T00:00:00Z,Severe acute respiratory syndrome-related coronavirus,29868,"USA: Washington, Yakima County",WA,Homo sapiens,,5/1/2020
MT642183,2020-06-19T00:00:00Z,Severe acute respiratory syndrome-related coronavirus,29855,"USA: Washington, Yakima County",WA,Homo sapiens,,5/7/2020
MT642184,2020-06-19T00:00:00Z,Severe acute respiratory syndrome-related coronavirus,29869,"USA: Washington, Snohomish County",WA,Homo sapiens,,4/27/2020
MT642185,2020-06-19T00:00:00Z,Severe acute respiratory syndrome-related coronavirus,29867,"USA: Washington, Yakima County",WA,Homo sapiens,,4/25/2020
MT642186,2020-06-19T00:00:00Z,Severe acute respiratory syndrome-related coronavirus,29857,"USA: Washington, Yakima County",WA,Homo sapiens,,5/3/2020
MT642187,2020-06-19T00:00:00Z,Severe acute respiratory syndrome-related coronavirus,29858,"USA: Washington, Yakima County",WA,Homo sapiens,,4/28/2020
MT642188,2020-06-19T00:00:00Z,Severe acute respiratory syndrome-related coronavirus,29857,"USA: Washington, Yakima County",WA,Homo sapiens,,4/29/2020
MT642189,2020-06-19T00:00:00Z,Severe acute respiratory syndrome-related coronavirus,29853,"USA: Washington, Yakima County",WA,Homo sapiens,,4/23/2020
MT642190,2020-06-19T00:00:00Z,Severe acute respiratory syndrome-related coronavirus,29863,"USA: Washington, Yakima County",WA,Homo sapiens,,4/30/2020
MT642191,2020-06-19T00:00:00Z,Severe acute respiratory syndrome-related coronavirus,29868,"USA: Washington, Yakima County",WA,Homo sapiens,,5/1/2020
MT642192,2020-06-19T00:00:00Z,Severe acute respiratory syndrome-related coronavirus,29859,"USA: Washington, Yakima County",WA,Homo sapiens,,5/5/2020
MT642193,2020-06-19T00:00:00Z,Severe acute respiratory syndrome-related coronavirus,29858,"USA: Washington, Pierce County",WA,Homo sapiens,,4/29/2020
MT642194,2020-06-19T00:00:00Z,Severe acute respiratory syndrome-related coronavirus,29857,"USA: Washington, Snohomish County",WA,Homo sapiens,,4/23/2020
MT642195,2020-06-19T00:00:00Z,Severe acute respiratory syndrome-related coronavirus,29871,"USA: Washington, Yakima County",WA,Homo sapiens,,4/28/2020
MT642196,2020-06-19T00:00:00Z,Severe acute respiratory syndrome-related coronavirus,29867,"USA: Washington, Yakima County",WA,Homo sapiens,,5/5/2020
MT642197,2020-06-19T00:00:00Z,Severe acute respiratory syndrome-related coronavirus,29863,"USA: Washington, Pierce County",WA,Homo sapiens,,4/29/2020
MT642198,2020-06-19T00:00:00Z,Severe acute respiratory syndrome-related coronavirus,29857,"USA: Washington, Yakima County",WA,Homo sapiens,,4/29/2020
MT642199,2020-06-19T00:00:00Z,Severe acute respiratory syndrome-related coronavirus,29856,"USA: Washington, Yakima County",WA,Homo sapiens,,4/29/2020
MT642200,2020-06-19T00:00:00Z,Severe acute respiratory syndrome-related coronavirus,29870,"USA: Washington, Yakima County",WA,Homo sapiens,,5/1/2020
MT642201,2020-06-19T00:00:00Z,Severe acute respiratory syndrome-related coronavirus,29863,"USA: Washington, Snohomish County",WA,Homo sapiens,,4/23/2020
MT642202,2020-06-19T00:00:00Z,Severe acute respiratory syndrome-related coronavirus,29860,"USA: Washington, Yakima County",WA,Homo sapiens,,4/30/2020
MT642203,2020-06-19T00:00:00Z,Severe acute respiratory syndrome-related coronavirus,29863,"USA: Washington, Yakima County",WA,Homo sapiens,,4/23/2020
MT642204,2020-06-19T00:00:00Z,Severe acute respiratory syndrome-related coronavirus,29867,"USA: Washington, Yakima County",WA,Homo sapiens,,4/30/2020
MT642205,2020-06-19T00:00:00Z,Severe acute respiratory syndrome-related coronavirus,29870,"USA: Washington, Skagit County",WA,Homo sapiens,,5/4/2020
MT642206,2020-06-19T00:00:00Z,Severe acute respiratory syndrome-related coronavirus,29867,"USA: Washington, Yakima County",WA,Homo sapiens,,4/27/2020
MT642207,2020-06-19T00:00:00Z,Severe acute respiratory syndrome-related coronavirus,29868,"USA: Washington, Yakima County",WA,Homo sapiens,,4/30/2020
MT642208,2020-06-19T00:00:00Z,Severe acute respiratory syndrome-related coronavirus,29617,"USA: Washington, Snohomish County",WA,Homo sapiens,,4/27/2020
MT642209,2020-06-19T00:00:00Z,Severe acute respiratory syndrome-related coronavirus,29850,"USA: Washington, Yakima County",WA,Homo sapiens,,5/6/2020
MT642210,2020-06-19T00:00:00Z,Severe acute respiratory syndrome-related coronavirus,29866,"USA: Washington, Pierce County",WA,Homo sapiens,,4/29/2020
MT642211,2020-06-19T00:00:00Z,Severe acute respiratory syndrome-related coronavirus,29857,"USA: Washington, Yakima County",WA,Homo sapiens,,5/5/2020
MT642212,2020-06-19T00:00:00Z,Severe acute respiratory syndrome-related coronavirus,29855,"USA: Washington, Yakima County",WA,Homo sapiens,,4/23/2020
MT642213,2020-06-19T00:00:00Z,Severe acute respiratory syndrome-related coronavirus,29856,"USA: Washington, Yakima County",WA,Homo sapiens,,5/7/2020
MT642214,2020-06-19T00:00:00Z,Severe acute respiratory syndrome-related coronavirus,29867,"USA: Washington, King County",WA,Homo sapiens,,5/5/2020
MT642215,2020-06-19T00:00:00Z,Severe acute respiratory syndrome-related coronavirus,29860,"USA: Washington, Yakima County",WA,Homo sapiens,,4/29/2020
MT642216,2020-06-19T00:00:00Z,Severe acute respiratory syndrome-related coronavirus,29859,"USA: Washington, Yakima County",WA,Homo sapiens,,4/22/2020
MT642217,2020-06-19T00:00:00Z,Severe acute respiratory syndrome-related coronavirus,29857,"USA: Washington, Yakima County",WA,Homo sapiens,,4/25/2020
MT642218,2020-06-19T00:00:00Z,Severe acute respiratory syndrome-related coronavirus,29860,"USA: Washington, Yakima County",WA,Homo sapiens,,4/30/2020
MT642219,2020-06-19T00:00:00Z,Severe acute respiratory syndrome-related coronavirus,29868,"USA: Washington, Pierce County",WA,Homo sapiens,,5/4/2020
MT642220,2020-06-19T00:00:00Z,Severe acute respiratory syndrome-related coronavirus,29868,"USA: Washington, Yakima County",WA,Homo sapiens,,4/23/2020
MT642221,2020-06-19T00:00:00Z,Severe acute respiratory syndrome-related coronavirus,29846,"USA: Washington, Yakima County",WA,Homo sapiens,,5/6/2020
MT642222,2020-06-19T00:00:00Z,Severe acute respiratory syndrome-related coronavirus,29868,"USA: Washington, Yakima County",WA,Homo sapiens,,5/1/2020
MT642223,2020-06-19T00:00:00Z,Severe acute respiratory syndrome-related coronavirus,29849,"USA: Washington, King County",WA,Homo sapiens,,4/25/2020
MT642224,2020-06-19T00:00:00Z,Severe acute respiratory syndrome-related coronavirus,29857,"USA: Washington, Yakima County",WA,Homo sapiens,,5/6/2020
MT642225,2020-06-19T00:00:00Z,Severe acute respiratory syndrome-related coronavirus,29847,"USA: Washington, Yakima County",WA,Homo sapiens,,5/5/2020
MT642226,2020-06-19T00:00:00Z,Severe acute respiratory syndrome-related coronavirus,29857,"USA: Washington, Skagit County",WA,Homo sapiens,,4/30/2020
MT642227,2020-06-19T00:00:00Z,Severe acute respiratory syndrome-related coronavirus,29856,"USA: Washington, Yakima County",WA,Homo sapiens,,5/7/2020
MT642228,2020-06-19T00:00:00Z,Severe acute respiratory syndrome-related coronavirus,29856,"USA: Washington, Yakima County",WA,Homo sapiens,,5/7/2020
MT642229,2020-06-19T00:00:00Z,Severe acute respiratory syndrome-related coronavirus,29870,USA: Washington,WA,Homo sapiens,,4/17/2020
MT642230,2020-06-19T00:00:00Z,Severe acute respiratory syndrome-related coronavirus,29868,"USA: Washington, Asotin County",WA,Homo sapiens,,4/24/2020
MT642231,2020-06-19T00:00:00Z,Severe acute respiratory syndrome-related coronavirus,29868,"USA: Washington, Yakima County",WA,Homo sapiens,,5/2/2020
MT642232,2020-06-19T00:00:00Z,Severe acute respiratory syndrome-related coronavirus,29857,"USA: Washington, Yakima County",WA,Homo sapiens,,5/5/2020
MT642233,2020-06-19T00:00:00Z,Severe acute respiratory syndrome-related coronavirus,29857,"USA: Washington, Yakima County",WA,Homo sapiens,,4/30/2020
MT642234,2020-06-19T00:00:00Z,Severe acute respiratory syndrome-related coronavirus,29853,"USA: Washington, Yakima County",WA,Homo sapiens,,5/6/2020
MT642235,2020-06-19T00:00:00Z,Severe acute respiratory syndrome-related coronavirus,29857,"USA: Washington, Pierce County",WA,Homo sapiens,,4/22/2020
MT642236,2020-06-19T00:00:00Z,Severe acute respiratory syndrome-related coronavirus,29862,"USA: Washington, Snohomish County",WA,Homo sapiens,,5/5/2020
MT642237,2020-06-19T00:00:00Z,Severe acute respiratory syndrome-related coronavirus,29849,"USA: Washington, Douglas County",WA,Homo sapiens,,4/28/2020
MT642238,2020-06-19T00:00:00Z,Severe acute respiratory syndrome-related coronavirus,29869,"USA: Washington, Pierce County",WA,Homo sapiens,,5/3/2020
MT642239,2020-06-19T00:00:00Z,Severe acute respiratory syndrome-related coronavirus,29846,"USA: Washington, Yakima County",WA,Homo sapiens,,4/29/2020
MT642240,2020-06-19T00:00:00Z,Severe acute respiratory syndrome-related coronavirus,29857,"USA: Washington, Yakima County",WA,Homo sapiens,,4/23/2020
MT642241,2020-06-19T00:00:00Z,Severe acute respiratory syndrome-related coronavirus,29863,USA: Washington,WA,Homo sapiens,,4/9/2020
MT642242,2020-06-19T00:00:00Z,Severe acute respiratory syndrome-related coronavirus,29867,"USA: Washington, Yakima County",WA,Homo sapiens,,4/26/2020
MT642243,2020-06-19T00:00:00Z,Severe acute respiratory syndrome-related coronavirus,29857,"USA: Washington, Snohomish County",WA,Homo sapiens,,4/24/2020
MT642244,2020-06-19T00:00:00Z,Severe acute respiratory syndrome-related coronavirus,29857,"USA: Washington, Yakima County",WA,Homo sapiens,,4/22/2020
MT642245,2020-06-19T00:00:00Z,Severe acute respiratory syndrome-related coronavirus,29833,"USA: Washington, Yakima County",WA,Homo sapiens,,5/6/2020
MT642246,2020-06-19T00:00:00Z,Severe acute respiratory syndrome-related coronavirus,29863,"USA: Washington, Yakima County",WA,Homo sapiens,,5/1/2020
MT642247,2020-06-19T00:00:00Z,Severe acute respiratory syndrome-related coronavirus,29868,"USA: Washington, Snohomish County",WA,Homo sapiens,,4/24/2020
MT642248,2020-06-19T00:00:00Z,Severe acute respiratory syndrome-related coronavirus,29868,"USA: Washington, Yakima County",WA,Homo sapiens,,5/1/2020
MT642249,2020-06-19T00:00:00Z,Severe acute respiratory syndrome-related coronavirus,29868,"USA: Washington, Yakima County",WA,Homo sapiens,,4/23/2020
MT642250,2020-06-19T00:00:00Z,Severe acute respiratory syndrome-related coronavirus,29873,"USA: Washington, Pierce County",WA,Homo sapiens,,5/4/2020
MT642251,2020-06-19T00:00:00Z,Severe acute respiratory syndrome-related coronavirus,29857,"USA: Washington, Yakima County",WA,Homo sapiens,,5/6/2020
MT642252,2020-06-19T00:00:00Z,Severe acute respiratory syndrome-related coronavirus,29868,"USA: Washington, Snohomish County",WA,Homo sapiens,,4/23/2020
MT642253,2020-06-19T00:00:00Z,Severe acute respiratory syndrome-related coronavirus,29857,"USA: Washington, Yakima County",WA,Homo sapiens,,4/30/2020
MT642254,2020-06-19T00:00:00Z,Severe acute respiratory syndrome-related coronavirus,29872,USA: Washington,WA,Homo sapiens,,4/17/2020
MT642255,2020-06-19T00:00:00Z,Severe acute respiratory syndrome-related coronavirus,29860,"USA: Washington, Yakima County",WA,Homo sapiens,,4/27/2020
MT642256,2020-06-19T00:00:00Z,Severe acute respiratory syndrome-related coronavirus,29853,"USA: Washington, Yakima County",WA,Homo sapiens,,4/29/2020
MT642257,2020-06-19T00:00:00Z,Severe acute respiratory syndrome-related coronavirus,29857,"USA: Washington, Yakima County",WA,Homo sapiens,,4/23/2020
MT642258,2020-06-19T00:00:00Z,Severe acute respiratory syndrome-related coronavirus,29863,"USA: Washington, Snohomish County",WA,Homo sapiens,,4/27/2020
MT642259,2020-06-19T00:00:00Z,Severe acute respiratory syndrome-related coronavirus,29868,"USA: Washington, Yakima County",WA,Homo sapiens,,5/1/2020
MT642260,2020-06-19T00:00:00Z,Severe acute respiratory syndrome-related coronavirus,29857,"USA: Washington, Snohomish County",WA,Homo sapiens,,5/3/2020
MT642261,2020-06-19T00:00:00Z,Severe acute respiratory syndrome-related coronavirus,29855,"USA: Washington, Snohomish County",WA,Homo sapiens,,4/24/2020
MT642262,2020-06-19T00:00:00Z,Severe acute respiratory syndrome-related coronavirus,29874,"USA: Washington, Yakima County",WA,Homo sapiens,,4/29/2020
MT642263,2020-06-19T00:00:00Z,Severe acute respiratory syndrome-related coronavirus,29868,"USA: Washington, Snohomish County",WA,Homo sapiens,,4/23/2020
MT642264,2020-06-19T00:00:00Z,Severe acute respiratory syndrome-related coronavirus,29859,"USA: Washington, Yakima County",WA,Homo sapiens,,5/3/2020
MT642265,2020-06-19T00:00:00Z,Severe acute respiratory syndrome-related coronavirus,29860,"USA: Washington, Snohomish County",WA,Homo sapiens,,4/23/2020
MT642266,2020-06-19T00:00:00Z,Severe acute respiratory syndrome-related coronavirus,29859,"USA: Washington, Yakima County",WA,Homo sapiens,,4/27/2020
MT642267,2020-06-19T00:00:00Z,Severe acute respiratory syndrome-related coronavirus,29868,"USA: Washington, Pierce County",WA,Homo sapiens,,5/4/2020
MT642268,2020-06-19T00:00:00Z,Severe acute respiratory syndrome-related coronavirus,29869,"USA: Washington, Snohomish County",WA,Homo sapiens,,4/21/2020
MT642269,2020-06-19T00:00:00Z,Severe acute respiratory syndrome-related coronavirus,29858,"USA: Washington, Yakima County",WA,Homo sapiens,,4/30/2020
MT642270,2020-06-19T00:00:00Z,Severe acute respiratory syndrome-related coronavirus,29867,"USA: Washington, Yakima County",WA,Homo sapiens,,4/28/2020
MT642271,2020-06-19T00:00:00Z,Severe acute respiratory syndrome-related coronavirus,29857,"USA: Washington, Yakima County",WA,Homo sapiens,,4/30/2020
MT642272,2020-06-19T00:00:00Z,Severe acute respiratory syndrome-related coronavirus,29860,"USA: Washington, Yakima County",WA,Homo sapiens,,4/28/2020
MT642273,2020-06-19T00:00:00Z,Severe acute respiratory syndrome-related coronavirus,29857,"USA: Washington, Yakima County",WA,Homo sapiens,,5/3/2020
MT642274,2020-06-19T00:00:00Z,Severe acute respiratory syndrome-related coronavirus,29844,"USA: Washington, Yakima County",WA,Homo sapiens,,4/28/2020
MT642275,2020-06-19T00:00:00Z,Severe acute respiratory syndrome-related coronavirus,29871,"USA: Washington, King County",WA,Homo sapiens,,4/29/2020
MT642276,2020-06-19T00:00:00Z,Severe acute respiratory syndrome-related coronavirus,29867,"USA: Washington, Yakima County",WA,Homo sapiens,,5/1/2020
MT642277,2020-06-19T00:00:00Z,Severe acute respiratory syndrome-related coronavirus,29857,"USA: Washington, Snohomish County",WA,Homo sapiens,,4/23/2020
MT642278,2020-06-19T00:00:00Z,Severe acute respiratory syndrome-related coronavirus,29868,"USA: Washington, Yakima County",WA,Homo sapiens,,4/30/2020
MT642279,2020-06-19T00:00:00Z,Severe acute respiratory syndrome-related coronavirus,29847,"USA: Washington, Yakima County",WA,Homo sapiens,,5/4/2020
MT642280,2020-06-19T00:00:00Z,Severe acute respiratory syndrome-related coronavirus,29868,"USA: Washington, Snohomish County",WA,Homo sapiens,,4/26/2020
MT642281,2020-06-19T00:00:00Z,Severe acute respiratory syndrome-related coronavirus,29858,"USA: Washington, Pierce County",WA,Homo sapiens,,5/4/2020
MT642282,2020-06-19T00:00:00Z,Severe acute respiratory syndrome-related coronavirus,29848,"USA: Washington, Yakima County",WA,Homo sapiens,,5/7/2020
MT642283,2020-06-19T00:00:00Z,Severe acute respiratory syndrome-related coronavirus,29857,"USA: Washington, Adams County",WA,Homo sapiens,,4/27/2020
MT642284,2020-06-19T00:00:00Z,Severe acute respiratory syndrome-related coronavirus,29860,"USA: Washington, Yakima County",WA,Homo sapiens,,4/28/2020
MT642285,2020-06-19T00:00:00Z,Severe acute respiratory syndrome-related coronavirus,29863,"USA: Washington, Spokane County",WA,Homo sapiens,,4/28/2020
MT642286,2020-06-19T00:00:00Z,Severe acute respiratory syndrome-related coronavirus,29857,"USA: Washington, Yakima County",WA,Homo sapiens,,4/28/2020
MT642287,2020-06-19T00:00:00Z,Severe acute respiratory syndrome-related coronavirus,29868,USA: Washington,WA,Homo sapiens,,4/17/2020
MT642288,2020-06-19T00:00:00Z,Severe acute respiratory syndrome-related coronavirus,29857,"USA: Washington, Yakima County",WA,Homo sapiens,,4/23/2020
MT642289,2020-06-19T00:00:00Z,Severe acute respiratory syndrome-related coronavirus,29857,"USA: Washington, Yakima County",WA,Homo sapiens,,5/5/2020
MT642290,2020-06-19T00:00:00Z,Severe acute respiratory syndrome-related coronavirus,29863,"USA: Washington, Yakima County",WA,Homo sapiens,,4/23/2020
MT642291,2020-06-19T00:00:00Z,Severe acute respiratory syndrome-related coronavirus,29865,"USA: Washington, Pierce County",WA,Homo sapiens,,5/4/2020
MT642292,2020-06-19T00:00:00Z,Severe acute respiratory syndrome-related coronavirus,29859,"USA: Washington, Snohomish County",WA,Homo sapiens,,5/4/2020
MT642293,2020-06-19T00:00:00Z,Severe acute respiratory syndrome-related coronavirus,29868,"USA: Washington, Yakima County",WA,Homo sapiens,,4/22/2020
MT642294,2020-06-19T00:00:00Z,Severe acute respiratory syndrome-related coronavirus,29867,"USA: Washington, Yakima County",WA,Homo sapiens,,5/2/2020
MT642295,2020-06-19T00:00:00Z,Severe acute respiratory syndrome-related coronavirus,29868,"USA: Washington, Yakima County",WA,Homo sapiens,,4/30/2020
MT642296,2020-06-19T00:00:00Z,Severe acute respiratory syndrome-related coronavirus,29858,"USA: Washington, Pierce County",WA,Homo sapiens,,5/4/2020
MT642297,2020-06-19T00:00:00Z,Severe acute respiratory syndrome-related coronavirus,29862,"USA: Washington, Pierce County",WA,Homo sapiens,,5/4/2020
MT642298,2020-06-19T00:00:00Z,Severe acute respiratory syndrome-related coronavirus,29856,"USA: Washington, Yakima County",WA,Homo sapiens,,4/25/2020
MT642299,2020-06-19T00:00:00Z,Severe acute respiratory syndrome-related coronavirus,29875,"USA: Washington, Cowlitz County",WA,Homo sapiens,,4/27/2020
MT642300,2020-06-19T00:00:00Z,Severe acute respiratory syndrome-related coronavirus,29857,"USA: Washington, Skagit County",WA,Homo sapiens,,4/28/2020
MT642301,2020-06-19T00:00:00Z,Severe acute respiratory syndrome-related coronavirus,29868,"USA: Washington, Skagit County",WA,Homo sapiens,,5/1/2020
MT642302,2020-06-19T00:00:00Z,Severe acute respiratory syndrome-related coronavirus,29863,USA: Washington,WA,Homo sapiens,,4/14/2020
MT642303,2020-06-19T00:00:00Z,Severe acute respiratory syndrome-related coronavirus,29857,"USA: Washington, Yakima County",WA,Homo sapiens,,4/29/2020
MT642304,2020-06-19T00:00:00Z,Severe acute respiratory syndrome-related coronavirus,29863,"USA: Washington, Pierce County",WA,Homo sapiens,,5/4/2020
MT642305,2020-06-19T00:00:00Z,Severe acute respiratory syndrome-related coronavirus,29860,"USA: Washington, Cowlitz County",WA,Homo sapiens,,4/22/2020
MT642306,2020-06-19T00:00:00Z,Severe acute respiratory syndrome-related coronavirus,29852,"USA: Washington, Yakima County",WA,Homo sapiens,,5/5/2020
MT642307,2020-06-19T00:00:00Z,Severe acute respiratory syndrome-related coronavirus,29856,"USA: Washington, Benton County",WA,Homo sapiens,,4/28/2020
MT642308,2020-06-19T00:00:00Z,Severe acute respiratory syndrome-related coronavirus,29860,"USA: Washington, Yakima County",WA,Homo sapiens,,4/24/2020
MT642309,2020-06-19T00:00:00Z,Severe acute respiratory syndrome-related coronavirus,29860,"USA: Washington, Yakima County",WA,Homo sapiens,,5/1/2020
MT642310,2020-06-19T00:00:00Z,Severe acute respiratory syndrome-related coronavirus,29863,"USA: Washington, Pierce County",WA,Homo sapiens,,5/4/2020
MT642311,2020-06-19T00:00:00Z,Severe acute respiratory syndrome-related coronavirus,29857,"USA: Washington, Yakima County",WA,Homo sapiens,,4/27/2020
MT642312,2020-06-19T00:00:00Z,Severe acute respiratory syndrome-related coronavirus,29864,"USA: Washington, Spokane County",WA,Homo sapiens,,4/28/2020
MT642313,2020-06-19T00:00:00Z,Severe acute respiratory syndrome-related coronavirus,29869,"USA: Washington, Snohomish County",WA,Homo sapiens,,4/23/2020
MT642314,2020-06-19T00:00:00Z,Severe acute respiratory syndrome-related coronavirus,29869,"USA: Washington, Yakima County",WA,Homo sapiens,,5/3/2020
MT642315,2020-06-19T00:00:00Z,Severe acute respiratory syndrome-related coronavirus,29857,"USA: Washington, Yakima County",WA,Homo sapiens,,4/23/2020
MT642316,2020-06-19T00:00:00Z,Severe acute respiratory syndrome-related coronavirus,29860,USA: Washington,WA,Homo sapiens,,4/25/2020
MT642317,2020-06-19T00:00:00Z,Severe acute respiratory syndrome-related coronavirus,29868,"USA: Washington, Yakima County",WA,Homo sapiens,,4/29/2020
MT642318,2020-06-19T00:00:00Z,Severe acute respiratory syndrome-related coronavirus,29868,"USA: Washington, Snohomish County",WA,Homo sapiens,,4/29/2020
MT642319,2020-06-19T00:00:00Z,Severe acute respiratory syndrome-related coronavirus,29856,"USA: Washington, Yakima County",WA,Homo sapiens,,4/23/2020
MT642320,2020-06-19T00:00:00Z,Severe acute respiratory syndrome-related coronavirus,29858,"USA: Washington, Yakima County",WA,Homo sapiens,,4/30/2020
MT642321,2020-06-19T00:00:00Z,Severe acute respiratory syndrome-related coronavirus,29867,"USA: Washington, Pierce County",WA,Homo sapiens,,4/30/2020
MT642322,2020-06-19T00:00:00Z,Severe acute respiratory syndrome-related coronavirus,29870,USA: Washington,WA,Homo sapiens,,4/29/2020
MT642323,2020-06-19T00:00:00Z,Severe acute respiratory syndrome-related coronavirus,29861,"USA: Washington, Yakima County",WA,Homo sapiens,,4/29/2020
MT642324,2020-06-19T00:00:00Z,Severe acute respiratory syndrome-related coronavirus,29859,"USA: Washington, Pierce County",WA,Homo sapiens,,5/4/2020
MT642325,2020-06-19T00:00:00Z,Severe acute respiratory syndrome-related coronavirus,29855,"USA: Washington, Yakima County",WA,Homo sapiens,,5/7/2020
MT642326,2020-06-19T00:00:00Z,Severe acute respiratory syndrome-related coronavirus,29868,"USA: Washington, Pierce County",WA,Homo sapiens,,5/3/2020
MT642327,2020-06-19T00:00:00Z,Severe acute respiratory syndrome-related coronavirus,29869,USA: Washington,WA,Homo sapiens,,4/17/2020
MT642328,2020-06-19T00:00:00Z,Severe acute respiratory syndrome-related coronavirus,29857,"USA: Washington, Yakima County",WA,Homo sapiens,,5/4/2020
MT642329,2020-06-19T00:00:00Z,Severe acute respiratory syndrome-related coronavirus,29851,"USA: Washington, Yakima County",WA,Homo sapiens,,5/1/2020
MT642330,2020-06-19T00:00:00Z,Severe acute respiratory syndrome-related coronavirus,29868,"USA: Washington, Yakima County",WA,Homo sapiens,,4/28/2020
MT642331,2020-06-19T00:00:00Z,Severe acute respiratory syndrome-related coronavirus,29857,"USA: Washington, Yakima County",WA,Homo sapiens,,4/30/2020
MT642332,2020-06-19T00:00:00Z,Severe acute respiratory syndrome-related coronavirus,29847,"USA: Washington, Yakima County",WA,Homo sapiens,,5/7/2020
MT642333,2020-06-19T00:00:00Z,Severe acute respiratory syndrome-related coronavirus,29857,"USA: Washington, Yakima County",WA,Homo sapiens,,5/5/2020
MT642334,2020-06-19T00:00:00Z,Severe acute respiratory syndrome-related coronavirus,29857,"USA: Washington, Yakima County",WA,Homo sapiens,,4/27/2020
MT642335,2020-06-19T00:00:00Z,Severe acute respiratory syndrome-related coronavirus,29837,"USA: Washington, Snohomish County",WA,Homo sapiens,,5/6/2020
MT642336,2020-06-19T00:00:00Z,Severe acute respiratory syndrome-related coronavirus,29857,"USA: Washington, Yakima County",WA,Homo sapiens,,5/1/2020
MT642337,2020-06-19T00:00:00Z,Severe acute respiratory syndrome-related coronavirus,29863,"USA: Washington, Yakima County",WA,Homo sapiens,,5/1/2020
MT642338,2020-06-19T00:00:00Z,Severe acute respiratory syndrome-related coronavirus,29857,"USA: Washington, Yakima County",WA,Homo sapiens,,5/1/2020
MT642339,2020-06-19T00:00:00Z,Severe acute respiratory syndrome-related coronavirus,29863,"USA: Washington, Yakima County",WA,Homo sapiens,,5/1/2020
MT642340,2020-06-19T00:00:00Z,Severe acute respiratory syndrome-related coronavirus,29857,"USA: Washington, Yakima County",WA,Homo sapiens,,4/30/2020
MT642341,2020-06-19T00:00:00Z,Severe acute respiratory syndrome-related coronavirus,29858,"USA: Washington, Grant County",WA,Homo sapiens,,4/22/2020
MT642342,2020-06-19T00:00:00Z,Severe acute respiratory syndrome-related coronavirus,29859,"USA: Washington, Yakima County",WA,Homo sapiens,,4/29/2020
MT642343,2020-06-19T00:00:00Z,Severe acute respiratory syndrome-related coronavirus,29857,"USA: Washington, Franklin County",WA,Homo sapiens,,4/21/2020
MT642344,2020-06-19T00:00:00Z,Severe acute respiratory syndrome-related coronavirus,29868,"USA: Washington, Yakima County",WA,Homo sapiens,,4/29/2020
MT642345,2020-06-19T00:00:00Z,Severe acute respiratory syndrome-related coronavirus,29856,"USA: Washington, Yakima County",WA,Homo sapiens,,5/7/2020
MT642346,2020-06-19T00:00:00Z,Severe acute respiratory syndrome-related coronavirus,29862,"USA: Washington, Yakima County",WA,Homo sapiens,,4/24/2020
MT642347,2020-06-19T00:00:00Z,Severe acute respiratory syndrome-related coronavirus,29868,"USA: Washington, Yakima County",WA,Homo sapiens,,4/29/2020
MT642348,2020-06-19T00:00:00Z,Severe acute respiratory syndrome-related coronavirus,29855,"USA: Washington, Yakima County",WA,Homo sapiens,,5/6/2020
MT642349,2020-06-19T00:00:00Z,Severe acute respiratory syndrome-related coronavirus,29862,"USA: Washington, Yakima County",WA,Homo sapiens,,4/30/2020
MT642350,2020-06-19T00:00:00Z,Severe acute respiratory syndrome-related coronavirus,29859,"USA: Washington, Yakima County",WA,Homo sapiens,,5/6/2020
MT642351,2020-06-19T00:00:00Z,Severe acute respiratory syndrome-related coronavirus,29867,"USA: Washington, Yakima County",WA,Homo sapiens,,5/1/2020
MT642352,2020-06-19T00:00:00Z,Severe acute respiratory syndrome-related coronavirus,29858,"USA: Washington, Snohomish County",WA,Homo sapiens,,4/27/2020
MT642353,2020-06-19T00:00:00Z,Severe acute respiratory syndrome-related coronavirus,29859,"USA: Washington, Yakima County",WA,Homo sapiens,,4/22/2020
MT642354,2020-06-19T00:00:00Z,Severe acute respiratory syndrome-related coronavirus,29830,"USA: Washington, King County",WA,Homo sapiens,,4/21/2020
MT642355,2020-06-19T00:00:00Z,Severe acute respiratory syndrome-related coronavirus,29868,USA: Washington,WA,Homo sapiens,,4/17/2020
MT642356,2020-06-19T00:00:00Z,Severe acute respiratory syndrome-related coronavirus,29857,USA: Washington,WA,Homo sapiens,,4/26/2020
MT642357,2020-06-19T00:00:00Z,Severe acute respiratory syndrome-related coronavirus,29867,"USA: Washington, Yakima County",WA,Homo sapiens,,4/30/2020
MT642358,2020-06-19T00:00:00Z,Severe acute respiratory syndrome-related coronavirus,29857,"USA: Washington, Yakima County",WA,Homo sapiens,,5/5/2020
MT642359,2020-06-19T00:00:00Z,Severe acute respiratory syndrome-related coronavirus,29857,"USA: Washington, Pierce County",WA,Homo sapiens,,4/16/2020
MT642360,2020-06-19T00:00:00Z,Severe acute respiratory syndrome-related coronavirus,29856,"USA: Washington, Skagit County",WA,Homo sapiens,,4/28/2020
MT642361,2020-06-19T00:00:00Z,Severe acute respiratory syndrome-related coronavirus,29859,"USA: Washington, Yakima County",WA,Homo sapiens,,5/1/2020
MT642362,2020-06-19T00:00:00Z,Severe acute respiratory syndrome-related coronavirus,29857,"USA: Washington, Pierce County",WA,Homo sapiens,,5/4/2020
MT642363,2020-06-19T00:00:00Z,Severe acute respiratory syndrome-related coronavirus,29868,"USA: Washington, Pierce County",WA,Homo sapiens,,5/4/2020
MT642364,2020-06-19T00:00:00Z,Severe acute respiratory syndrome-related coronavirus,29868,"USA: Washington, Mason County",WA,Homo sapiens,,4/22/2020
MT642365,2020-06-19T00:00:00Z,Severe acute respiratory syndrome-related coronavirus,29855,"USA: Washington, Pierce County",WA,Homo sapiens,,5/3/2020
MT642366,2020-06-19T00:00:00Z,Severe acute respiratory syndrome-related coronavirus,29856,"USA: Washington, Benton County",WA,Homo sapiens,,4/28/2020
MT642367,2020-06-19T00:00:00Z,Severe acute respiratory syndrome-related coronavirus,29858,"USA: Washington, Pierce County",WA,Homo sapiens,,5/4/2020
MT642368,2020-06-19T00:00:00Z,Severe acute respiratory syndrome-related coronavirus,29128,"USA: Washington, Cowlitz County",WA,Homo sapiens,,4/27/2020
MT642369,2020-06-19T00:00:00Z,Severe acute respiratory syndrome-related coronavirus,29859,"USA: Washington, Yakima County",WA,Homo sapiens,,4/30/2020
MT642370,2020-06-19T00:00:00Z,Severe acute respiratory syndrome-related coronavirus,29859,"USA: Washington, Yakima County",WA,Homo sapiens,,4/28/2020
MT642371,2020-06-19T00:00:00Z,Severe acute respiratory syndrome-related coronavirus,29863,"USA: Washington, Pierce County",WA,Homo sapiens,,5/4/2020
MT642372,2020-06-19T00:00:00Z,Severe acute respiratory syndrome-related coronavirus,29868,"USA: Washington, Skagit County",WA,Homo sapiens,,4/30/2020
MT642373,2020-06-19T00:00:00Z,Severe acute respiratory syndrome-related coronavirus,29856,"USA: Washington, Pierce County",WA,Homo sapiens,,5/4/2020
MT642374,2020-06-19T00:00:00Z,Severe acute respiratory syndrome-related coronavirus,29857,"USA: Washington, Yakima County",WA,Homo sapiens,,5/1/2020
MT642375,2020-06-19T00:00:00Z,Severe acute respiratory syndrome-related coronavirus,29867,"USA: Washington, Yakima County",WA,Homo sapiens,,4/28/2020
MT642376,2020-06-19T00:00:00Z,Severe acute respiratory syndrome-related coronavirus,29821,"USA: Washington, King County",WA,Homo sapiens,,5/5/2020
MT642377,2020-06-19T00:00:00Z,Severe acute respiratory syndrome-related coronavirus,29863,"USA: Washington, Pierce County",WA,Homo sapiens,,5/4/2020
MT642378,2020-06-19T00:00:00Z,Severe acute respiratory syndrome-related coronavirus,29867,"USA: Washington, Franklin County",WA,Homo sapiens,,4/20/2020
MT642379,2020-06-19T00:00:00Z,Severe acute respiratory syndrome-related coronavirus,29857,"USA: Washington, Pierce County",WA,Homo sapiens,,5/4/2020
MT642380,2020-06-19T00:00:00Z,Severe acute respiratory syndrome-related coronavirus,29867,USA: Washington,WA,Homo sapiens,,4/9/2020
MT642381,2020-06-19T00:00:00Z,Severe acute respiratory syndrome-related coronavirus,29858,"USA: Washington, Pierce County",WA,Homo sapiens,,5/4/2020
MT642382,2020-06-19T00:00:00Z,Severe acute respiratory syndrome-related coronavirus,29858,"USA: Washington, Yakima County",WA,Homo sapiens,,4/26/2020
MT642383,2020-06-19T00:00:00Z,Severe acute respiratory syndrome-related coronavirus,29868,"USA: Washington, Pierce County",WA,Homo sapiens,,4/16/2020
MT642384,2020-06-19T00:00:00Z,Severe acute respiratory syndrome-related coronavirus,29867,"USA: Washington, Snohomish County",WA,Homo sapiens,,5/1/2020
MT642385,2020-06-19T00:00:00Z,Severe acute respiratory syndrome-related coronavirus,29857,"USA: Washington, Skagit County",WA,Homo sapiens,,4/29/2020
MT642386,2020-06-19T00:00:00Z,Severe acute respiratory syndrome-related coronavirus,29850,"USA: Washington, Cowlitz County",WA,Homo sapiens,,4/22/2020
MT642387,2020-06-19T00:00:00Z,Severe acute respiratory syndrome-related coronavirus,29853,"USA: Washington, Yakima County",WA,Homo sapiens,,5/6/2020
MT642388,2020-06-19T00:00:00Z,Severe acute respiratory syndrome-related coronavirus,29856,"USA: Washington, Mason County",WA,Homo sapiens,,5/4/2020
MT642389,2020-06-19T00:00:00Z,Severe acute respiratory syndrome-related coronavirus,29864,"USA: Washington, Yakima County",WA,Homo sapiens,,4/27/2020
MT642390,2020-06-19T00:00:00Z,Severe acute respiratory syndrome-related coronavirus,29841,USA: Washington,WA,Homo sapiens,,4/28/2020
MT642391,2020-06-19T00:00:00Z,Severe acute respiratory syndrome-related coronavirus,29859,"USA: Washington, Yakima County",WA,Homo sapiens,,4/23/2020
MT642392,2020-06-19T00:00:00Z,Severe acute respiratory syndrome-related coronavirus,29865,"USA: Washington, Pierce County",WA,Homo sapiens,,5/4/2020
MT642393,2020-06-19T00:00:00Z,Severe acute respiratory syndrome-related coronavirus,29860,"USA: Washington, Pierce County",WA,Homo sapiens,,5/4/2020
MT642394,2020-06-19T00:00:00Z,Severe acute respiratory syndrome-related coronavirus,29869,"USA: Washington, Yakima County",WA,Homo sapiens,,5/1/2020
MT642395,2020-06-19T00:00:00Z,Severe acute respiratory syndrome-related coronavirus,29859,USA: Washington,WA,Homo sapiens,,4/10/2020
MT642396,2020-06-19T00:00:00Z,Severe acute respiratory syndrome-related coronavirus,29857,"USA: Washington, Pierce County",WA,Homo sapiens,,5/4/2020
MT642397,2020-06-19T00:00:00Z,Severe acute respiratory syndrome-related coronavirus,29858,"USA: Washington, Pierce County",WA,Homo sapiens,,5/4/2020
MT642398,2020-06-19T00:00:00Z,Severe acute respiratory syndrome-related coronavirus,29857,"USA: Washington, Yakima County",WA,Homo sapiens,,4/28/2020
MT642399,2020-06-19T00:00:00Z,Severe acute respiratory syndrome-related coronavirus,29863,"USA: Washington, Pierce County",WA,Homo sapiens,,5/4/2020
MT642400,2020-06-19T00:00:00Z,Severe acute respiratory syndrome-related coronavirus,29857,"USA: Washington, Pierce County",WA,Homo sapiens,,5/4/2020
MT642401,2020-06-19T00:00:00Z,Severe acute respiratory syndrome-related coronavirus,29855,"USA: Washington, Snohomish County",WA,Homo sapiens,,4/27/2020
MT642402,2020-06-19T00:00:00Z,Severe acute respiratory syndrome-related coronavirus,29866,"USA: Washington, Pierce County",WA,Homo sapiens,,5/4/2020
MT642403,2020-06-19T00:00:00Z,Severe acute respiratory syndrome-related coronavirus,29866,"USA: Washington, Pierce County",WA,Homo sapiens,,5/3/2020
MT642404,2020-06-19T00:00:00Z,Severe acute respiratory syndrome-related coronavirus,29859,"USA: Washington, Pierce County",WA,Homo sapiens,,5/4/2020
MT642405,2020-06-19T00:00:00Z,Severe acute respiratory syndrome-related coronavirus,29857,"USA: Washington, Pierce County",WA,Homo sapiens,,4/16/2020
MT642406,2020-06-19T00:00:00Z,Severe acute respiratory syndrome-related coronavirus,29862,"USA: Washington, Pierce County",WA,Homo sapiens,,5/4/2020
MT642407,2020-06-19T00:00:00Z,Severe acute respiratory syndrome-related coronavirus,29857,"USA: Washington, Yakima County",WA,Homo sapiens,,5/5/2020
MT642408,2020-06-19T00:00:00Z,Severe acute respiratory syndrome-related coronavirus,29859,"USA: Washington, Yakima County",WA,Homo sapiens,,5/4/2020
MT642409,2020-06-19T00:00:00Z,Severe acute respiratory syndrome-related coronavirus,29821,"USA: Washington, Snohomish County",WA,Homo sapiens,,4/16/2020
MT642410,2020-06-19T00:00:00Z,Severe acute respiratory syndrome-related coronavirus,29863,"USA: Washington, Yakima County",WA,Homo sapiens,,4/27/2020
MT642411,2020-06-19T00:00:00Z,Severe acute respiratory syndrome-related coronavirus,29857,"USA: Washington, Yakima County",WA,Homo sapiens,,4/27/2020
MT642412,2020-06-19T00:00:00Z,Severe acute respiratory syndrome-related coronavirus,29857,"USA: Washington, Cowlitz County",WA,Homo sapiens,,4/27/2020
MT642413,2020-06-19T00:00:00Z,Severe acute respiratory syndrome-related coronavirus,29857,"USA: Washington, Skagit County",WA,Homo sapiens,,5/1/2020
MT642414,2020-06-19T00:00:00Z,Severe acute respiratory syndrome-related coronavirus,29857,"USA: Washington, Yakima County",WA,Homo sapiens,,5/6/2020
MT642415,2020-06-19T00:00:00Z,Severe acute respiratory syndrome-related coronavirus,29858,"USA: Washington, Skagit County",WA,Homo sapiens,,4/28/2020
MT642416,2020-06-19T00:00:00Z,Severe acute respiratory syndrome-related coronavirus,29864,USA: Washington,WA,Homo sapiens,,4/18/2020
MT642417,2020-06-19T00:00:00Z,Severe acute respiratory syndrome-related coronavirus,29857,USA: Washington,WA,Homo sapiens,,4/9/2020
MT642418,2020-06-19T00:00:00Z,Severe acute respiratory syndrome-related coronavirus,29817,"USA: Washington, Yakima County",WA,Homo sapiens,,4/29/2020
MT642419,2020-06-19T00:00:00Z,Severe acute respiratory syndrome-related coronavirus,29867,USA: Washington,WA,Homo sapiens,,4/10/2020
MT642420,2020-06-19T00:00:00Z,Severe acute respiratory syndrome-related coronavirus,29860,"USA: Washington, Yakima County",WA,Homo sapiens,,4/27/2020
MT642421,2020-06-19T00:00:00Z,Severe acute respiratory syndrome-related coronavirus,29868,"USA: Washington, Yakima County",WA,Homo sapiens,,5/1/2020
MT642422,2020-06-19T00:00:00Z,Severe acute respiratory syndrome-related coronavirus,29871,"USA: Washington, Snohomish County",WA,Homo sapiens,,4/27/2020
MT642423,2020-06-19T00:00:00Z,Severe acute respiratory syndrome-related coronavirus,29868,"USA: Washington, Yakima County",WA,Homo sapiens,,4/22/2020
MT642424,2020-06-19T00:00:00Z,Severe acute respiratory syndrome-related coronavirus,29868,"USA: Washington, Yakima County",WA,Homo sapiens,,5/4/2020
MT642425,2020-06-19T00:00:00Z,Severe acute respiratory syndrome-related coronavirus,29857,"USA: Washington, Yakima County",WA,Homo sapiens,,4/29/2020
MT642426,2020-06-19T00:00:00Z,Severe acute respiratory syndrome-related coronavirus,29868,"USA: Washington, Yakima County",WA,Homo sapiens,,5/1/2020
MT642427,2020-06-19T00:00:00Z,Severe acute respiratory syndrome-related coronavirus,29857,"USA: Washington, Snohomish County",WA,Homo sapiens,,4/27/2020
MT642428,2020-06-19T00:00:00Z,Severe acute respiratory syndrome-related coronavirus,29857,"USA: Washington, Grant County",WA,Homo sapiens,,4/15/2020
MT642429,2020-06-19T00:00:00Z,Severe acute respiratory syndrome-related coronavirus,29857,"USA: Washington, Yakima County",WA,Homo sapiens,,5/5/2020
MT642430,2020-06-19T00:00:00Z,Severe acute respiratory syndrome-related coronavirus,29868,"USA: Washington, Skagit County",WA,Homo sapiens,,5/4/2020
MT642431,2020-06-19T00:00:00Z,Severe acute respiratory syndrome-related coronavirus,29860,"USA: Washington, Yakima County",WA,Homo sapiens,,4/29/2020
MT642432,2020-06-19T00:00:00Z,Severe acute respiratory syndrome-related coronavirus,29868,"USA: Washington, Yakima County",WA,Homo sapiens,,5/3/2020
MT642433,2020-06-19T00:00:00Z,Severe acute respiratory syndrome-related coronavirus,29868,"USA: Washington, Franklin County",WA,Homo sapiens,,4/21/2020
MT642434,2020-06-19T00:00:00Z,Severe acute respiratory syndrome-related coronavirus,29857,"USA: Washington, Pierce County",WA,Homo sapiens,,5/4/2020
MT642435,2020-06-19T00:00:00Z,Severe acute respiratory syndrome-related coronavirus,29855,"USA: California, Monterey County",CA,Homo sapiens,,5/6/2020
MT635200,2020-06-18T00:00:00Z,Severe acute respiratory syndrome-related coronavirus,29494,USA: Connecticut,CT,Homo sapiens,oronasopharynx,2020-03
MT635201,2020-06-18T00:00:00Z,Severe acute respiratory syndrome-related coronavirus,29782,USA: Connecticut,CT,Homo sapiens,oronasopharynx,2020-03
MT635202,2020-06-18T00:00:00Z,Severe acute respiratory syndrome-related coronavirus,29561,USA: Connecticut,CT,Homo sapiens,oronasopharynx,2020-03
MT635203,2020-06-18T00:00:00Z,Severe acute respiratory syndrome-related coronavirus,29782,USA: Connecticut,CT,Homo sapiens,oronasopharynx,2020-03
MT635204,2020-06-18T00:00:00Z,Severe acute respiratory syndrome-related coronavirus,29782,USA: Connecticut,CT,Homo sapiens,oronasopharynx,2020-03
MT635205,2020-06-18T00:00:00Z,Severe acute respiratory syndrome-related coronavirus,29782,USA: Connecticut,CT,Homo sapiens,oronasopharynx,2020-03
MT635206,2020-06-18T00:00:00Z,Severe acute respiratory syndrome-related coronavirus,29561,USA: Connecticut,CT,Homo sapiens,oronasopharynx,2020-03
MT635207,2020-06-18T00:00:00Z,Severe acute respiratory syndrome-related coronavirus,29782,USA: Connecticut,CT,Homo sapiens,oronasopharynx,2020-03
MT635208,2020-06-18T00:00:00Z,Severe acute respiratory syndrome-related coronavirus,29782,USA: Connecticut,CT,Homo sapiens,oronasopharynx,2020-03
MT635209,2020-06-18T00:00:00Z,Severe acute respiratory syndrome-related coronavirus,29782,USA: Connecticut,CT,Homo sapiens,oronasopharynx,3/11/2020
MT635210,2020-06-18T00:00:00Z,Severe acute respiratory syndrome-related coronavirus,29782,USA: Connecticut,CT,Homo sapiens,oronasopharynx,3/19/2020
MT635211,2020-06-18T00:00:00Z,Severe acute respiratory syndrome-related coronavirus,29782,USA: Connecticut,CT,Homo sapiens,oronasopharynx,3/19/2020
MT635212,2020-06-18T00:00:00Z,Severe acute respiratory syndrome-related coronavirus,29782,USA: Connecticut,CT,Homo sapiens,oronasopharynx,3/19/2020
MT635213,2020-06-18T00:00:00Z,Severe acute respiratory syndrome-related coronavirus,29782,USA: Connecticut,CT,Homo sapiens,oronasopharynx,3/19/2020
MT635214,2020-06-18T00:00:00Z,Severe acute respiratory syndrome-related coronavirus,29782,USA: Connecticut,CT,Homo sapiens,oronasopharynx,3/19/2020
MT635215,2020-06-18T00:00:00Z,Severe acute respiratory syndrome-related coronavirus,29782,USA: Connecticut,CT,Homo sapiens,oronasopharynx,3/19/2020
MT635216,2020-06-18T00:00:00Z,Severe acute respiratory syndrome-related coronavirus,29782,USA: Connecticut,CT,Homo sapiens,oronasopharynx,3/19/2020
MT635217,2020-06-18T00:00:00Z,Severe acute respiratory syndrome-related coronavirus,29782,USA: Connecticut,CT,Homo sapiens,oronasopharynx,3/19/2020
MT635218,2020-06-18T00:00:00Z,Severe acute respiratory syndrome-related coronavirus,29782,USA: Connecticut,CT,Homo sapiens,oronasopharynx,3/19/2020
MT635219,2020-06-18T00:00:00Z,Severe acute respiratory syndrome-related coronavirus,29782,USA: Connecticut,CT,Homo sapiens,oronasopharynx,3/18/2020
MT635220,2020-06-18T00:00:00Z,Severe acute respiratory syndrome-related coronavirus,29782,USA: Connecticut,CT,Homo sapiens,oronasopharynx,3/18/2020
MT635221,2020-06-18T00:00:00Z,Severe acute respiratory syndrome-related coronavirus,29782,USA: Connecticut,CT,Homo sapiens,oronasopharynx,3/19/2020
MT635222,2020-06-18T00:00:00Z,Severe acute respiratory syndrome-related coronavirus,29782,USA: Connecticut,CT,Homo sapiens,oronasopharynx,3/18/2020
MT635223,2020-06-18T00:00:00Z,Severe acute respiratory syndrome-related coronavirus,29782,USA: Connecticut,CT,Homo sapiens,oronasopharynx,3/18/2020
MT635224,2020-06-18T00:00:00Z,Severe acute respiratory syndrome-related coronavirus,29782,USA: Connecticut,CT,Homo sapiens,oronasopharynx,3/18/2020
MT635225,2020-06-18T00:00:00Z,Severe acute respiratory syndrome-related coronavirus,29782,USA: Connecticut,CT,Homo sapiens,oronasopharynx,3/18/2020
MT635226,2020-06-18T00:00:00Z,Severe acute respiratory syndrome-related coronavirus,29782,USA: Connecticut,CT,Homo sapiens,oronasopharynx,3/18/2020
MT635227,2020-06-18T00:00:00Z,Severe acute respiratory syndrome-related coronavirus,29782,USA: Connecticut,CT,Homo sapiens,oronasopharynx,3/15/2020
MT635228,2020-06-18T00:00:00Z,Severe acute respiratory syndrome-related coronavirus,29782,USA: Connecticut,CT,Homo sapiens,oronasopharynx,3/18/2020
MT635229,2020-06-18T00:00:00Z,Severe acute respiratory syndrome-related coronavirus,29782,USA: Connecticut,CT,Homo sapiens,oronasopharynx,3/16/2020
MT635230,2020-06-18T00:00:00Z,Severe acute respiratory syndrome-related coronavirus,29782,USA: Connecticut,CT,Homo sapiens,oronasopharynx,3/16/2020
MT635231,2020-06-18T00:00:00Z,Severe acute respiratory syndrome-related coronavirus,29782,USA: Connecticut,CT,Homo sapiens,oronasopharynx,3/17/2020
MT635232,2020-06-18T00:00:00Z,Severe acute respiratory syndrome-related coronavirus,29782,USA: Connecticut,CT,Homo sapiens,oronasopharynx,3/17/2020
MT635233,2020-06-18T00:00:00Z,Severe acute respiratory syndrome-related coronavirus,29782,USA: Connecticut,CT,Homo sapiens,oronasopharynx,3/13/2020
MT635234,2020-06-18T00:00:00Z,Severe acute respiratory syndrome-related coronavirus,29782,USA: Connecticut,CT,Homo sapiens,oronasopharynx,3/16/2020
MT635235,2020-06-18T00:00:00Z,Severe acute respiratory syndrome-related coronavirus,29782,USA: Connecticut,CT,Homo sapiens,oronasopharynx,3/19/2020
MT635236,2020-06-18T00:00:00Z,Severe acute respiratory syndrome-related coronavirus,29782,USA: Connecticut,CT,Homo sapiens,oronasopharynx,3/19/2020
MT635237,2020-06-18T00:00:00Z,Severe acute respiratory syndrome-related coronavirus,29782,USA: Connecticut,CT,Homo sapiens,oronasopharynx,3/23/2020
MT635238,2020-06-18T00:00:00Z,Severe acute respiratory syndrome-related coronavirus,29782,USA: Connecticut,CT,Homo sapiens,oronasopharynx,3/23/2020
MT635239,2020-06-18T00:00:00Z,Severe acute respiratory syndrome-related coronavirus,29782,USA: Connecticut,CT,Homo sapiens,oronasopharynx,3/23/2020
MT635240,2020-06-18T00:00:00Z,Severe acute respiratory syndrome-related coronavirus,29782,USA: Connecticut,CT,Homo sapiens,oronasopharynx,3/23/2020
MT635241,2020-06-18T00:00:00Z,Severe acute respiratory syndrome-related coronavirus,29782,USA: Connecticut,CT,Homo sapiens,oronasopharynx,3/23/2020
MT635242,2020-06-18T00:00:00Z,Severe acute respiratory syndrome-related coronavirus,29782,USA: Connecticut,CT,Homo sapiens,oronasopharynx,3/26/2020
MT635243,2020-06-18T00:00:00Z,Severe acute respiratory syndrome-related coronavirus,29782,USA: Connecticut,CT,Homo sapiens,oronasopharynx,3/26/2020
MT635244,2020-06-18T00:00:00Z,Severe acute respiratory syndrome-related coronavirus,29782,USA: Connecticut,CT,Homo sapiens,oronasopharynx,3/30/2020
MT635245,2020-06-18T00:00:00Z,Severe acute respiratory syndrome-related coronavirus,29782,USA: Connecticut,CT,Homo sapiens,oronasopharynx,3/27/2020
MT635246,2020-06-18T00:00:00Z,Severe acute respiratory syndrome-related coronavirus,29782,USA: Connecticut,CT,Homo sapiens,oronasopharynx,3/27/2020
MT635247,2020-06-18T00:00:00Z,Severe acute respiratory syndrome-related coronavirus,29773,USA: Connecticut,CT,Homo sapiens,oronasopharynx,3/27/2020
MT635248,2020-06-18T00:00:00Z,Severe acute respiratory syndrome-related coronavirus,29782,USA: Connecticut,CT,Homo sapiens,oronasopharynx,3/28/2020
MT635249,2020-06-18T00:00:00Z,Severe acute respiratory syndrome-related coronavirus,29782,USA: Connecticut,CT,Homo sapiens,oronasopharynx,3/28/2020
MT635250,2020-06-18T00:00:00Z,Severe acute respiratory syndrome-related coronavirus,29782,USA: Connecticut,CT,Homo sapiens,oronasopharynx,3/28/2020
MT635251,2020-06-18T00:00:00Z,Severe acute respiratory syndrome-related coronavirus,29782,USA: Connecticut,CT,Homo sapiens,oronasopharynx,4/1/2020
MT635252,2020-06-18T00:00:00Z,Severe acute respiratory syndrome-related coronavirus,29782,USA: Connecticut,CT,Homo sapiens,oronasopharynx,3/31/2020
MT635253,2020-06-18T00:00:00Z,Severe acute respiratory syndrome-related coronavirus,29782,USA: Connecticut,CT,Homo sapiens,oronasopharynx,3/31/2020
MT635254,2020-06-18T00:00:00Z,Severe acute respiratory syndrome-related coronavirus,29605,USA: Connecticut,CT,Homo sapiens,oronasopharynx,4/2/2020
MT635255,2020-06-18T00:00:00Z,Severe acute respiratory syndrome-related coronavirus,29782,USA: Connecticut,CT,Homo sapiens,oronasopharynx,4/4/2020
MT635256,2020-06-18T00:00:00Z,Severe acute respiratory syndrome-related coronavirus,29782,USA: Connecticut,CT,Homo sapiens,oronasopharynx,4/3/2020
MT635257,2020-06-18T00:00:00Z,Severe acute respiratory syndrome-related coronavirus,29611,USA: Connecticut,CT,Homo sapiens,"saliva, oronasopharynx",4/2/2020
MT635258,2020-06-18T00:00:00Z,Severe acute respiratory syndrome-related coronavirus,29782,USA: Connecticut,CT,Homo sapiens,"saliva, oronasopharynx",4/4/2020
MT635259,2020-06-18T00:00:00Z,Severe acute respiratory syndrome-related coronavirus,29611,USA: Connecticut,CT,Homo sapiens,oronasopharynx,4/6/2020
MT635260,2020-06-18T00:00:00Z,Severe acute respiratory syndrome-related coronavirus,29611,USA: Connecticut,CT,Homo sapiens,oronasopharynx,4/7/2020
MT635261,2020-06-18T00:00:00Z,Severe acute respiratory syndrome-related coronavirus,29782,USA: Connecticut,CT,Homo sapiens,oronasopharynx,4/7/2020
MT635262,2020-06-18T00:00:00Z,Severe acute respiratory syndrome-related coronavirus,29782,USA: Connecticut,CT,Homo sapiens,oronasopharynx,4/7/2020
MT635263,2020-06-18T00:00:00Z,Severe acute respiratory syndrome-related coronavirus,29782,USA: Connecticut,CT,Homo sapiens,oronasopharynx,4/7/2020
MT635264,2020-06-18T00:00:00Z,Severe acute respiratory syndrome-related coronavirus,29782,USA: Connecticut,CT,Homo sapiens,oronasopharynx,4/8/2020
MT635265,2020-06-18T00:00:00Z,Severe acute respiratory syndrome-related coronavirus,29782,USA: New York,NY,Homo sapiens,oronasopharynx,3/18/2020
MT635266,2020-06-18T00:00:00Z,Severe acute respiratory syndrome-related coronavirus,29782,USA: New York,NY,Homo sapiens,oronasopharynx,3/19/2020
MT635267,2020-06-18T00:00:00Z,Severe acute respiratory syndrome-related coronavirus,29782,USA: New York,NY,Homo sapiens,oronasopharynx,3/19/2020
MT635268,2020-06-18T00:00:00Z,Severe acute respiratory syndrome-related coronavirus,29782,USA: New York,NY,Homo sapiens,oronasopharynx,3/17/2020
MT635641,2020-06-18T00:00:00Z,Severe acute respiratory syndrome-related coronavirus,29867,USA: Virginia,VA,Homo sapiens,,2020-05
MT635642,2020-06-18T00:00:00Z,Severe acute respiratory syndrome-related coronavirus,29867,USA: Virginia,VA,Homo sapiens,,2020-05
MT635643,2020-06-18T00:00:00Z,Severe acute respiratory syndrome-related coronavirus,29899,USA: Virginia,VA,Homo sapiens,,2020-05
MT635644,2020-06-18T00:00:00Z,Severe acute respiratory syndrome-related coronavirus,29901,USA: Virginia,VA,Homo sapiens,,2020-05
MT635645,2020-06-18T00:00:00Z,Severe acute respiratory syndrome-related coronavirus,29893,USA: Virginia,VA,Homo sapiens,,2020-05
MT635646,2020-06-18T00:00:00Z,Severe acute respiratory syndrome-related coronavirus,29897,USA: Virginia,VA,Homo sapiens,,2020-05
MT635647,2020-06-18T00:00:00Z,Severe acute respiratory syndrome-related coronavirus,29896,USA: Virginia,VA,Homo sapiens,,2020-05
MT635648,2020-06-18T00:00:00Z,Severe acute respiratory syndrome-related coronavirus,29875,USA: Virginia,VA,Homo sapiens,,2020-05
MT635649,2020-06-18T00:00:00Z,Severe acute respiratory syndrome-related coronavirus,29902,USA: Virginia,VA,Homo sapiens,,2020-05
MT635650,2020-06-18T00:00:00Z,Severe acute respiratory syndrome-related coronavirus,29867,USA: Virginia,VA,Homo sapiens,,2020-05
MT635651,2020-06-18T00:00:00Z,Severe acute respiratory syndrome-related coronavirus,29893,USA: Virginia,VA,Homo sapiens,,2020-05
MT635652,2020-06-18T00:00:00Z,Severe acute respiratory syndrome-related coronavirus,29894,USA: Virginia,VA,Homo sapiens,,2020-05
MT635653,2020-06-18T00:00:00Z,Severe acute respiratory syndrome-related coronavirus,29868,USA: Virginia,VA,Homo sapiens,,2020-05
MT635654,2020-06-18T00:00:00Z,Severe acute respiratory syndrome-related coronavirus,29868,USA: Virginia,VA,Homo sapiens,,2020-05
MT635655,2020-06-18T00:00:00Z,Severe acute respiratory syndrome-related coronavirus,29867,USA: Virginia,VA,Homo sapiens,,2020-05
MT627212,2020-06-17T00:00:00Z,Severe acute respiratory syndrome-related coronavirus,29853,"USA: Washington,King County",WA,Homo sapiens,,2/28/2020
MT627213,2020-06-17T00:00:00Z,Severe acute respiratory syndrome-related coronavirus,29843,"USA: Washington,King County",WA,Homo sapiens,,3/4/2020
MT627214,2020-06-17T00:00:00Z,Severe acute respiratory syndrome-related coronavirus,29844,"USA: Washington,King County",WA,Homo sapiens,,3/1/2020
MT627215,2020-06-17T00:00:00Z,Severe acute respiratory syndrome-related coronavirus,29808,"USA: Washington,King County",WA,Homo sapiens,,3/3/2020
MT627216,2020-06-17T00:00:00Z,Severe acute respiratory syndrome-related coronavirus,29868,"USA: Washington,King County",WA,Homo sapiens,,2/29/2020
MT627217,2020-06-17T00:00:00Z,Severe acute respiratory syndrome-related coronavirus,29858,USA: Washington,WA,Homo sapiens,,3/2/2020
MT627218,2020-06-17T00:00:00Z,Severe acute respiratory syndrome-related coronavirus,29846,"USA: Washington,King County",WA,Homo sapiens,,2/28/2020
MT627219,2020-06-17T00:00:00Z,Severe acute respiratory syndrome-related coronavirus,29847,"USA: Washington,King County",WA,Homo sapiens,,2/28/2020
MT627220,2020-06-17T00:00:00Z,Severe acute respiratory syndrome-related coronavirus,29846,"USA: Washington,King County",WA,Homo sapiens,,3/1/2020
MT627221,2020-06-17T00:00:00Z,Severe acute respiratory syndrome-related coronavirus,29857,"USA: Washington,Snohomish County",WA,Homo sapiens,,3/3/2020
MT627222,2020-06-17T00:00:00Z,Severe acute respiratory syndrome-related coronavirus,29849,"USA: Washington,King County",WA,Homo sapiens,,3/1/2020
MT627223,2020-06-17T00:00:00Z,Severe acute respiratory syndrome-related coronavirus,29871,"USA: Washington,King County",WA,Homo sapiens,,3/3/2020
MT627224,2020-06-17T00:00:00Z,Severe acute respiratory syndrome-related coronavirus,29621,"USA: Washington,King County",WA,Homo sapiens,,3/2/2020
MT627225,2020-06-17T00:00:00Z,Severe acute respiratory syndrome-related coronavirus,29869,"USA: Washington,King County",WA,Homo sapiens,,3/1/2020
MT627226,2020-06-17T00:00:00Z,Severe acute respiratory syndrome-related coronavirus,29867,"USA: Washington,King County",WA,Homo sapiens,,2/28/2020
MT627227,2020-06-17T00:00:00Z,Severe acute respiratory syndrome-related coronavirus,29849,"USA: Washington,King County",WA,Homo sapiens,,3/5/2020
MT627228,2020-06-17T00:00:00Z,Severe acute respiratory syndrome-related coronavirus,29858,"USA: Washington,Snohomish County",WA,Homo sapiens,,3/2/2020
MT627229,2020-06-17T00:00:00Z,Severe acute respiratory syndrome-related coronavirus,29867,USA: Washington,WA,Homo sapiens,,3/5/2020
MT627230,2020-06-17T00:00:00Z,Severe acute respiratory syndrome-related coronavirus,29844,"USA: Washington,Grant County",WA,Homo sapiens,,3/2/2020
MT627231,2020-06-17T00:00:00Z,Severe acute respiratory syndrome-related coronavirus,29851,"USA: Washington,Snohomish County",WA,Homo sapiens,,3/2/2020
MT627232,2020-06-17T00:00:00Z,Severe acute respiratory syndrome-related coronavirus,29849,"USA: Washington,King County",WA,Homo sapiens,,3/5/2020
MT627233,2020-06-17T00:00:00Z,Severe acute respiratory syndrome-related coronavirus,29858,"USA: Washington,Umatilla County",WA,Homo sapiens,,2/29/2020
MT627234,2020-06-17T00:00:00Z,Severe acute respiratory syndrome-related coronavirus,29852,"USA: Washington,Snohomish County",WA,Homo sapiens,,3/5/2020
MT627235,2020-06-17T00:00:00Z,Severe acute respiratory syndrome-related coronavirus,29859,"USA: Washington,King County",WA,Homo sapiens,,2/28/2020
MT627236,2020-06-17T00:00:00Z,Severe acute respiratory syndrome-related coronavirus,29855,"USA: Washington,King County",WA,Homo sapiens,,3/5/2020
MT627237,2020-06-17T00:00:00Z,Severe acute respiratory syndrome-related coronavirus,29851,"USA: Washington,King County",WA,Homo sapiens,,3/3/2020
MT627238,2020-06-17T00:00:00Z,Severe acute respiratory syndrome-related coronavirus,29859,"USA: Washington,King County",WA,Homo sapiens,,3/5/2020
MT627239,2020-06-17T00:00:00Z,Severe acute respiratory syndrome-related coronavirus,29706,"USA: Washington,King County",WA,Homo sapiens,,2/29/2020
MT627240,2020-06-17T00:00:00Z,Severe acute respiratory syndrome-related coronavirus,29855,"USA: Washington,King County",WA,Homo sapiens,,3/4/2020
MT627241,2020-06-17T00:00:00Z,Severe acute respiratory syndrome-related coronavirus,29868,"USA: Washington,Snohomish County",WA,Homo sapiens,,3/2/2020
MT627242,2020-06-17T00:00:00Z,Severe acute respiratory syndrome-related coronavirus,29853,"USA: Washington,King County",WA,Homo sapiens,,2/29/2020
MT627243,2020-06-17T00:00:00Z,Severe acute respiratory syndrome-related coronavirus,29857,"USA: Washington,Umatilla County",WA,Homo sapiens,,2/29/2020
MT627244,2020-06-17T00:00:00Z,Severe acute respiratory syndrome-related coronavirus,29855,"USA: Washington,Clark County",WA,Homo sapiens,,3/1/2020
MT627245,2020-06-17T00:00:00Z,Severe acute respiratory syndrome-related coronavirus,29862,"USA: Washington,King County",WA,Homo sapiens,,2/29/2020
MT627246,2020-06-17T00:00:00Z,Severe acute respiratory syndrome-related coronavirus,29857,"USA: Washington,King County",WA,Homo sapiens,,3/1/2020
MT627247,2020-06-17T00:00:00Z,Severe acute respiratory syndrome-related coronavirus,29851,"USA: Washington,King County",WA,Homo sapiens,,3/5/2020
MT627248,2020-06-17T00:00:00Z,Severe acute respiratory syndrome-related coronavirus,29869,"USA: Washington,King County",WA,Homo sapiens,,2/29/2020
MT627249,2020-06-17T00:00:00Z,Severe acute respiratory syndrome-related coronavirus,29875,"USA: Washington,Grant County",WA,Homo sapiens,,3/2/2020
MT627250,2020-06-17T00:00:00Z,Severe acute respiratory syndrome-related coronavirus,29857,"USA: Washington,King County",WA,Homo sapiens,,3/5/2020
MT627251,2020-06-17T00:00:00Z,Severe acute respiratory syndrome-related coronavirus,29866,USA: Washington,WA,Homo sapiens,,3/2/2020
MT627252,2020-06-17T00:00:00Z,Severe acute respiratory syndrome-related coronavirus,29871,"USA: Washington,King County",WA,Homo sapiens,,2/28/2020
MT627253,2020-06-17T00:00:00Z,Severe acute respiratory syndrome-related coronavirus,29870,"USA: Washington,King County",WA,Homo sapiens,,2/28/2020
MT627254,2020-06-17T00:00:00Z,Severe acute respiratory syndrome-related coronavirus,29868,"USA: Washington,King County",WA,Homo sapiens,,3/1/2020
MT627255,2020-06-17T00:00:00Z,Severe acute respiratory syndrome-related coronavirus,29859,"USA: Washington,Snohomish County",WA,Homo sapiens,,3/3/2020
MT627256,2020-06-17T00:00:00Z,Severe acute respiratory syndrome-related coronavirus,29859,"USA: Washington,Snohomish County",WA,Homo sapiens,,3/5/2020
MT627257,2020-06-17T00:00:00Z,Severe acute respiratory syndrome-related coronavirus,29859,"USA: Washington,King County",WA,Homo sapiens,,3/5/2020
MT627258,2020-06-17T00:00:00Z,Severe acute respiratory syndrome-related coronavirus,29852,"USA: Washington,Snohomish County",WA,Homo sapiens,,2/28/2020
MT627259,2020-06-17T00:00:00Z,Severe acute respiratory syndrome-related coronavirus,29857,"USA: Washington,King County",WA,Homo sapiens,,3/5/2020
MT627260,2020-06-17T00:00:00Z,Severe acute respiratory syndrome-related coronavirus,29857,"USA: Washington,King County",WA,Homo sapiens,,3/4/2020
MT627261,2020-06-17T00:00:00Z,Severe acute respiratory syndrome-related coronavirus,29868,"USA: Washington,King County",WA,Homo sapiens,,2/29/2020
MT627262,2020-06-17T00:00:00Z,Severe acute respiratory syndrome-related coronavirus,29869,"USA: Washington,Snohomish County",WA,Homo sapiens,,3/2/2020
MT627263,2020-06-17T00:00:00Z,Severe acute respiratory syndrome-related coronavirus,29860,"USA: Washington,King County",WA,Homo sapiens,,2/26/2020
MT627264,2020-06-17T00:00:00Z,Severe acute respiratory syndrome-related coronavirus,29843,"USA: Washington,King County",WA,Homo sapiens,,3/5/2020
MT627265,2020-06-17T00:00:00Z,Severe acute respiratory syndrome-related coronavirus,29860,USA: Washington,WA,Homo sapiens,,3/3/2020
MT627266,2020-06-17T00:00:00Z,Severe acute respiratory syndrome-related coronavirus,29859,"USA: Washington,Snohomish County",WA,Homo sapiens,,3/2/2020
MT627267,2020-06-17T00:00:00Z,Severe acute respiratory syndrome-related coronavirus,29860,"USA: Washington,Snohomish County",WA,Homo sapiens,,2/29/2020
MT627268,2020-06-17T00:00:00Z,Severe acute respiratory syndrome-related coronavirus,29857,"USA: Washington,Snohomish County",WA,Homo sapiens,,3/5/2020
MT627269,2020-06-17T00:00:00Z,Severe acute respiratory syndrome-related coronavirus,29868,"USA: Washington,King County",WA,Homo sapiens,,2/29/2020
MT627270,2020-06-17T00:00:00Z,Severe acute respiratory syndrome-related coronavirus,29868,"USA: Washington,King County",WA,Homo sapiens,,2/21/2020
MT627271,2020-06-17T00:00:00Z,Severe acute respiratory syndrome-related coronavirus,29863,USA: Washington,WA,Homo sapiens,,3/2/2020
MT627272,2020-06-17T00:00:00Z,Severe acute respiratory syndrome-related coronavirus,29855,"USA: Washington,Snohomish County",WA,Homo sapiens,,3/2/2020
MT627273,2020-06-17T00:00:00Z,Severe acute respiratory syndrome-related coronavirus,29868,"USA: Washington,King County",WA,Homo sapiens,,3/2/2020
MT627274,2020-06-17T00:00:00Z,Severe acute respiratory syndrome-related coronavirus,29868,"USA: Washington,King County",WA,Homo sapiens,,2/28/2020
MT627275,2020-06-17T00:00:00Z,Severe acute respiratory syndrome-related coronavirus,29856,USA: Washington,WA,Homo sapiens,,2/28/2020
MT627276,2020-06-17T00:00:00Z,Severe acute respiratory syndrome-related coronavirus,29850,USA: Washington,WA,Homo sapiens,,2/27/2020
MT627277,2020-06-17T00:00:00Z,Severe acute respiratory syndrome-related coronavirus,29863,"USA: Washington,King County",WA,Homo sapiens,,3/4/2020
MT627278,2020-06-17T00:00:00Z,Severe acute respiratory syndrome-related coronavirus,29858,"USA: Washington,King County",WA,Homo sapiens,,3/5/2020
MT627279,2020-06-17T00:00:00Z,Severe acute respiratory syndrome-related coronavirus,29856,"USA: Washington,Snohomish County",WA,Homo sapiens,,2/29/2020
MT627280,2020-06-17T00:00:00Z,Severe acute respiratory syndrome-related coronavirus,29856,"USA: Washington,Grant County",WA,Homo sapiens,,3/2/2020
MT627281,2020-06-17T00:00:00Z,Severe acute respiratory syndrome-related coronavirus,29857,"USA: Washington,King County",WA,Homo sapiens,,3/2/2020
MT627282,2020-06-17T00:00:00Z,Severe acute respiratory syndrome-related coronavirus,29856,"USA: Washington,King County",WA,Homo sapiens,,3/5/2020
MT627283,2020-06-17T00:00:00Z,Severe acute respiratory syndrome-related coronavirus,29859,"USA: Washington,Snohomish County",WA,Homo sapiens,,3/2/2020
MT627284,2020-06-17T00:00:00Z,Severe acute respiratory syndrome-related coronavirus,29859,USA: Washington,WA,Homo sapiens,,3/3/2020
MT627285,2020-06-17T00:00:00Z,Severe acute respiratory syndrome-related coronavirus,29848,"USA: Washington,King County",WA,Homo sapiens,,3/3/2020
MT627286,2020-06-17T00:00:00Z,Severe acute respiratory syndrome-related coronavirus,29852,"USA: Washington,Snohomish County",WA,Homo sapiens,,2/28/2020
MT627287,2020-06-17T00:00:00Z,Severe acute respiratory syndrome-related coronavirus,29868,"USA: Washington,King County",WA,Homo sapiens,,3/1/2020
MT627288,2020-06-17T00:00:00Z,Severe acute respiratory syndrome-related coronavirus,29857,"USA: Washington,King County",WA,Homo sapiens,,2/22/2020
MT627289,2020-06-17T00:00:00Z,Severe acute respiratory syndrome-related coronavirus,29862,"USA: Washington,King County",WA,Homo sapiens,,3/6/2020
MT627290,2020-06-17T00:00:00Z,Severe acute respiratory syndrome-related coronavirus,29868,"USA: Washington,King County",WA,Homo sapiens,,2/28/2020
MT627291,2020-06-17T00:00:00Z,Severe acute respiratory syndrome-related coronavirus,29857,"USA: Washington,Snohomish County",WA,Homo sapiens,,3/4/2020
MT627292,2020-06-17T00:00:00Z,Severe acute respiratory syndrome-related coronavirus,29858,"USA: Washington,King County",WA,Homo sapiens,,3/3/2020
MT627293,2020-06-17T00:00:00Z,Severe acute respiratory syndrome-related coronavirus,29865,"USA: Washington,King County",WA,Homo sapiens,,2/29/2020
MT627294,2020-06-17T00:00:00Z,Severe acute respiratory syndrome-related coronavirus,29860,"USA: Washington,King County",WA,Homo sapiens,,3/5/2020
MT627295,2020-06-17T00:00:00Z,Severe acute respiratory syndrome-related coronavirus,29858,"USA: Washington,King County",WA,Homo sapiens,,2/28/2020
MT627296,2020-06-17T00:00:00Z,Severe acute respiratory syndrome-related coronavirus,29859,"USA: Washington,King County",WA,Homo sapiens,,3/2/2020
MT627297,2020-06-17T00:00:00Z,Severe acute respiratory syndrome-related coronavirus,29851,"USA: Washington,King County",WA,Homo sapiens,,3/3/2020
MT627298,2020-06-17T00:00:00Z,Severe acute respiratory syndrome-related coronavirus,29859,"USA: Washington,Snohomish County",WA,Homo sapiens,,3/1/2020
MT627299,2020-06-17T00:00:00Z,Severe acute respiratory syndrome-related coronavirus,29859,USA: Washington,WA,Homo sapiens,,2/29/2020
MT627300,2020-06-17T00:00:00Z,Severe acute respiratory syndrome-related coronavirus,29868,"USA: Washington,Snohomish County",WA,Homo sapiens,,3/4/2020
MT627301,2020-06-17T00:00:00Z,Severe acute respiratory syndrome-related coronavirus,29852,"USA: Washington,King County",WA,Homo sapiens,,3/5/2020
MT627302,2020-06-17T00:00:00Z,Severe acute respiratory syndrome-related coronavirus,29857,"USA: Washington,King County",WA,Homo sapiens,,3/5/2020
MT627303,2020-06-17T00:00:00Z,Severe acute respiratory syndrome-related coronavirus,29857,USA: Washington,WA,Homo sapiens,,3/3/2020
MT627304,2020-06-17T00:00:00Z,Severe acute respiratory syndrome-related coronavirus,29858,"USA: Washington,King County",WA,Homo sapiens,,2/29/2020
MT627305,2020-06-17T00:00:00Z,Severe acute respiratory syndrome-related coronavirus,29862,"USA: Washington,King County",WA,Homo sapiens,,3/2/2020
MT627306,2020-06-17T00:00:00Z,Severe acute respiratory syndrome-related coronavirus,29858,"USA: Washington,King County",WA,Homo sapiens,,3/4/2020
MT627307,2020-06-17T00:00:00Z,Severe acute respiratory syndrome-related coronavirus,29855,USA: Washington,WA,Homo sapiens,,2/29/2020
MT627308,2020-06-17T00:00:00Z,Severe acute respiratory syndrome-related coronavirus,29858,"USA: Washington,Snohomish County",WA,Homo sapiens,,3/3/2020
MT627309,2020-06-17T00:00:00Z,Severe acute respiratory syndrome-related coronavirus,29848,USA: Washington,WA,Homo sapiens,,3/2/2020
MT627310,2020-06-17T00:00:00Z,Severe acute respiratory syndrome-related coronavirus,29857,"USA: Washington,Snohomish County",WA,Homo sapiens,,3/6/2020
MT627311,2020-06-17T00:00:00Z,Severe acute respiratory syndrome-related coronavirus,29854,USA: Washington,WA,Homo sapiens,,3/3/2020
MT627312,2020-06-17T00:00:00Z,Severe acute respiratory syndrome-related coronavirus,29843,"USA: Washington,King County",WA,Homo sapiens,,2/29/2020
MT627313,2020-06-17T00:00:00Z,Severe acute respiratory syndrome-related coronavirus,29849,"USA: Washington,King County",WA,Homo sapiens,,3/5/2020
MT627314,2020-06-17T00:00:00Z,Severe acute respiratory syndrome-related coronavirus,29857,"USA: Washington,King County",WA,Homo sapiens,,3/5/2020
MT627315,2020-06-17T00:00:00Z,Severe acute respiratory syndrome-related coronavirus,29873,"USA: Washington,King County",WA,Homo sapiens,,2/29/2020
MT627316,2020-06-17T00:00:00Z,Severe acute respiratory syndrome-related coronavirus,29869,USA: Washington,WA,Homo sapiens,,3/2/2020
MT627317,2020-06-17T00:00:00Z,Severe acute respiratory syndrome-related coronavirus,29868,USA: Washington,WA,Homo sapiens,,3/2/2020
MT627318,2020-06-17T00:00:00Z,Severe acute respiratory syndrome-related coronavirus,29858,"USA: Washington,King County",WA,Homo sapiens,,2/28/2020
MT627407,2020-06-17T00:00:00Z,Severe acute respiratory syndrome-related coronavirus,29865,USA: CA,CA,Homo sapiens,,3/13/2020
MT627408,2020-06-17T00:00:00Z,Severe acute respiratory syndrome-related coronavirus,29894,USA: CA,CA,Homo sapiens,,3/13/2020
MT627409,2020-06-17T00:00:00Z,Severe acute respiratory syndrome-related coronavirus,29844,USA: CA,CA,Homo sapiens,,3/13/2020
MT627410,2020-06-17T00:00:00Z,Severe acute respiratory syndrome-related coronavirus,29884,USA: CA,CA,Homo sapiens,,3/13/2020
MT627411,2020-06-17T00:00:00Z,Severe acute respiratory syndrome-related coronavirus,29903,USA: CA,CA,Homo sapiens,,3/13/2020
MT627412,2020-06-17T00:00:00Z,Severe acute respiratory syndrome-related coronavirus,29861,USA: CA,CA,Homo sapiens,,3/13/2020
MT627413,2020-06-17T00:00:00Z,Severe acute respiratory syndrome-related coronavirus,29847,USA: CA,CA,Homo sapiens,,3/13/2020
MT627414,2020-06-17T00:00:00Z,Severe acute respiratory syndrome-related coronavirus,29896,USA: CA,CA,Homo sapiens,,3/13/2020
MT627415,2020-06-17T00:00:00Z,Severe acute respiratory syndrome-related coronavirus,29903,USA: CA,CA,Homo sapiens,,3/13/2020
MT627416,2020-06-17T00:00:00Z,Severe acute respiratory syndrome-related coronavirus,29888,USA: CA,CA,Homo sapiens,,3/13/2020
MT627417,2020-06-17T00:00:00Z,Severe acute respiratory syndrome-related coronavirus,29844,USA: CA,CA,Homo sapiens,,3/13/2020
MT627418,2020-06-17T00:00:00Z,Severe acute respiratory syndrome-related coronavirus,29894,USA: CO,CO,Homo sapiens,,3/13/2020
MT627419,2020-06-17T00:00:00Z,Severe acute respiratory syndrome-related coronavirus,29903,USA: CO,CO,Homo sapiens,,3/12/2020
MT627420,2020-06-17T00:00:00Z,Severe acute respiratory syndrome-related coronavirus,29903,USA: HI,HI,Homo sapiens,,3/12/2020
MT627421,2020-06-17T00:00:00Z,Severe acute respiratory syndrome-related coronavirus,29871,USA: HI,HI,Homo sapiens,,3/12/2020
MT627422,2020-06-17T00:00:00Z,Severe acute respiratory syndrome-related coronavirus,29871,USA: IN,IN,Homo sapiens,,3/12/2020
MT627423,2020-06-17T00:00:00Z,Severe acute respiratory syndrome-related coronavirus,29882,USA: NY,NY,Homo sapiens,,3/12/2020
MT627424,2020-06-17T00:00:00Z,Severe acute respiratory syndrome-related coronavirus,29903,USA: NY,NY,Homo sapiens,,3/12/2020
MT627425,2020-06-17T00:00:00Z,Severe acute respiratory syndrome-related coronavirus,29882,USA: NY,NY,Homo sapiens,,3/12/2020
MT627426,2020-06-17T00:00:00Z,Severe acute respiratory syndrome-related coronavirus,29903,USA: NY,NY,Homo sapiens,,3/12/2020
MT627427,2020-06-17T00:00:00Z,Severe acute respiratory syndrome-related coronavirus,29903,USA: NY,NY,Homo sapiens,,3/12/2020
MT627428,2020-06-17T00:00:00Z,Severe acute respiratory syndrome-related coronavirus,29903,USA: NY,NY,Homo sapiens,,3/12/2020
MT627429,2020-06-17T00:00:00Z,Severe acute respiratory syndrome-related coronavirus,29903,USA: NY,NY,Homo sapiens,,3/12/2020
MT627430,2020-06-17T00:00:00Z,Severe acute respiratory syndrome-related coronavirus,29888,USA: NY,NY,Homo sapiens,,3/12/2020
MT627431,2020-06-17T00:00:00Z,Severe acute respiratory syndrome-related coronavirus,29903,USA: NY,NY,Homo sapiens,,3/12/2020
MT627432,2020-06-17T00:00:00Z,Severe acute respiratory syndrome-related coronavirus,29903,USA: NY,NY,Homo sapiens,,3/12/2020
MT627433,2020-06-17T00:00:00Z,Severe acute respiratory syndrome-related coronavirus,29875,USA: NY,NY,Homo sapiens,,3/12/2020
MT627434,2020-06-17T00:00:00Z,Severe acute respiratory syndrome-related coronavirus,29882,USA: NY,NY,Homo sapiens,,3/12/2020
MT627435,2020-06-17T00:00:00Z,Severe acute respiratory syndrome-related coronavirus,29901,USA: NY,NY,Homo sapiens,,3/13/2020
MT627436,2020-06-17T00:00:00Z,Severe acute respiratory syndrome-related coronavirus,29894,USA: OK,OK,Homo sapiens,,3/13/2020
MT627437,2020-06-17T00:00:00Z,Severe acute respiratory syndrome-related coronavirus,29875,USA: WA,WA,Homo sapiens,,3/13/2020
MT627606,2020-06-17T00:00:00Z,Severe acute respiratory syndrome-related coronavirus,29857,USA: Washington,WA,Homo sapiens,,3/16/2020
MT627607,2020-06-17T00:00:00Z,Severe acute respiratory syndrome-related coronavirus,29859,"USA: Washington,King County",WA,Homo sapiens,,3/21/2020
MT627608,2020-06-17T00:00:00Z,Severe acute respiratory syndrome-related coronavirus,29858,USA: Washington,WA,Homo sapiens,,3/11/2020
MT627609,2020-06-17T00:00:00Z,Severe acute respiratory syndrome-related coronavirus,29868,"USA: Washington,King County",WA,Homo sapiens,,3/3/2020
MT627610,2020-06-17T00:00:00Z,Severe acute respiratory syndrome-related coronavirus,29809,"USA: Washington,Snohomish County",WA,Homo sapiens,,3/26/2020
MT627611,2020-06-17T00:00:00Z,Severe acute respiratory syndrome-related coronavirus,29857,"USA: Washington,King County",WA,Homo sapiens,,3/4/2020
MT627612,2020-06-17T00:00:00Z,Severe acute respiratory syndrome-related coronavirus,29863,"USA: Washington,King County",WA,Homo sapiens,,3/5/2020
MT627613,2020-06-17T00:00:00Z,Severe acute respiratory syndrome-related coronavirus,29860,"USA: Washington,King County",WA,Homo sapiens,,3/12/2020
MT627614,2020-06-17T00:00:00Z,Severe acute respiratory syndrome-related coronavirus,29867,"USA: Washington,King County",WA,Homo sapiens,,3/6/2020
MT627615,2020-06-17T00:00:00Z,Severe acute respiratory syndrome-related coronavirus,29856,"USA: Washington,King County",WA,Homo sapiens,,3/13/2020
MT627616,2020-06-17T00:00:00Z,Severe acute respiratory syndrome-related coronavirus,29872,"USA: Washington,King County",WA,Homo sapiens,,3/8/2020
MT627617,2020-06-17T00:00:00Z,Severe acute respiratory syndrome-related coronavirus,29857,"USA: Washington,King County",WA,Homo sapiens,,3/10/2020
MT627618,2020-06-17T00:00:00Z,Severe acute respiratory syndrome-related coronavirus,29863,"USA: Washington,King County",WA,Homo sapiens,,3/4/2020
MT627619,2020-06-17T00:00:00Z,Severe acute respiratory syndrome-related coronavirus,29856,"USA: Washington,King County",WA,Homo sapiens,,3/13/2020
MT627620,2020-06-17T00:00:00Z,Severe acute respiratory syndrome-related coronavirus,29868,USA: Washington,WA,Homo sapiens,,3/17/2020
MT627621,2020-06-17T00:00:00Z,Severe acute respiratory syndrome-related coronavirus,29868,"USA: Washington,King County",WA,Homo sapiens,,3/10/2020
MT627622,2020-06-17T00:00:00Z,Severe acute respiratory syndrome-related coronavirus,29860,USA: Washington,WA,Homo sapiens,,4/1/2020
MT627623,2020-06-17T00:00:00Z,Severe acute respiratory syndrome-related coronavirus,29862,"USA: Washington,King County",WA,Homo sapiens,,3/5/2020
MT627624,2020-06-17T00:00:00Z,Severe acute respiratory syndrome-related coronavirus,29859,"USA: Washington,King County",WA,Homo sapiens,,3/6/2020
MT627625,2020-06-17T00:00:00Z,Severe acute respiratory syndrome-related coronavirus,29867,"USA: Washington,King County",WA,Homo sapiens,,2/29/2020
MT627626,2020-06-17T00:00:00Z,Severe acute respiratory syndrome-related coronavirus,29868,"USA: Washington,King County",WA,Homo sapiens,,3/5/2020
MT627627,2020-06-17T00:00:00Z,Severe acute respiratory syndrome-related coronavirus,29856,"USA: Washington,King County",WA,Homo sapiens,,2/26/2020
MT627628,2020-06-17T00:00:00Z,Severe acute respiratory syndrome-related coronavirus,29863,USA: Washington,WA,Homo sapiens,,3/30/2020
MT627629,2020-06-17T00:00:00Z,Severe acute respiratory syndrome-related coronavirus,29856,"USA: Washington,King County",WA,Homo sapiens,,3/6/2020
MT627630,2020-06-17T00:00:00Z,Severe acute respiratory syndrome-related coronavirus,29851,"USA: Washington,King County",WA,Homo sapiens,,2/22/2020
MT627631,2020-06-17T00:00:00Z,Severe acute respiratory syndrome-related coronavirus,29859,USA: Washington,WA,Homo sapiens,,4/1/2020
MT627632,2020-06-17T00:00:00Z,Severe acute respiratory syndrome-related coronavirus,29857,"USA: Washington,King County",WA,Homo sapiens,,3/5/2020
MT627633,2020-06-17T00:00:00Z,Severe acute respiratory syndrome-related coronavirus,29859,"USA: Washington,King County",WA,Homo sapiens,,3/6/2020
MT627634,2020-06-17T00:00:00Z,Severe acute respiratory syndrome-related coronavirus,29858,"USA: Washington,Pierce County",WA,Homo sapiens,,3/14/2020
MT627635,2020-06-17T00:00:00Z,Severe acute respiratory syndrome-related coronavirus,29857,"USA: Washington,Pierce County",WA,Homo sapiens,,3/15/2020
MT627636,2020-06-17T00:00:00Z,Severe acute respiratory syndrome-related coronavirus,29867,"USA: Washington,King County",WA,Homo sapiens,,3/12/2020
MT627637,2020-06-17T00:00:00Z,Severe acute respiratory syndrome-related coronavirus,29857,"USA: Washington,Snohomish County",WA,Homo sapiens,,3/5/2020
MT627638,2020-06-17T00:00:00Z,Severe acute respiratory syndrome-related coronavirus,29870,"USA: Washington,King County",WA,Homo sapiens,,3/4/2020
MT627745,2020-06-17T00:00:00Z,Severe acute respiratory syndrome-related coronavirus,29865,"USA: Washington,King County",WA,Homo sapiens,,4/15/2020
MT627746,2020-06-17T00:00:00Z,Severe acute respiratory syndrome-related coronavirus,29863,"USA: Washington,King County",WA,Homo sapiens,,4/27/2020
MT627747,2020-06-17T00:00:00Z,Severe acute respiratory syndrome-related coronavirus,29863,"USA: Washington,King County",WA,Homo sapiens,,4/29/2020
MT627748,2020-06-17T00:00:00Z,Severe acute respiratory syndrome-related coronavirus,29863,"USA: Washington,King County",WA,Homo sapiens,,4/4/2020
MT627749,2020-06-17T00:00:00Z,Severe acute respiratory syndrome-related coronavirus,29862,"USA: Washington,King County",WA,Homo sapiens,,4/25/2020
MT627750,2020-06-17T00:00:00Z,Severe acute respiratory syndrome-related coronavirus,29859,"USA: Washington,King County",WA,Homo sapiens,,4/20/2020
MT627751,2020-06-17T00:00:00Z,Severe acute respiratory syndrome-related coronavirus,29857,"USA: Washington,King County",WA,Homo sapiens,,4/4/2020
MT627752,2020-06-17T00:00:00Z,Severe acute respiratory syndrome-related coronavirus,29863,"USA: Washington,King County",WA,Homo sapiens,,4/12/2020
MT627753,2020-06-17T00:00:00Z,Severe acute respiratory syndrome-related coronavirus,29839,"USA: Washington,King County",WA,Homo sapiens,,4/4/2020
MT627754,2020-06-17T00:00:00Z,Severe acute respiratory syndrome-related coronavirus,29863,"USA: Washington,King County",WA,Homo sapiens,,4/23/2020
MT627755,2020-06-17T00:00:00Z,Severe acute respiratory syndrome-related coronavirus,29859,"USA: Washington,King County",WA,Homo sapiens,,4/20/2020
MT627756,2020-06-17T00:00:00Z,Severe acute respiratory syndrome-related coronavirus,29857,"USA: Washington,King County",WA,Homo sapiens,,4/2/2020
MT627757,2020-06-17T00:00:00Z,Severe acute respiratory syndrome-related coronavirus,29859,"USA: Washington,King County",WA,Homo sapiens,,4/13/2020
MT627758,2020-06-17T00:00:00Z,Severe acute respiratory syndrome-related coronavirus,29857,"USA: Washington,King County",WA,Homo sapiens,,4/12/2020
MT627759,2020-06-17T00:00:00Z,Severe acute respiratory syndrome-related coronavirus,29862,"USA: Washington,King County",WA,Homo sapiens,,4/4/2020
MT627760,2020-06-17T00:00:00Z,Severe acute respiratory syndrome-related coronavirus,29859,"USA: Washington,King County",WA,Homo sapiens,,4/18/2020
MT627761,2020-06-17T00:00:00Z,Severe acute respiratory syndrome-related coronavirus,29857,"USA: Washington,King County",WA,Homo sapiens,,4/4/2020
MT627762,2020-06-17T00:00:00Z,Severe acute respiratory syndrome-related coronavirus,29862,"USA: Washington,King County",WA,Homo sapiens,,4/23/2020
MT627763,2020-06-17T00:00:00Z,Severe acute respiratory syndrome-related coronavirus,29860,"USA: Washington,King County",WA,Homo sapiens,,4/19/2020
MT627764,2020-06-17T00:00:00Z,Severe acute respiratory syndrome-related coronavirus,29859,"USA: Washington,King County",WA,Homo sapiens,,4/26/2020
MT627765,2020-06-17T00:00:00Z,Severe acute respiratory syndrome-related coronavirus,29863,"USA: Washington,King County",WA,Homo sapiens,,4/26/2020
MT627766,2020-06-17T00:00:00Z,Severe acute respiratory syndrome-related coronavirus,29864,"USA: Washington,King County",WA,Homo sapiens,,4/19/2020
MT627767,2020-06-17T00:00:00Z,Severe acute respiratory syndrome-related coronavirus,29859,"USA: Washington,King County",WA,Homo sapiens,,4/26/2020
MT627920,2020-06-17T00:00:00Z,Severe acute respiratory syndrome-related coronavirus,29859,USA: Washington,WA,Homo sapiens,,4/23/2020
MT627921,2020-06-17T00:00:00Z,Severe acute respiratory syndrome-related coronavirus,29859,USA: Washington,WA,Homo sapiens,,4/23/2020
MT627922,2020-06-17T00:00:00Z,Severe acute respiratory syndrome-related coronavirus,29863,USA: Washington,WA,Homo sapiens,,4/23/2020
MT627923,2020-06-17T00:00:00Z,Severe acute respiratory syndrome-related coronavirus,29862,USA: Washington,WA,Homo sapiens,,4/15/2020
MT627924,2020-06-17T00:00:00Z,Severe acute respiratory syndrome-related coronavirus,29857,USA: Washington,WA,Homo sapiens,,4/1/2020
MT627925,2020-06-17T00:00:00Z,Severe acute respiratory syndrome-related coronavirus,29857,USA: Washington,WA,Homo sapiens,,4/23/2020
MT627926,2020-06-17T00:00:00Z,Severe acute respiratory syndrome-related coronavirus,29857,USA: Washington,WA,Homo sapiens,,4/13/2020
MT627927,2020-06-17T00:00:00Z,Severe acute respiratory syndrome-related coronavirus,29859,USA: Washington,WA,Homo sapiens,,4/23/2020
MT627928,2020-06-17T00:00:00Z,Severe acute respiratory syndrome-related coronavirus,29863,USA: Washington,WA,Homo sapiens,,4/13/2020
MT627929,2020-06-17T00:00:00Z,Severe acute respiratory syndrome-related coronavirus,29857,USA: Washington,WA,Homo sapiens,,4/23/2020
MT627930,2020-06-17T00:00:00Z,Severe acute respiratory syndrome-related coronavirus,29864,"USA: Washington,King County",WA,Homo sapiens,,3/23/2020
MT627931,2020-06-17T00:00:00Z,Severe acute respiratory syndrome-related coronavirus,29868,"USA: Washington,King County",WA,Homo sapiens,,3/20/2020
MT627932,2020-06-17T00:00:00Z,Severe acute respiratory syndrome-related coronavirus,29868,"USA: Washington,Snohomish County",WA,Homo sapiens,,3/26/2020
MT628037,2020-06-17T00:00:00Z,Severe acute respiratory syndrome-related coronavirus,29848,"USA: Washington,King County",WA,Homo sapiens,,4/17/2020
MT628038,2020-06-17T00:00:00Z,Severe acute respiratory syndrome-related coronavirus,29868,"USA: Washington,Pierce County",WA,Homo sapiens,,4/17/2020
MT628039,2020-06-17T00:00:00Z,Severe acute respiratory syndrome-related coronavirus,29868,"USA: Washington,Pierce County",WA,Homo sapiens,,4/19/2020
MT628040,2020-06-17T00:00:00Z,Severe acute respiratory syndrome-related coronavirus,29867,"USA: Washington,Yakima County",WA,Homo sapiens,,4/19/2020
MT628041,2020-06-17T00:00:00Z,Severe acute respiratory syndrome-related coronavirus,29863,"USA: Washington,Yakima County",WA,Homo sapiens,,4/17/2020
MT628042,2020-06-17T00:00:00Z,Severe acute respiratory syndrome-related coronavirus,29869,"USA: Washington,Asotin County",WA,Homo sapiens,,4/20/2020
MT628043,2020-06-17T00:00:00Z,Severe acute respiratory syndrome-related coronavirus,29863,"USA: Washington,Pierce County",WA,Homo sapiens,,4/18/2020
MT628044,2020-06-17T00:00:00Z,Severe acute respiratory syndrome-related coronavirus,29850,USA: Washington,WA,Homo sapiens,,4/16/2020
MT628045,2020-06-17T00:00:00Z,Severe acute respiratory syndrome-related coronavirus,29864,"USA: Washington,Yakima County",WA,Homo sapiens,,4/17/2020
MT628046,2020-06-17T00:00:00Z,Severe acute respiratory syndrome-related coronavirus,29867,"USA: Washington,Pierce County",WA,Homo sapiens,,4/18/2020
MT628047,2020-06-17T00:00:00Z,Severe acute respiratory syndrome-related coronavirus,29867,"USA: Washington,Yakima County",WA,Homo sapiens,,4/21/2020
MT628048,2020-06-17T00:00:00Z,Severe acute respiratory syndrome-related coronavirus,29859,"USA: Washington,Pierce County",WA,Homo sapiens,,4/18/2020
MT628049,2020-06-17T00:00:00Z,Severe acute respiratory syndrome-related coronavirus,29867,"USA: Washington,Snohomish County",WA,Homo sapiens,,4/17/2020
MT628050,2020-06-17T00:00:00Z,Severe acute respiratory syndrome-related coronavirus,29867,"USA: Washington,Pierce County",WA,Homo sapiens,,4/17/2020
MT628051,2020-06-17T00:00:00Z,Severe acute respiratory syndrome-related coronavirus,29859,"USA: Washington,Yakima County",WA,Homo sapiens,,4/21/2020
MT628052,2020-06-17T00:00:00Z,Severe acute respiratory syndrome-related coronavirus,29868,"USA: Washington,Pierce County",WA,Homo sapiens,,4/18/2020
MT628053,2020-06-17T00:00:00Z,Severe acute respiratory syndrome-related coronavirus,29863,"USA: Washington,Yakima County",WA,Homo sapiens,,4/20/2020
MT628054,2020-06-17T00:00:00Z,Severe acute respiratory syndrome-related coronavirus,29868,"USA: Washington,Yakima County",WA,Homo sapiens,,4/21/2020
MT628055,2020-06-17T00:00:00Z,Severe acute respiratory syndrome-related coronavirus,29867,"USA: Washington,Snohomish County",WA,Homo sapiens,,4/17/2020
MT628056,2020-06-17T00:00:00Z,Severe acute respiratory syndrome-related coronavirus,29859,"USA: Washington,Snohomish County",WA,Homo sapiens,,4/21/2020
MT628057,2020-06-17T00:00:00Z,Severe acute respiratory syndrome-related coronavirus,29864,"USA: Washington,King County",WA,Homo sapiens,,4/21/2020
MT628058,2020-06-17T00:00:00Z,Severe acute respiratory syndrome-related coronavirus,29869,"USA: Washington,Yakima County",WA,Homo sapiens,,4/18/2020
MT628059,2020-06-17T00:00:00Z,Severe acute respiratory syndrome-related coronavirus,29859,"USA: Washington,Yakima County",WA,Homo sapiens,,4/17/2020
MT628060,2020-06-17T00:00:00Z,Severe acute respiratory syndrome-related coronavirus,29859,"USA: Washington,Snohomish County",WA,Homo sapiens,,4/17/2020
MT628061,2020-06-17T00:00:00Z,Severe acute respiratory syndrome-related coronavirus,29857,"USA: Washington,Yakima County",WA,Homo sapiens,,4/22/2020
MT628062,2020-06-17T00:00:00Z,Severe acute respiratory syndrome-related coronavirus,29858,"USA: Washington,Yakima County",WA,Homo sapiens,,4/18/2020
MT628063,2020-06-17T00:00:00Z,Severe acute respiratory syndrome-related coronavirus,29859,"USA: Washington,Yakima County",WA,Homo sapiens,,4/19/2020
MT628064,2020-06-17T00:00:00Z,Severe acute respiratory syndrome-related coronavirus,29858,"USA: Washington,Yakima County",WA,Homo sapiens,,4/18/2020
MT628065,2020-06-17T00:00:00Z,Severe acute respiratory syndrome-related coronavirus,29857,"USA: Washington,Yakima County",WA,Homo sapiens,,4/18/2020
MT628066,2020-06-17T00:00:00Z,Severe acute respiratory syndrome-related coronavirus,29858,"USA: Washington,Yakima County",WA,Homo sapiens,,4/22/2020
MT628067,2020-06-17T00:00:00Z,Severe acute respiratory syndrome-related coronavirus,29863,"USA: Washington,Pierce County",WA,Homo sapiens,,4/21/2020
MT628068,2020-06-17T00:00:00Z,Severe acute respiratory syndrome-related coronavirus,29857,"USA: Washington,Yakima County",WA,Homo sapiens,,4/21/2020
MT628069,2020-06-17T00:00:00Z,Severe acute respiratory syndrome-related coronavirus,29857,"USA: Washington,Yakima County",WA,Homo sapiens,,4/22/2020
MT628070,2020-06-17T00:00:00Z,Severe acute respiratory syndrome-related coronavirus,29859,USA: Washington,WA,Homo sapiens,,4/15/2020
MT628071,2020-06-17T00:00:00Z,Severe acute respiratory syndrome-related coronavirus,29863,"USA: Washington,King County",WA,Homo sapiens,,4/16/2020
MT628072,2020-06-17T00:00:00Z,Severe acute respiratory syndrome-related coronavirus,29857,"USA: Washington,King County",WA,Homo sapiens,,4/19/2020
MT628073,2020-06-17T00:00:00Z,Severe acute respiratory syndrome-related coronavirus,29869,"USA: Washington,Yakima County",WA,Homo sapiens,,4/17/2020
MT628074,2020-06-17T00:00:00Z,Severe acute respiratory syndrome-related coronavirus,29872,"USA: Washington,Snohomish County",WA,Homo sapiens,,4/21/2020
MT628075,2020-06-17T00:00:00Z,Severe acute respiratory syndrome-related coronavirus,29860,"USA: Washington,Pierce County",WA,Homo sapiens,,4/20/2020
MT628076,2020-06-17T00:00:00Z,Severe acute respiratory syndrome-related coronavirus,29857,"USA: Washington,Yakima County",WA,Homo sapiens,,4/22/2020
MT628077,2020-06-17T00:00:00Z,Severe acute respiratory syndrome-related coronavirus,29864,"USA: Washington,Pierce County",WA,Homo sapiens,,4/18/2020
MT628078,2020-06-17T00:00:00Z,Severe acute respiratory syndrome-related coronavirus,29867,"USA: Washington,Yakima County",WA,Homo sapiens,,4/20/2020
MT628079,2020-06-17T00:00:00Z,Severe acute respiratory syndrome-related coronavirus,29863,"USA: Washington,Yakima County",WA,Homo sapiens,,4/19/2020
MT628080,2020-06-17T00:00:00Z,Severe acute respiratory syndrome-related coronavirus,29860,"USA: Washington,Yakima County",WA,Homo sapiens,,4/21/2020
MT628081,2020-06-17T00:00:00Z,Severe acute respiratory syndrome-related coronavirus,29872,"USA: Washington,Yakima County",WA,Homo sapiens,,4/17/2020
MT628082,2020-06-17T00:00:00Z,Severe acute respiratory syndrome-related coronavirus,29868,"USA: Washington,Yakima County",WA,Homo sapiens,,4/19/2020
MT628083,2020-06-17T00:00:00Z,Severe acute respiratory syndrome-related coronavirus,29813,USA: CA,CA,Homo sapiens,,4/26/2020
MT628084,2020-06-17T00:00:00Z,Severe acute respiratory syndrome-related coronavirus,29813,USA: CA,CA,Homo sapiens,,4/26/2020
MT628085,2020-06-17T00:00:00Z,Severe acute respiratory syndrome-related coronavirus,29850,USA: CA,CA,Homo sapiens,,4/25/2020
MT628086,2020-06-17T00:00:00Z,Severe acute respiratory syndrome-related coronavirus,29812,USA: CA,CA,Homo sapiens,,4/25/2020
MT628087,2020-06-17T00:00:00Z,Severe acute respiratory syndrome-related coronavirus,29814,USA: CA,CA,Homo sapiens,,5/5/2020
MT628088,2020-06-17T00:00:00Z,Severe acute respiratory syndrome-related coronavirus,29811,USA: CA,CA,Homo sapiens,,5/6/2020
MT628089,2020-06-17T00:00:00Z,Severe acute respiratory syndrome-related coronavirus,29648,USA: CA,CA,Homo sapiens,,5/6/2020
MT628090,2020-06-17T00:00:00Z,Severe acute respiratory syndrome-related coronavirus,29866,USA: CA,CA,Homo sapiens,,5/16/2020
MT628091,2020-06-17T00:00:00Z,Severe acute respiratory syndrome-related coronavirus,29864,USA: CA,CA,Homo sapiens,,5/20/2020
MT628092,2020-06-17T00:00:00Z,Severe acute respiratory syndrome-related coronavirus,29848,USA: CA,CA,Homo sapiens,,5/20/2020
MT628093,2020-06-17T00:00:00Z,Severe acute respiratory syndrome-related coronavirus,29828,USA: CA,CA,Homo sapiens,,5/21/2020
MT628094,2020-06-17T00:00:00Z,Severe acute respiratory syndrome-related coronavirus,29798,USA: CA,CA,Homo sapiens,,3/22/2020
MT628095,2020-06-17T00:00:00Z,Severe acute respiratory syndrome-related coronavirus,29813,USA: CA,CA,Homo sapiens,,4/2/2020
MT628096,2020-06-17T00:00:00Z,Severe acute respiratory syndrome-related coronavirus,29796,USA: CA,CA,Homo sapiens,,4/1/2020
MT628097,2020-06-17T00:00:00Z,Severe acute respiratory syndrome-related coronavirus,29813,USA: CA,CA,Homo sapiens,,4/8/2020
MT628098,2020-06-17T00:00:00Z,Severe acute respiratory syndrome-related coronavirus,29847,USA: CA,CA,Homo sapiens,,4/8/2020
MT628099,2020-06-17T00:00:00Z,Severe acute respiratory syndrome-related coronavirus,29798,USA: CA,CA,Homo sapiens,,4/9/2020
MT628100,2020-06-17T00:00:00Z,Severe acute respiratory syndrome-related coronavirus,29805,USA: CA,CA,Homo sapiens,,4/9/2020
MT628101,2020-06-17T00:00:00Z,Severe acute respiratory syndrome-related coronavirus,29802,USA: CA,CA,Homo sapiens,,4/10/2020
MT628102,2020-06-17T00:00:00Z,Severe acute respiratory syndrome-related coronavirus,29796,USA: CA,CA,Homo sapiens,,4/11/2020
MT628103,2020-06-17T00:00:00Z,Severe acute respiratory syndrome-related coronavirus,29802,USA: CA,CA,Homo sapiens,,4/11/2020
MT628104,2020-06-17T00:00:00Z,Severe acute respiratory syndrome-related coronavirus,29817,USA: CA,CA,Homo sapiens,,4/11/2020
MT628105,2020-06-17T00:00:00Z,Severe acute respiratory syndrome-related coronavirus,29849,USA: CA,CA,Homo sapiens,,4/12/2020
MT628106,2020-06-17T00:00:00Z,Severe acute respiratory syndrome-related coronavirus,29798,USA: CA,CA,Homo sapiens,,4/11/2020
MT628107,2020-06-17T00:00:00Z,Severe acute respiratory syndrome-related coronavirus,29843,USA: CA,CA,Homo sapiens,,4/12/2020
MT628108,2020-06-17T00:00:00Z,Severe acute respiratory syndrome-related coronavirus,29813,USA: CA,CA,Homo sapiens,,4/12/2020
MT628109,2020-06-17T00:00:00Z,Severe acute respiratory syndrome-related coronavirus,29803,USA: CA,CA,Homo sapiens,,4/13/2020
MT628110,2020-06-17T00:00:00Z,Severe acute respiratory syndrome-related coronavirus,29809,USA: CA,CA,Homo sapiens,,4/13/2020
MT628111,2020-06-17T00:00:00Z,Severe acute respiratory syndrome-related coronavirus,29833,USA: CA,CA,Homo sapiens,,4/17/2020
MT628112,2020-06-17T00:00:00Z,Severe acute respiratory syndrome-related coronavirus,29798,USA: CA,CA,Homo sapiens,,4/18/2020
MT628113,2020-06-17T00:00:00Z,Severe acute respiratory syndrome-related coronavirus,29843,USA: CA,CA,Homo sapiens,,4/18/2020
MT628114,2020-06-17T00:00:00Z,Severe acute respiratory syndrome-related coronavirus,29798,USA: CA,CA,Homo sapiens,,4/19/2020
MT628115,2020-06-17T00:00:00Z,Severe acute respiratory syndrome-related coronavirus,29800,USA: CA,CA,Homo sapiens,,4/19/2020
MT628116,2020-06-17T00:00:00Z,Severe acute respiratory syndrome-related coronavirus,29804,USA: CA,CA,Homo sapiens,,4/19/2020
MT628117,2020-06-17T00:00:00Z,Severe acute respiratory syndrome-related coronavirus,29798,USA: CA,CA,Homo sapiens,,4/19/2020
MT628118,2020-06-17T00:00:00Z,Severe acute respiratory syndrome-related coronavirus,29813,USA: CA,CA,Homo sapiens,,4/18/2020
MT628119,2020-06-17T00:00:00Z,Severe acute respiratory syndrome-related coronavirus,29848,USA: CA,CA,Homo sapiens,,4/20/2020
MT628120,2020-06-17T00:00:00Z,Severe acute respiratory syndrome-related coronavirus,29806,USA: CA,CA,Homo sapiens,,4/20/2020
MT628121,2020-06-17T00:00:00Z,Severe acute respiratory syndrome-related coronavirus,29815,USA: CA,CA,Homo sapiens,,4/20/2020
MT628122,2020-06-17T00:00:00Z,Severe acute respiratory syndrome-related coronavirus,29798,USA: CA,CA,Homo sapiens,,4/20/2020
MT628123,2020-06-17T00:00:00Z,Severe acute respiratory syndrome-related coronavirus,29847,USA: CA,CA,Homo sapiens,,4/20/2020
MT628124,2020-06-17T00:00:00Z,Severe acute respiratory syndrome-related coronavirus,29852,USA: CA,CA,Homo sapiens,,3/13/2020
MT628125,2020-06-17T00:00:00Z,Severe acute respiratory syndrome-related coronavirus,29866,USA: CA,CA,Homo sapiens,,3/16/2020
MT628126,2020-06-17T00:00:00Z,Severe acute respiratory syndrome-related coronavirus,29839,USA: CA,CA,Homo sapiens,,3/15/2020
MT628127,2020-06-17T00:00:00Z,Severe acute respiratory syndrome-related coronavirus,29866,USA: CA,CA,Homo sapiens,,3/19/2020
MT628128,2020-06-17T00:00:00Z,Severe acute respiratory syndrome-related coronavirus,29849,USA: CA,CA,Homo sapiens,,3/17/2020
MT628129,2020-06-17T00:00:00Z,Severe acute respiratory syndrome-related coronavirus,29805,USA: CA,CA,Homo sapiens,,3/17/2020
MT628130,2020-06-17T00:00:00Z,Severe acute respiratory syndrome-related coronavirus,29798,USA: CA,CA,Homo sapiens,,3/20/2020
MT628131,2020-06-17T00:00:00Z,Severe acute respiratory syndrome-related coronavirus,29846,USA: CA,CA,Homo sapiens,,3/20/2020
MT628132,2020-06-17T00:00:00Z,Severe acute respiratory syndrome-related coronavirus,29850,USA: CA,CA,Homo sapiens,,3/20/2020
MT628133,2020-06-17T00:00:00Z,Severe acute respiratory syndrome-related coronavirus,29815,USA: CA,CA,Homo sapiens,,3/20/2020
MT628134,2020-06-17T00:00:00Z,Severe acute respiratory syndrome-related coronavirus,29813,USA: CA,CA,Homo sapiens,,3/21/2020
MT628135,2020-06-17T00:00:00Z,Severe acute respiratory syndrome-related coronavirus,29841,USA: CA,CA,Homo sapiens,,3/23/2020
MT628136,2020-06-17T00:00:00Z,Severe acute respiratory syndrome-related coronavirus,29862,USA: CA,CA,Homo sapiens,,3/23/2020
MT628137,2020-06-17T00:00:00Z,Severe acute respiratory syndrome-related coronavirus,29866,USA: CA,CA,Homo sapiens,,3/24/2020
MT628138,2020-06-17T00:00:00Z,Severe acute respiratory syndrome-related coronavirus,29850,USA: CA,CA,Homo sapiens,,3/23/2020
MT628139,2020-06-17T00:00:00Z,Severe acute respiratory syndrome-related coronavirus,29863,USA: CA,CA,Homo sapiens,,3/24/2020
MT628140,2020-06-17T00:00:00Z,Severe acute respiratory syndrome-related coronavirus,29832,USA: CA,CA,Homo sapiens,,3/25/2020
MT628141,2020-06-17T00:00:00Z,Severe acute respiratory syndrome-related coronavirus,29855,USA: CA,CA,Homo sapiens,,3/25/2020
MT628142,2020-06-17T00:00:00Z,Severe acute respiratory syndrome-related coronavirus,29849,USA: CA,CA,Homo sapiens,,3/25/2020
MT628143,2020-06-17T00:00:00Z,Severe acute respiratory syndrome-related coronavirus,29813,USA: CA,CA,Homo sapiens,,3/26/2020
MT628144,2020-06-17T00:00:00Z,Severe acute respiratory syndrome-related coronavirus,29806,USA: CA,CA,Homo sapiens,,3/27/2020
MT628145,2020-06-17T00:00:00Z,Severe acute respiratory syndrome-related coronavirus,29863,USA: CA,CA,Homo sapiens,,3/28/2020
MT628146,2020-06-17T00:00:00Z,Severe acute respiratory syndrome-related coronavirus,29860,USA: CA,CA,Homo sapiens,,3/28/2020
MT628147,2020-06-17T00:00:00Z,Severe acute respiratory syndrome-related coronavirus,29862,USA: CA,CA,Homo sapiens,,3/30/2020
MT628148,2020-06-17T00:00:00Z,Severe acute respiratory syndrome-related coronavirus,29815,USA: CA,CA,Homo sapiens,,3/30/2020
MT628149,2020-06-17T00:00:00Z,Severe acute respiratory syndrome-related coronavirus,29802,USA: CA,CA,Homo sapiens,,4/3/2020
MT628150,2020-06-17T00:00:00Z,Severe acute respiratory syndrome-related coronavirus,29846,USA: CA,CA,Homo sapiens,,4/7/2020
MT628151,2020-06-17T00:00:00Z,Severe acute respiratory syndrome-related coronavirus,29798,USA: CA,CA,Homo sapiens,,4/10/2020
MT628152,2020-06-17T00:00:00Z,Severe acute respiratory syndrome-related coronavirus,29812,USA: CA,CA,Homo sapiens,,4/11/2020
MT628153,2020-06-17T00:00:00Z,Severe acute respiratory syndrome-related coronavirus,29846,USA: CA,CA,Homo sapiens,,4/11/2020
MT628154,2020-06-17T00:00:00Z,Severe acute respiratory syndrome-related coronavirus,29852,USA: CA,CA,Homo sapiens,,4/19/2020
MT628155,2020-06-17T00:00:00Z,Severe acute respiratory syndrome-related coronavirus,29856,USA: CA,CA,Homo sapiens,,4/19/2020
MT628156,2020-06-17T00:00:00Z,Severe acute respiratory syndrome-related coronavirus,29866,USA: CA,CA,Homo sapiens,,4/23/2020
MT628157,2020-06-17T00:00:00Z,Severe acute respiratory syndrome-related coronavirus,29862,USA: CA,CA,Homo sapiens,,4/23/2020
MT628158,2020-06-17T00:00:00Z,Severe acute respiratory syndrome-related coronavirus,29848,USA: CA,CA,Homo sapiens,,4/25/2020
MT628159,2020-06-17T00:00:00Z,Severe acute respiratory syndrome-related coronavirus,29798,USA: CA,CA,Homo sapiens,,4/27/2020
MT628160,2020-06-17T00:00:00Z,Severe acute respiratory syndrome-related coronavirus,29813,USA: CA,CA,Homo sapiens,,4/28/2020
MT628161,2020-06-17T00:00:00Z,Severe acute respiratory syndrome-related coronavirus,29813,USA: CA,CA,Homo sapiens,,4/29/2020
MT628162,2020-06-17T00:00:00Z,Severe acute respiratory syndrome-related coronavirus,29797,USA: CA,CA,Homo sapiens,,4/29/2020
MT628163,2020-06-17T00:00:00Z,Severe acute respiratory syndrome-related coronavirus,29847,USA: CA,CA,Homo sapiens,,5/1/2020
MT628164,2020-06-17T00:00:00Z,Severe acute respiratory syndrome-related coronavirus,29864,USA: CA,CA,Homo sapiens,,5/1/2020
MT628165,2020-06-17T00:00:00Z,Severe acute respiratory syndrome-related coronavirus,29798,USA: CA,CA,Homo sapiens,,5/1/2020
MT628166,2020-06-17T00:00:00Z,Severe acute respiratory syndrome-related coronavirus,29863,USA: CA,CA,Homo sapiens,,5/1/2020
MT628167,2020-06-17T00:00:00Z,Severe acute respiratory syndrome-related coronavirus,29828,USA: CA,CA,Homo sapiens,,5/1/2020
MT628168,2020-06-17T00:00:00Z,Severe acute respiratory syndrome-related coronavirus,29805,USA: CA,CA,Homo sapiens,,5/1/2020
MT628169,2020-06-17T00:00:00Z,Severe acute respiratory syndrome-related coronavirus,29856,USA: CA,CA,Homo sapiens,,5/1/2020
MT628170,2020-06-17T00:00:00Z,Severe acute respiratory syndrome-related coronavirus,29815,USA: CA,CA,Homo sapiens,,5/6/2020
MT628171,2020-06-17T00:00:00Z,Severe acute respiratory syndrome-related coronavirus,29805,USA: CA,CA,Homo sapiens,,5/7/2020
MT628172,2020-06-17T00:00:00Z,Severe acute respiratory syndrome-related coronavirus,29810,USA: CA,CA,Homo sapiens,,3/19/2020
MT628173,2020-06-17T00:00:00Z,Severe acute respiratory syndrome-related coronavirus,29813,USA: CA,CA,Homo sapiens,,3/24/2020
MT628174,2020-06-17T00:00:00Z,Severe acute respiratory syndrome-related coronavirus,29856,USA: CA,CA,Homo sapiens,,3/27/2020
MT628175,2020-06-17T00:00:00Z,Severe acute respiratory syndrome-related coronavirus,29812,USA: CA,CA,Homo sapiens,,3/27/2020
MT628176,2020-06-17T00:00:00Z,Severe acute respiratory syndrome-related coronavirus,29852,USA: CA,CA,Homo sapiens,,5/9/2020
MT628177,2020-06-17T00:00:00Z,Severe acute respiratory syndrome-related coronavirus,29835,USA: CA,CA,Homo sapiens,,3/30/2020
MT628178,2020-06-17T00:00:00Z,Severe acute respiratory syndrome-related coronavirus,29853,USA: CA,CA,Homo sapiens,,5/9/2020
MT628179,2020-06-17T00:00:00Z,Severe acute respiratory syndrome-related coronavirus,29808,USA: CA,CA,Homo sapiens,,5/9/2020
MT628180,2020-06-17T00:00:00Z,Severe acute respiratory syndrome-related coronavirus,29808,USA: CA,CA,Homo sapiens,,3/30/2020
MT628181,2020-06-17T00:00:00Z,Severe acute respiratory syndrome-related coronavirus,29823,USA: CA,CA,Homo sapiens,,4/1/2020
MT628182,2020-06-17T00:00:00Z,Severe acute respiratory syndrome-related coronavirus,29827,USA: CA,CA,Homo sapiens,,4/1/2020
MT628183,2020-06-17T00:00:00Z,Severe acute respiratory syndrome-related coronavirus,29798,USA: CA,CA,Homo sapiens,,4/1/2020
MT628184,2020-06-17T00:00:00Z,Severe acute respiratory syndrome-related coronavirus,29864,USA: CA,CA,Homo sapiens,,4/1/2020
MT628185,2020-06-17T00:00:00Z,Severe acute respiratory syndrome-related coronavirus,29799,USA: CA,CA,Homo sapiens,,3/31/2020
MT628186,2020-06-17T00:00:00Z,Severe acute respiratory syndrome-related coronavirus,29866,USA: CA,CA,Homo sapiens,,4/1/2020
MT628187,2020-06-17T00:00:00Z,Severe acute respiratory syndrome-related coronavirus,29812,USA: CA,CA,Homo sapiens,,4/6/2020
MT628188,2020-06-17T00:00:00Z,Severe acute respiratory syndrome-related coronavirus,29797,USA: CA,CA,Homo sapiens,,4/13/2020
MT628189,2020-06-17T00:00:00Z,Severe acute respiratory syndrome-related coronavirus,29807,USA: CA,CA,Homo sapiens,,4/14/2020
MT628190,2020-06-17T00:00:00Z,Severe acute respiratory syndrome-related coronavirus,29862,USA: CA,CA,Homo sapiens,,5/15/2020
MT628191,2020-06-17T00:00:00Z,Severe acute respiratory syndrome-related coronavirus,29866,USA: CA,CA,Homo sapiens,,5/13/2020
MT628192,2020-06-17T00:00:00Z,Severe acute respiratory syndrome-related coronavirus,29844,USA: CA,CA,Homo sapiens,,5/12/2020
MT628193,2020-06-17T00:00:00Z,Severe acute respiratory syndrome-related coronavirus,29835,USA: CA,CA,Homo sapiens,,5/11/2020
MT628194,2020-06-17T00:00:00Z,Severe acute respiratory syndrome-related coronavirus,29842,USA: CA,CA,Homo sapiens,,5/11/2020
MT628195,2020-06-17T00:00:00Z,Severe acute respiratory syndrome-related coronavirus,29813,USA: CA,CA,Homo sapiens,,5/11/2020
MT628196,2020-06-17T00:00:00Z,Severe acute respiratory syndrome-related coronavirus,29866,USA: CA,CA,Homo sapiens,,5/8/2020
MT628197,2020-06-17T00:00:00Z,Severe acute respiratory syndrome-related coronavirus,29864,USA: CA,CA,Homo sapiens,,5/7/2020
MT628198,2020-06-17T00:00:00Z,Severe acute respiratory syndrome-related coronavirus,29857,USA: CA,CA,Homo sapiens,,5/6/2020
MT628199,2020-06-17T00:00:00Z,Severe acute respiratory syndrome-related coronavirus,29847,USA: CA,CA,Homo sapiens,,5/6/2020
MT628200,2020-06-17T00:00:00Z,Severe acute respiratory syndrome-related coronavirus,29855,USA: CA,CA,Homo sapiens,,5/5/2020
MT628201,2020-06-17T00:00:00Z,Severe acute respiratory syndrome-related coronavirus,29862,USA: CA,CA,Homo sapiens,,5/3/2020
MT628202,2020-06-17T00:00:00Z,Severe acute respiratory syndrome-related coronavirus,29866,USA: CA,CA,Homo sapiens,,5/2/2020
MT628203,2020-06-17T00:00:00Z,Severe acute respiratory syndrome-related coronavirus,29782,USA: CA,CA,Homo sapiens,,5/1/2020
MT628204,2020-06-17T00:00:00Z,Severe acute respiratory syndrome-related coronavirus,29853,USA: CA,CA,Homo sapiens,,4/30/2020
MT628205,2020-06-17T00:00:00Z,Severe acute respiratory syndrome-related coronavirus,29857,USA: CA,CA,Homo sapiens,,4/30/2020
MT628206,2020-06-17T00:00:00Z,Severe acute respiratory syndrome-related coronavirus,29857,USA: CA,CA,Homo sapiens,,4/29/2020
MT628207,2020-06-17T00:00:00Z,Severe acute respiratory syndrome-related coronavirus,29801,USA: CA,CA,Homo sapiens,,4/28/2020
MT628208,2020-06-17T00:00:00Z,Severe acute respiratory syndrome-related coronavirus,29862,USA: CA,CA,Homo sapiens,,4/20/2020
MT628209,2020-06-17T00:00:00Z,Severe acute respiratory syndrome-related coronavirus,29845,USA: CA,CA,Homo sapiens,,4/21/2020
MT628210,2020-06-17T00:00:00Z,Severe acute respiratory syndrome-related coronavirus,29847,USA: CA,CA,Homo sapiens,,4/22/2020
MT628211,2020-06-17T00:00:00Z,Severe acute respiratory syndrome-related coronavirus,29862,USA: CA,CA,Homo sapiens,,4/23/2020
MT628212,2020-06-17T00:00:00Z,Severe acute respiratory syndrome-related coronavirus,29824,USA: CA,CA,Homo sapiens,,4/28/2020
MT628213,2020-06-17T00:00:00Z,Severe acute respiratory syndrome-related coronavirus,29824,USA: CA,CA,Homo sapiens,,4/28/2020
MT628214,2020-06-17T00:00:00Z,Severe acute respiratory syndrome-related coronavirus,29860,USA: CA,CA,Homo sapiens,,5/11/2020
MT628215,2020-06-17T00:00:00Z,Severe acute respiratory syndrome-related coronavirus,29865,USA: CA,CA,Homo sapiens,,5/11/2020
MT628216,2020-06-17T00:00:00Z,Severe acute respiratory syndrome-related coronavirus,29856,USA: CA,CA,Homo sapiens,,5/11/2020
MT628217,2020-06-17T00:00:00Z,Severe acute respiratory syndrome-related coronavirus,29858,USA: CA,CA,Homo sapiens,,5/11/2020
MT628218,2020-06-17T00:00:00Z,Severe acute respiratory syndrome-related coronavirus,29815,USA: CA,CA,Homo sapiens,,4/29/2020
MT628219,2020-06-17T00:00:00Z,Severe acute respiratory syndrome-related coronavirus,29812,USA: CA,CA,Homo sapiens,,3/18/2020
MT628220,2020-06-17T00:00:00Z,Severe acute respiratory syndrome-related coronavirus,29849,USA: CA,CA,Homo sapiens,,3/29/2020
MT628221,2020-06-17T00:00:00Z,Severe acute respiratory syndrome-related coronavirus,29813,USA: CA,CA,Homo sapiens,,3/30/2020
MT628222,2020-06-17T00:00:00Z,Severe acute respiratory syndrome-related coronavirus,29865,USA: CA,CA,Homo sapiens,,4/1/2020
MT628223,2020-06-17T00:00:00Z,Severe acute respiratory syndrome-related coronavirus,29864,USA: CA,CA,Homo sapiens,,4/2/2020
MT628224,2020-06-17T00:00:00Z,Severe acute respiratory syndrome-related coronavirus,29841,USA: CA,CA,Homo sapiens,,4/2/2020
MT628225,2020-06-17T00:00:00Z,Severe acute respiratory syndrome-related coronavirus,29803,USA: CA,CA,Homo sapiens,,4/5/2020
MT628226,2020-06-17T00:00:00Z,Severe acute respiratory syndrome-related coronavirus,29855,USA: CA,CA,Homo sapiens,,4/5/2020
MT628227,2020-06-17T00:00:00Z,Severe acute respiratory syndrome-related coronavirus,29815,USA: CA,CA,Homo sapiens,,4/12/2020
MT628228,2020-06-17T00:00:00Z,Severe acute respiratory syndrome-related coronavirus,29843,USA: CA,CA,Homo sapiens,,4/12/2020
MT628229,2020-06-17T00:00:00Z,Severe acute respiratory syndrome-related coronavirus,29825,USA: CA,CA,Homo sapiens,,3/11/2020
MT628230,2020-06-17T00:00:00Z,Severe acute respiratory syndrome-related coronavirus,29855,USA: CA,CA,Homo sapiens,,3/13/2020
MT628231,2020-06-17T00:00:00Z,Severe acute respiratory syndrome-related coronavirus,29833,USA: CA,CA,Homo sapiens,,3/14/2020
MT628232,2020-06-17T00:00:00Z,Severe acute respiratory syndrome-related coronavirus,29836,USA: CA,CA,Homo sapiens,,3/18/2020
MT628233,2020-06-17T00:00:00Z,Severe acute respiratory syndrome-related coronavirus,29803,USA: CA,CA,Homo sapiens,,3/18/2020
MT628234,2020-06-17T00:00:00Z,Severe acute respiratory syndrome-related coronavirus,29848,USA: CA,CA,Homo sapiens,,3/21/2020
MT628235,2020-06-17T00:00:00Z,Severe acute respiratory syndrome-related coronavirus,29841,USA: CA,CA,Homo sapiens,,3/21/2020
MT628236,2020-06-17T00:00:00Z,Severe acute respiratory syndrome-related coronavirus,29844,USA: CA,CA,Homo sapiens,,3/21/2020
MT628237,2020-06-17T00:00:00Z,Severe acute respiratory syndrome-related coronavirus,29813,USA: CA,CA,Homo sapiens,,3/22/2020
MT628238,2020-06-17T00:00:00Z,Severe acute respiratory syndrome-related coronavirus,29815,USA: CA,CA,Homo sapiens,,3/22/2020
MT628239,2020-06-17T00:00:00Z,Severe acute respiratory syndrome-related coronavirus,29798,USA: CA,CA,Homo sapiens,,3/23/2020
MT628240,2020-06-17T00:00:00Z,Severe acute respiratory syndrome-related coronavirus,29847,USA: CA,CA,Homo sapiens,,3/24/2020
MT628241,2020-06-17T00:00:00Z,Severe acute respiratory syndrome-related coronavirus,29816,USA: CA,CA,Homo sapiens,,3/24/2020
MT628242,2020-06-17T00:00:00Z,Severe acute respiratory syndrome-related coronavirus,29815,USA: CA,CA,Homo sapiens,,3/24/2020
MT628243,2020-06-17T00:00:00Z,Severe acute respiratory syndrome-related coronavirus,29849,USA: CA,CA,Homo sapiens,,3/25/2020
MT628244,2020-06-17T00:00:00Z,Severe acute respiratory syndrome-related coronavirus,29862,USA: CA,CA,Homo sapiens,,3/26/2020
MT628245,2020-06-17T00:00:00Z,Severe acute respiratory syndrome-related coronavirus,29858,USA: CA,CA,Homo sapiens,,3/26/2020
MT628246,2020-06-17T00:00:00Z,Severe acute respiratory syndrome-related coronavirus,29833,USA: CA,CA,Homo sapiens,,3/28/2020
MT628247,2020-06-17T00:00:00Z,Severe acute respiratory syndrome-related coronavirus,29824,USA: CA,CA,Homo sapiens,,3/28/2020
MT628248,2020-06-17T00:00:00Z,Severe acute respiratory syndrome-related coronavirus,29854,USA: CA,CA,Homo sapiens,,3/27/2020
MT628249,2020-06-17T00:00:00Z,Severe acute respiratory syndrome-related coronavirus,29871,USA: CA,CA,Homo sapiens,,3/27/2020
MT628250,2020-06-17T00:00:00Z,Severe acute respiratory syndrome-related coronavirus,29855,USA: CA,CA,Homo sapiens,,3/29/2020
MT628251,2020-06-17T00:00:00Z,Severe acute respiratory syndrome-related coronavirus,29816,USA: CA,CA,Homo sapiens,,3/31/2020
MT628252,2020-06-17T00:00:00Z,Severe acute respiratory syndrome-related coronavirus,29836,USA: CA,CA,Homo sapiens,,4/1/2020
MT628253,2020-06-17T00:00:00Z,Severe acute respiratory syndrome-related coronavirus,29848,USA: CA,CA,Homo sapiens,,4/2/2020
MT628254,2020-06-17T00:00:00Z,Severe acute respiratory syndrome-related coronavirus,29842,USA: CA,CA,Homo sapiens,,4/1/2020
MT628255,2020-06-17T00:00:00Z,Severe acute respiratory syndrome-related coronavirus,29818,USA: CA,CA,Homo sapiens,,4/3/2020
MT628256,2020-06-17T00:00:00Z,Severe acute respiratory syndrome-related coronavirus,29860,USA: CA,CA,Homo sapiens,,4/3/2020
MT628257,2020-06-17T00:00:00Z,Severe acute respiratory syndrome-related coronavirus,29844,USA: CA,CA,Homo sapiens,,4/4/2020
MT628258,2020-06-17T00:00:00Z,Severe acute respiratory syndrome-related coronavirus,29865,USA: CA,CA,Homo sapiens,,4/5/2020
MT628259,2020-06-17T00:00:00Z,Severe acute respiratory syndrome-related coronavirus,29813,USA: CA,CA,Homo sapiens,,4/6/2020
MT628260,2020-06-17T00:00:00Z,Severe acute respiratory syndrome-related coronavirus,29887,USA: CA,CA,Homo sapiens,,4/6/2020
MT628261,2020-06-17T00:00:00Z,Severe acute respiratory syndrome-related coronavirus,29840,USA: CA,CA,Homo sapiens,,4/7/2020
MT628262,2020-06-17T00:00:00Z,Severe acute respiratory syndrome-related coronavirus,29900,USA: CA,CA,Homo sapiens,,4/8/2020
MT628263,2020-06-17T00:00:00Z,Severe acute respiratory syndrome-related coronavirus,29805,USA: CA,CA,Homo sapiens,,4/9/2020
MT628264,2020-06-17T00:00:00Z,Severe acute respiratory syndrome-related coronavirus,29791,USA: CA,CA,Homo sapiens,,4/9/2020
MT628265,2020-06-17T00:00:00Z,Severe acute respiratory syndrome-related coronavirus,29859,USA: CA,CA,Homo sapiens,,4/11/2020
MT628266,2020-06-17T00:00:00Z,Severe acute respiratory syndrome-related coronavirus,29813,USA: CA,CA,Homo sapiens,,4/14/2020
MT628267,2020-06-17T00:00:00Z,Severe acute respiratory syndrome-related coronavirus,29851,USA: CA,CA,Homo sapiens,,4/14/2020
MT628268,2020-06-17T00:00:00Z,Severe acute respiratory syndrome-related coronavirus,29841,USA: CA,CA,Homo sapiens,,4/16/2020
MT628269,2020-06-17T00:00:00Z,Severe acute respiratory syndrome-related coronavirus,29864,USA: CA,CA,Homo sapiens,,4/17/2020
MT628270,2020-06-17T00:00:00Z,Severe acute respiratory syndrome-related coronavirus,29813,USA: CA,CA,Homo sapiens,,4/18/2020
MT628271,2020-06-17T00:00:00Z,Severe acute respiratory syndrome-related coronavirus,29830,USA: CA,CA,Homo sapiens,,4/20/2020
MT628272,2020-06-17T00:00:00Z,Severe acute respiratory syndrome-related coronavirus,29837,USA: CA,CA,Homo sapiens,,4/21/2020
MT628273,2020-06-17T00:00:00Z,Severe acute respiratory syndrome-related coronavirus,29752,USA: CA,CA,Homo sapiens,,5/1/2020
MT628274,2020-06-17T00:00:00Z,Severe acute respiratory syndrome-related coronavirus,29823,USA: CA,CA,Homo sapiens,,5/7/2020
MT628275,2020-06-17T00:00:00Z,Severe acute respiratory syndrome-related coronavirus,29818,USA: CA,CA,Homo sapiens,,5/7/2020
MT628276,2020-06-17T00:00:00Z,Severe acute respiratory syndrome-related coronavirus,29851,USA: CA,CA,Homo sapiens,,5/7/2020
MT628277,2020-06-17T00:00:00Z,Severe acute respiratory syndrome-related coronavirus,29832,USA: CA,CA,Homo sapiens,,5/7/2020
MT628278,2020-06-17T00:00:00Z,Severe acute respiratory syndrome-related coronavirus,29798,USA: CA,CA,Homo sapiens,,5/8/2020
MT628279,2020-06-17T00:00:00Z,Severe acute respiratory syndrome-related coronavirus,29819,USA: CA,CA,Homo sapiens,,5/8/2020
MT628280,2020-06-17T00:00:00Z,Severe acute respiratory syndrome-related coronavirus,29839,USA: CA,CA,Homo sapiens,,5/9/2020
MT628281,2020-06-17T00:00:00Z,Severe acute respiratory syndrome-related coronavirus,29765,USA: CA,CA,Homo sapiens,,3/28/2020
MT631784,2020-06-17T00:00:00Z,Severe acute respiratory syndrome-related coronavirus,29836,USA: CA,CA,Homo sapiens,,4/18/2020
MT631785,2020-06-17T00:00:00Z,Severe acute respiratory syndrome-related coronavirus,29810,USA: CA,CA,Homo sapiens,,4/17/2020
MT631786,2020-06-17T00:00:00Z,Severe acute respiratory syndrome-related coronavirus,29815,USA: CA,CA,Homo sapiens,,4/18/2020
MT631787,2020-06-17T00:00:00Z,Severe acute respiratory syndrome-related coronavirus,29865,USA: CA,CA,Homo sapiens,,4/18/2020
MT631788,2020-06-17T00:00:00Z,Severe acute respiratory syndrome-related coronavirus,29802,USA: CA,CA,Homo sapiens,,4/18/2020
MT631789,2020-06-17T00:00:00Z,Severe acute respiratory syndrome-related coronavirus,29814,USA: CA,CA,Homo sapiens,,4/18/2020
MT631790,2020-06-17T00:00:00Z,Severe acute respiratory syndrome-related coronavirus,29851,USA: CA,CA,Homo sapiens,,4/18/2020
MT631791,2020-06-17T00:00:00Z,Severe acute respiratory syndrome-related coronavirus,29827,USA: CA,CA,Homo sapiens,,4/18/2020
MT631792,2020-06-17T00:00:00Z,Severe acute respiratory syndrome-related coronavirus,29813,USA: CA,CA,Homo sapiens,,4/21/2020
MT631793,2020-06-17T00:00:00Z,Severe acute respiratory syndrome-related coronavirus,29864,USA: CA,CA,Homo sapiens,,4/22/2020
MT631794,2020-06-17T00:00:00Z,Severe acute respiratory syndrome-related coronavirus,29850,USA: CA,CA,Homo sapiens,,4/22/2020
MT631795,2020-06-17T00:00:00Z,Severe acute respiratory syndrome-related coronavirus,29813,USA: CA,CA,Homo sapiens,,4/22/2020
MT631796,2020-06-17T00:00:00Z,Severe acute respiratory syndrome-related coronavirus,29826,USA: CA,CA,Homo sapiens,,4/22/2020
MT631797,2020-06-17T00:00:00Z,Severe acute respiratory syndrome-related coronavirus,29841,USA: CA,CA,Homo sapiens,,4/22/2020
MT631798,2020-06-17T00:00:00Z,Severe acute respiratory syndrome-related coronavirus,29798,USA: CA,CA,Homo sapiens,,4/22/2020
MT631799,2020-06-17T00:00:00Z,Severe acute respiratory syndrome-related coronavirus,29814,USA: CA,CA,Homo sapiens,,4/26/2020
MT631800,2020-06-17T00:00:00Z,Severe acute respiratory syndrome-related coronavirus,29813,USA: CA,CA,Homo sapiens,,5/14/2020
MT631801,2020-06-17T00:00:00Z,Severe acute respiratory syndrome-related coronavirus,29801,USA: CA,CA,Homo sapiens,,5/14/2020
MT631802,2020-06-17T00:00:00Z,Severe acute respiratory syndrome-related coronavirus,29840,USA: CA,CA,Homo sapiens,,5/14/2020
MT631803,2020-06-17T00:00:00Z,Severe acute respiratory syndrome-related coronavirus,29851,USA: CA,CA,Homo sapiens,,5/14/2020
MT631804,2020-06-17T00:00:00Z,Severe acute respiratory syndrome-related coronavirus,29789,USA: CA,CA,Homo sapiens,,5/14/2020
MT631805,2020-06-17T00:00:00Z,Severe acute respiratory syndrome-related coronavirus,29803,USA: CA,CA,Homo sapiens,,5/14/2020
MT631806,2020-06-17T00:00:00Z,Severe acute respiratory syndrome-related coronavirus,29805,USA: CA,CA,Homo sapiens,,3/30/2020
MT631807,2020-06-17T00:00:00Z,Severe acute respiratory syndrome-related coronavirus,29849,USA: CA,CA,Homo sapiens,,3/30/2020
MT631808,2020-06-17T00:00:00Z,Severe acute respiratory syndrome-related coronavirus,29815,USA: CA,CA,Homo sapiens,,3/30/2020
MT631809,2020-06-17T00:00:00Z,Severe acute respiratory syndrome-related coronavirus,29854,USA: CA,CA,Homo sapiens,,3/30/2020
MT631810,2020-06-17T00:00:00Z,Severe acute respiratory syndrome-related coronavirus,29816,USA: CA,CA,Homo sapiens,,3/30/2020
MT631811,2020-06-17T00:00:00Z,Severe acute respiratory syndrome-related coronavirus,29816,USA: CA,CA,Homo sapiens,,3/31/2020
MT631812,2020-06-17T00:00:00Z,Severe acute respiratory syndrome-related coronavirus,29798,USA: CA,CA,Homo sapiens,,3/31/2020
MT631813,2020-06-17T00:00:00Z,Severe acute respiratory syndrome-related coronavirus,29849,USA: CA,CA,Homo sapiens,,4/1/2020
MT631814,2020-06-17T00:00:00Z,Severe acute respiratory syndrome-related coronavirus,29835,USA: CA,CA,Homo sapiens,,4/2/2020
MT631815,2020-06-17T00:00:00Z,Severe acute respiratory syndrome-related coronavirus,29805,USA: CA,CA,Homo sapiens,,4/2/2020
MT631816,2020-06-17T00:00:00Z,Severe acute respiratory syndrome-related coronavirus,29849,USA: CA,CA,Homo sapiens,,4/2/2020
MT631817,2020-06-17T00:00:00Z,Severe acute respiratory syndrome-related coronavirus,29840,USA: CA,CA,Homo sapiens,,4/2/2020
MT631818,2020-06-17T00:00:00Z,Severe acute respiratory syndrome-related coronavirus,29851,USA: CA,CA,Homo sapiens,,4/2/2020
MT631819,2020-06-17T00:00:00Z,Severe acute respiratory syndrome-related coronavirus,29849,USA: CA,CA,Homo sapiens,,4/2/2020
MT631820,2020-06-17T00:00:00Z,Severe acute respiratory syndrome-related coronavirus,29862,USA: CA,CA,Homo sapiens,,4/2/2020
MT631821,2020-06-17T00:00:00Z,Severe acute respiratory syndrome-related coronavirus,29834,USA: CA,CA,Homo sapiens,,4/2/2020
MT631822,2020-06-17T00:00:00Z,Severe acute respiratory syndrome-related coronavirus,29823,USA: CA,CA,Homo sapiens,,4/2/2020
MT631823,2020-06-17T00:00:00Z,Severe acute respiratory syndrome-related coronavirus,29851,USA: CA,CA,Homo sapiens,,4/2/2020
MT631824,2020-06-17T00:00:00Z,Severe acute respiratory syndrome-related coronavirus,29813,USA: CA,CA,Homo sapiens,,4/2/2020
MT631825,2020-06-17T00:00:00Z,Severe acute respiratory syndrome-related coronavirus,29864,USA: CA,CA,Homo sapiens,,4/2/2020
MT631826,2020-06-17T00:00:00Z,Severe acute respiratory syndrome-related coronavirus,29831,USA: CA,CA,Homo sapiens,,4/2/2020
MT631827,2020-06-17T00:00:00Z,Severe acute respiratory syndrome-related coronavirus,29849,USA: CA,CA,Homo sapiens,,4/2/2020
MT631828,2020-06-17T00:00:00Z,Severe acute respiratory syndrome-related coronavirus,29848,USA: CA,CA,Homo sapiens,,4/2/2020
MT631829,2020-06-17T00:00:00Z,Severe acute respiratory syndrome-related coronavirus,29836,USA: CA,CA,Homo sapiens,,4/2/2020
MT631830,2020-06-17T00:00:00Z,Severe acute respiratory syndrome-related coronavirus,29850,USA: CA,CA,Homo sapiens,,4/2/2020
MT631831,2020-06-17T00:00:00Z,Severe acute respiratory syndrome-related coronavirus,29848,USA: CA,CA,Homo sapiens,,4/2/2020
MT631832,2020-06-17T00:00:00Z,Severe acute respiratory syndrome-related coronavirus,29832,USA: CA,CA,Homo sapiens,,4/2/2020
MT631833,2020-06-17T00:00:00Z,Severe acute respiratory syndrome-related coronavirus,29853,USA: CA,CA,Homo sapiens,,4/2/2020
MT631834,2020-06-17T00:00:00Z,Severe acute respiratory syndrome-related coronavirus,29829,USA: CA,CA,Homo sapiens,,4/3/2020
MT631835,2020-06-17T00:00:00Z,Severe acute respiratory syndrome-related coronavirus,29826,USA: CA,CA,Homo sapiens,,4/3/2020
MT631836,2020-06-17T00:00:00Z,Severe acute respiratory syndrome-related coronavirus,29721,USA: CA,CA,Homo sapiens,,4/3/2020
MT631837,2020-06-17T00:00:00Z,Severe acute respiratory syndrome-related coronavirus,29860,USA: CA,CA,Homo sapiens,,4/3/2020
MT631838,2020-06-17T00:00:00Z,Severe acute respiratory syndrome-related coronavirus,29815,USA: CA,CA,Homo sapiens,,4/3/2020
MT631839,2020-06-17T00:00:00Z,Severe acute respiratory syndrome-related coronavirus,29846,USA: CA,CA,Homo sapiens,,4/3/2020
MT631840,2020-06-17T00:00:00Z,Severe acute respiratory syndrome-related coronavirus,29821,USA: CA,CA,Homo sapiens,,4/3/2020
MT631841,2020-06-17T00:00:00Z,Severe acute respiratory syndrome-related coronavirus,29849,USA: CA,CA,Homo sapiens,,4/7/2020
MT631842,2020-06-17T00:00:00Z,Severe acute respiratory syndrome-related coronavirus,29854,USA: CA,CA,Homo sapiens,,4/7/2020
MT631843,2020-06-17T00:00:00Z,Severe acute respiratory syndrome-related coronavirus,29798,USA: CA,CA,Homo sapiens,,4/7/2020
MT631844,2020-06-17T00:00:00Z,Severe acute respiratory syndrome-related coronavirus,29801,USA: CA,CA,Homo sapiens,,5/13/2020
MT631845,2020-06-17T00:00:00Z,Severe acute respiratory syndrome-related coronavirus,29819,USA: CA,CA,Homo sapiens,,5/13/2020
MT632491,2020-06-17T00:00:00Z,Severe acute respiratory syndrome-related coronavirus,29839,"USA: Washington,King County",WA,Homo sapiens,,3/18/2020
MT632492,2020-06-17T00:00:00Z,Severe acute respiratory syndrome-related coronavirus,29760,"USA: Washington,Whatcom County",WA,Homo sapiens,,3/20/2020
MT632493,2020-06-17T00:00:00Z,Severe acute respiratory syndrome-related coronavirus,29872,"USA: Washington,Whatcom County",WA,Homo sapiens,,3/20/2020
MT632494,2020-06-17T00:00:00Z,Severe acute respiratory syndrome-related coronavirus,29846,"USA: Washington,Snohomish County",WA,Homo sapiens,,3/16/2020
MT632495,2020-06-17T00:00:00Z,Severe acute respiratory syndrome-related coronavirus,29868,"USA: Washington,Snohomish County",WA,Homo sapiens,,3/16/2020
MT632496,2020-06-17T00:00:00Z,Severe acute respiratory syndrome-related coronavirus,29852,"USA: Washington,King County",WA,Homo sapiens,,3/19/2020
MT632497,2020-06-17T00:00:00Z,Severe acute respiratory syndrome-related coronavirus,29868,"USA: Washington,Whatcom County",WA,Homo sapiens,,3/21/2020
MT632498,2020-06-17T00:00:00Z,Severe acute respiratory syndrome-related coronavirus,29868,"USA: Washington,Whatcom County",WA,Homo sapiens,,3/20/2020
MT632499,2020-06-17T00:00:00Z,Severe acute respiratory syndrome-related coronavirus,29869,"USA: Washington,Whatcom County",WA,Homo sapiens,,3/20/2020
MT632500,2020-06-17T00:00:00Z,Severe acute respiratory syndrome-related coronavirus,29868,"USA: Washington,King County",WA,Homo sapiens,,3/14/2020
MT632501,2020-06-17T00:00:00Z,Severe acute respiratory syndrome-related coronavirus,29868,"USA: Washington,Snohomish County",WA,Homo sapiens,,3/16/2020
MT632502,2020-06-17T00:00:00Z,Severe acute respiratory syndrome-related coronavirus,29871,"USA: Washington,Clark County",WA,Homo sapiens,,3/8/2020
MT632503,2020-06-17T00:00:00Z,Severe acute respiratory syndrome-related coronavirus,29868,"USA: Washington,Whatcom County",WA,Homo sapiens,,3/20/2020
MT632504,2020-06-17T00:00:00Z,Severe acute respiratory syndrome-related coronavirus,29868,"USA: Washington,Whatcom County",WA,Homo sapiens,,3/18/2020
MT632505,2020-06-17T00:00:00Z,Severe acute respiratory syndrome-related coronavirus,29871,"USA: Washington,Whatcom County",WA,Homo sapiens,,3/20/2020
MT632506,2020-06-17T00:00:00Z,Severe acute respiratory syndrome-related coronavirus,29855,"USA: Washington,Snohomish County",WA,Homo sapiens,,3/2/2020
MT632507,2020-06-17T00:00:00Z,Severe acute respiratory syndrome-related coronavirus,29871,"USA: Washington,Whatcom County",WA,Homo sapiens,,3/20/2020
MT632508,2020-06-17T00:00:00Z,Severe acute respiratory syndrome-related coronavirus,29871,"USA: Washington,Whatcom County",WA,Homo sapiens,,3/20/2020
MT632509,2020-06-17T00:00:00Z,Severe acute respiratory syndrome-related coronavirus,29869,USA: Washington,WA,Homo sapiens,,3/20/2020
MT632510,2020-06-17T00:00:00Z,Severe acute respiratory syndrome-related coronavirus,29868,"USA: Washington,Whatcom County",WA,Homo sapiens,,3/23/2020
MT632511,2020-06-17T00:00:00Z,Severe acute respiratory syndrome-related coronavirus,29870,"USA: Washington,Whatcom County",WA,Homo sapiens,,3/20/2020
MT632512,2020-06-17T00:00:00Z,Severe acute respiratory syndrome-related coronavirus,29868,"USA: Washington,Whatcom County",WA,Homo sapiens,,3/20/2020
MT632513,2020-06-17T00:00:00Z,Severe acute respiratory syndrome-related coronavirus,29868,"USA: Washington,Whatcom County",WA,Homo sapiens,,3/20/2020
MT632514,2020-06-17T00:00:00Z,Severe acute respiratory syndrome-related coronavirus,29863,"USA: Washington,King County",WA,Homo sapiens,,3/20/2020
MT632515,2020-06-17T00:00:00Z,Severe acute respiratory syndrome-related coronavirus,29859,"USA: Washington,King County",WA,Homo sapiens,,3/19/2020
MT632516,2020-06-17T00:00:00Z,Severe acute respiratory syndrome-related coronavirus,29868,"USA: Washington,Whatcom County",WA,Homo sapiens,,3/20/2020
MT632517,2020-06-17T00:00:00Z,Severe acute respiratory syndrome-related coronavirus,29868,"USA: Washington,Whatcom County",WA,Homo sapiens,,3/20/2020
MT632518,2020-06-17T00:00:00Z,Severe acute respiratory syndrome-related coronavirus,29857,"USA: Washington,King County",WA,Homo sapiens,,3/2/2020
MT632519,2020-06-17T00:00:00Z,Severe acute respiratory syndrome-related coronavirus,29868,"USA: Washington,Whatcom County",WA,Homo sapiens,,3/20/2020
MT632520,2020-06-17T00:00:00Z,Severe acute respiratory syndrome-related coronavirus,29868,"USA: Washington,Whatcom County",WA,Homo sapiens,,3/20/2020
MT632521,2020-06-17T00:00:00Z,Severe acute respiratory syndrome-related coronavirus,29864,"USA: Washington,Whatcom County",WA,Homo sapiens,,3/20/2020
MT632522,2020-06-17T00:00:00Z,Severe acute respiratory syndrome-related coronavirus,29870,"USA: Washington,Whatcom County",WA,Homo sapiens,,3/23/2020
MT632523,2020-06-17T00:00:00Z,Severe acute respiratory syndrome-related coronavirus,29869,"USA: Washington,Whatcom County",WA,Homo sapiens,,3/20/2020
MT632524,2020-06-17T00:00:00Z,Severe acute respiratory syndrome-related coronavirus,29856,USA: Washington,WA,Homo sapiens,,3/19/2020
MT632525,2020-06-17T00:00:00Z,Severe acute respiratory syndrome-related coronavirus,29851,"USA: Washington,Whatcom County",WA,Homo sapiens,,3/20/2020
MT632526,2020-06-17T00:00:00Z,Severe acute respiratory syndrome-related coronavirus,29857,USA: Washington,WA,Homo sapiens,,3/20/2020
MT632527,2020-06-17T00:00:00Z,Severe acute respiratory syndrome-related coronavirus,29868,"USA: Washington,Whatcom County",WA,Homo sapiens,,3/20/2020
MT632528,2020-06-17T00:00:00Z,Severe acute respiratory syndrome-related coronavirus,29868,"USA: Washington,Whatcom County",WA,Homo sapiens,,3/22/2020
MT632529,2020-06-17T00:00:00Z,Severe acute respiratory syndrome-related coronavirus,29868,"USA: Washington,Whatcom County",WA,Homo sapiens,,3/20/2020
MT632530,2020-06-17T00:00:00Z,Severe acute respiratory syndrome-related coronavirus,29842,USA: Washington,WA,Homo sapiens,,3/20/2020
MT632531,2020-06-17T00:00:00Z,Severe acute respiratory syndrome-related coronavirus,29851,"USA: Washington,King County",WA,Homo sapiens,,3/18/2020
MT632532,2020-06-17T00:00:00Z,Severe acute respiratory syndrome-related coronavirus,29868,"USA: Washington,Whatcom County",WA,Homo sapiens,,3/23/2020
MT632533,2020-06-17T00:00:00Z,Severe acute respiratory syndrome-related coronavirus,29868,"USA: Washington,Whatcom County",WA,Homo sapiens,,3/18/2020
MT632534,2020-06-17T00:00:00Z,Severe acute respiratory syndrome-related coronavirus,29860,USA: Washington,WA,Homo sapiens,,3/20/2020
MT632535,2020-06-17T00:00:00Z,Severe acute respiratory syndrome-related coronavirus,29868,"USA: Washington,King County",WA,Homo sapiens,,3/16/2020
MT632536,2020-06-17T00:00:00Z,Severe acute respiratory syndrome-related coronavirus,29868,"USA: Washington,Whatcom County",WA,Homo sapiens,,3/18/2020
MT632537,2020-06-17T00:00:00Z,Severe acute respiratory syndrome-related coronavirus,29849,USA: Washington,WA,Homo sapiens,,3/19/2020
MT632538,2020-06-17T00:00:00Z,Severe acute respiratory syndrome-related coronavirus,29861,"USA: Washington,Grant County",WA,Homo sapiens,,3/19/2020
MT632539,2020-06-17T00:00:00Z,Severe acute respiratory syndrome-related coronavirus,29869,"USA: Washington,King County",WA,Homo sapiens,,3/19/2020
MT632540,2020-06-17T00:00:00Z,Severe acute respiratory syndrome-related coronavirus,29858,"USA: Washington,Whatcom County",WA,Homo sapiens,,3/20/2020
MT632541,2020-06-17T00:00:00Z,Severe acute respiratory syndrome-related coronavirus,29868,"USA: Washington,King County",WA,Homo sapiens,,3/13/2020
MT632542,2020-06-17T00:00:00Z,Severe acute respiratory syndrome-related coronavirus,29839,"USA: Washington,King County",WA,Homo sapiens,,2/25/2020
MT632543,2020-06-17T00:00:00Z,Severe acute respiratory syndrome-related coronavirus,29862,"USA: Washington,King County",WA,Homo sapiens,,3/16/2020
MT632544,2020-06-17T00:00:00Z,Severe acute respiratory syndrome-related coronavirus,29859,"USA: Washington,King County",WA,Homo sapiens,,3/23/2020
MT632545,2020-06-17T00:00:00Z,Severe acute respiratory syndrome-related coronavirus,29856,"USA: Washington,King County",WA,Homo sapiens,,2/29/2020
MT632546,2020-06-17T00:00:00Z,Severe acute respiratory syndrome-related coronavirus,29861,"USA: Washington,King County",WA,Homo sapiens,,3/20/2020
MT632547,2020-06-17T00:00:00Z,Severe acute respiratory syndrome-related coronavirus,29869,"USA: Washington,King County",WA,Homo sapiens,,3/14/2020
MT632548,2020-06-17T00:00:00Z,Severe acute respiratory syndrome-related coronavirus,29857,"USA: Washington,King County",WA,Homo sapiens,,3/2/2020
MT632549,2020-06-17T00:00:00Z,Severe acute respiratory syndrome-related coronavirus,29851,USA: Washington,WA,Homo sapiens,,3/2/2020
MT632550,2020-06-17T00:00:00Z,Severe acute respiratory syndrome-related coronavirus,29871,USA: Washington,WA,Homo sapiens,,3/19/2020
MT632551,2020-06-17T00:00:00Z,Severe acute respiratory syndrome-related coronavirus,29857,"USA: Washington,King County",WA,Homo sapiens,,3/19/2020
MT632552,2020-06-17T00:00:00Z,Severe acute respiratory syndrome-related coronavirus,29870,"USA: Washington,King County",WA,Homo sapiens,,3/13/2020
MT632553,2020-06-17T00:00:00Z,Severe acute respiratory syndrome-related coronavirus,29859,"USA: Washington,Whatcom County",WA,Homo sapiens,,3/20/2020
MT632554,2020-06-17T00:00:00Z,Severe acute respiratory syndrome-related coronavirus,29871,USA: Washington,WA,Homo sapiens,,3/19/2020
MT632555,2020-06-17T00:00:00Z,Severe acute respiratory syndrome-related coronavirus,29867,"USA: Washington,King County",WA,Homo sapiens,,3/13/2020
MT632556,2020-06-17T00:00:00Z,Severe acute respiratory syndrome-related coronavirus,29869,"USA: Washington,King County",WA,Homo sapiens,,3/19/2020
MT632557,2020-06-17T00:00:00Z,Severe acute respiratory syndrome-related coronavirus,29858,"USA: Washington,King County",WA,Homo sapiens,,3/19/2020
MT632558,2020-06-17T00:00:00Z,Severe acute respiratory syndrome-related coronavirus,29864,"USA: Washington,Snohomish County",WA,Homo sapiens,,3/3/2020
MT632559,2020-06-17T00:00:00Z,Severe acute respiratory syndrome-related coronavirus,29862,"USA: Washington,King County",WA,Homo sapiens,,3/17/2020
MT632560,2020-06-17T00:00:00Z,Severe acute respiratory syndrome-related coronavirus,29856,"USA: Washington,King County",WA,Homo sapiens,,3/16/2020
MT632561,2020-06-17T00:00:00Z,Severe acute respiratory syndrome-related coronavirus,29868,"USA: Washington,King County",WA,Homo sapiens,,3/19/2020
MT632562,2020-06-17T00:00:00Z,Severe acute respiratory syndrome-related coronavirus,29867,"USA: Washington,Snohomish County",WA,Homo sapiens,,3/12/2020
MT632563,2020-06-17T00:00:00Z,Severe acute respiratory syndrome-related coronavirus,29869,"USA: Washington,King County",WA,Homo sapiens,,3/20/2020
MT632564,2020-06-17T00:00:00Z,Severe acute respiratory syndrome-related coronavirus,29862,"USA: Washington,King County",WA,Homo sapiens,,3/1/2020
MT632565,2020-06-17T00:00:00Z,Severe acute respiratory syndrome-related coronavirus,29852,USA: Washington,WA,Homo sapiens,,3/6/2020
MT632566,2020-06-17T00:00:00Z,Severe acute respiratory syndrome-related coronavirus,29833,"USA: Washington,King County",WA,Homo sapiens,,3/17/2020
MT632567,2020-06-17T00:00:00Z,Severe acute respiratory syndrome-related coronavirus,29870,"USA: Washington,King County",WA,Homo sapiens,,2/28/2020
MT632568,2020-06-17T00:00:00Z,Severe acute respiratory syndrome-related coronavirus,29833,"USA: Washington,Snohomish County",WA,Homo sapiens,,3/6/2020
MT632569,2020-06-17T00:00:00Z,Severe acute respiratory syndrome-related coronavirus,29869,"USA: Washington,King County",WA,Homo sapiens,,3/13/2020
MT632570,2020-06-17T00:00:00Z,Severe acute respiratory syndrome-related coronavirus,29863,"USA: Washington,Skagit County",WA,Homo sapiens,,3/11/2020
MT632571,2020-06-17T00:00:00Z,Severe acute respiratory syndrome-related coronavirus,29861,USA: Washington,WA,Homo sapiens,,3/4/2020
MT632572,2020-06-17T00:00:00Z,Severe acute respiratory syndrome-related coronavirus,29859,"USA: Washington,King County",WA,Homo sapiens,,3/19/2020
MT632573,2020-06-17T00:00:00Z,Severe acute respiratory syndrome-related coronavirus,29859,"USA: Washington,King County",WA,Homo sapiens,,3/19/2020
MT632574,2020-06-17T00:00:00Z,Severe acute respiratory syndrome-related coronavirus,29868,"USA: Washington,King County",WA,Homo sapiens,,3/19/2020
MT632575,2020-06-17T00:00:00Z,Severe acute respiratory syndrome-related coronavirus,29862,"USA: Washington,Clark County",WA,Homo sapiens,,3/8/2020
MT632576,2020-06-17T00:00:00Z,Severe acute respiratory syndrome-related coronavirus,29855,"USA: Washington,King County",WA,Homo sapiens,,3/7/2020
MT632577,2020-06-17T00:00:00Z,Severe acute respiratory syndrome-related coronavirus,29869,"USA: Washington,King County",WA,Homo sapiens,,3/20/2020
MT632578,2020-06-17T00:00:00Z,Severe acute respiratory syndrome-related coronavirus,29867,"USA: Washington,King County",WA,Homo sapiens,,3/19/2020
MT632579,2020-06-17T00:00:00Z,Severe acute respiratory syndrome-related coronavirus,29863,"USA: Washington,King County",WA,Homo sapiens,,3/14/2020
MT632580,2020-06-17T00:00:00Z,Severe acute respiratory syndrome-related coronavirus,29869,"USA: Washington,King County",WA,Homo sapiens,,3/13/2020
MT632581,2020-06-17T00:00:00Z,Severe acute respiratory syndrome-related coronavirus,29878,"USA: Washington,King County",WA,Homo sapiens,,3/2/2020
MT632582,2020-06-17T00:00:00Z,Severe acute respiratory syndrome-related coronavirus,29856,"USA: Washington,King County",WA,Homo sapiens,,3/13/2020
MT632583,2020-06-17T00:00:00Z,Severe acute respiratory syndrome-related coronavirus,29868,"USA: Washington,Yakima County",WA,Homo sapiens,,3/20/2020
MT632584,2020-06-17T00:00:00Z,Severe acute respiratory syndrome-related coronavirus,29868,"USA: Washington,King County",WA,Homo sapiens,,3/19/2020
MT632585,2020-06-17T00:00:00Z,Severe acute respiratory syndrome-related coronavirus,29858,"USA: Washington,King County",WA,Homo sapiens,,3/1/2020
MT632586,2020-06-17T00:00:00Z,Severe acute respiratory syndrome-related coronavirus,29857,"USA: Washington,Snohomish County",WA,Homo sapiens,,2/24/2020
MT632587,2020-06-17T00:00:00Z,Severe acute respiratory syndrome-related coronavirus,29849,"USA: Washington,King County",WA,Homo sapiens,,3/13/2020
MT632588,2020-06-17T00:00:00Z,Severe acute respiratory syndrome-related coronavirus,29863,"USA: Washington,King County",WA,Homo sapiens,,3/20/2020
MT632589,2020-06-17T00:00:00Z,Severe acute respiratory syndrome-related coronavirus,29859,"USA: Washington,Yakima County",WA,Homo sapiens,,3/17/2020
MT632590,2020-06-17T00:00:00Z,Severe acute respiratory syndrome-related coronavirus,29848,"USA: Washington,Whatcom County",WA,Homo sapiens,,3/20/2020
MT632591,2020-06-17T00:00:00Z,Severe acute respiratory syndrome-related coronavirus,29858,"USA: Washington,King County",WA,Homo sapiens,,3/15/2020
MT632592,2020-06-17T00:00:00Z,Severe acute respiratory syndrome-related coronavirus,29857,"USA: Washington,King County",WA,Homo sapiens,,3/13/2020
MT632593,2020-06-17T00:00:00Z,Severe acute respiratory syndrome-related coronavirus,29857,"USA: Washington,Snohomish County",WA,Homo sapiens,,3/7/2020
MT632594,2020-06-17T00:00:00Z,Severe acute respiratory syndrome-related coronavirus,29858,"USA: Washington,King County",WA,Homo sapiens,,3/19/2020
MT632595,2020-06-17T00:00:00Z,Severe acute respiratory syndrome-related coronavirus,29857,"USA: Washington,King County",WA,Homo sapiens,,3/12/2020
MT632596,2020-06-17T00:00:00Z,Severe acute respiratory syndrome-related coronavirus,29857,"USA: Washington,King County",WA,Homo sapiens,,3/15/2020
MT632597,2020-06-17T00:00:00Z,Severe acute respiratory syndrome-related coronavirus,29868,"USA: Washington,King County",WA,Homo sapiens,,3/1/2020
MT632598,2020-06-17T00:00:00Z,Severe acute respiratory syndrome-related coronavirus,29857,"USA: Washington,King County",WA,Homo sapiens,,3/12/2020
MT632599,2020-06-17T00:00:00Z,Severe acute respiratory syndrome-related coronavirus,29859,USA: Washington,WA,Homo sapiens,,3/20/2020
MT632600,2020-06-17T00:00:00Z,Severe acute respiratory syndrome-related coronavirus,29868,"USA: Washington,King County",WA,Homo sapiens,,3/13/2020
MT632601,2020-06-17T00:00:00Z,Severe acute respiratory syndrome-related coronavirus,29859,"USA: Washington,Pierce County",WA,Homo sapiens,,3/20/2020
MT632602,2020-06-17T00:00:00Z,Severe acute respiratory syndrome-related coronavirus,29869,"USA: Washington,King County",WA,Homo sapiens,,3/13/2020
MT632603,2020-06-17T00:00:00Z,Severe acute respiratory syndrome-related coronavirus,29868,"USA: Washington,King County",WA,Homo sapiens,,3/13/2020
MT632604,2020-06-17T00:00:00Z,Severe acute respiratory syndrome-related coronavirus,29859,USA: Washington,WA,Homo sapiens,,3/4/2020
MT632605,2020-06-17T00:00:00Z,Severe acute respiratory syndrome-related coronavirus,29868,USA: Washington,WA,Homo sapiens,,2/29/2020
MT632606,2020-06-17T00:00:00Z,Severe acute respiratory syndrome-related coronavirus,29855,"USA: Washington,Snohomish County",WA,Homo sapiens,,3/3/2020
MT632607,2020-06-17T00:00:00Z,Severe acute respiratory syndrome-related coronavirus,29854,"USA: Washington,King County",WA,Homo sapiens,,3/1/2020
MT632608,2020-06-17T00:00:00Z,Severe acute respiratory syndrome-related coronavirus,29869,"USA: Washington,King County",WA,Homo sapiens,,3/13/2020
MT632609,2020-06-17T00:00:00Z,Severe acute respiratory syndrome-related coronavirus,29856,"USA: Washington,King County",WA,Homo sapiens,,3/10/2020
MT632610,2020-06-17T00:00:00Z,Severe acute respiratory syndrome-related coronavirus,29854,"USA: Washington,King County",WA,Homo sapiens,,3/13/2020
MT632611,2020-06-17T00:00:00Z,Severe acute respiratory syndrome-related coronavirus,29856,"USA: Washington,King County",WA,Homo sapiens,,3/10/2020
MT632612,2020-06-17T00:00:00Z,Severe acute respiratory syndrome-related coronavirus,29857,"USA: Washington,King County",WA,Homo sapiens,,2/29/2020
MT632613,2020-06-17T00:00:00Z,Severe acute respiratory syndrome-related coronavirus,29859,"USA: Washington,King County",WA,Homo sapiens,,3/13/2020
MT632614,2020-06-17T00:00:00Z,Severe acute respiratory syndrome-related coronavirus,29860,"USA: Washington,King County",WA,Homo sapiens,,3/16/2020
MT632615,2020-06-17T00:00:00Z,Severe acute respiratory syndrome-related coronavirus,29836,"USA: Washington,King County",WA,Homo sapiens,,3/16/2020
MT632616,2020-06-17T00:00:00Z,Severe acute respiratory syndrome-related coronavirus,29857,"USA: Washington,King County",WA,Homo sapiens,,3/4/2020
MT632617,2020-06-17T00:00:00Z,Severe acute respiratory syndrome-related coronavirus,29858,"USA: Washington,King County",WA,Homo sapiens,,3/13/2020
MT632618,2020-06-17T00:00:00Z,Severe acute respiratory syndrome-related coronavirus,29862,"USA: Washington,King County",WA,Homo sapiens,,3/13/2020
MT632619,2020-06-17T00:00:00Z,Severe acute respiratory syndrome-related coronavirus,29855,"USA: Washington,King County",WA,Homo sapiens,,3/6/2020
MT632620,2020-06-17T00:00:00Z,Severe acute respiratory syndrome-related coronavirus,29859,USA: Washington,WA,Homo sapiens,,3/19/2020
MT632621,2020-06-17T00:00:00Z,Severe acute respiratory syndrome-related coronavirus,29867,"USA: Washington,King County",WA,Homo sapiens,,3/15/2020
MT632622,2020-06-17T00:00:00Z,Severe acute respiratory syndrome-related coronavirus,29868,"USA: Washington,Snohomish County",WA,Homo sapiens,,3/16/2020
MT632623,2020-06-17T00:00:00Z,Severe acute respiratory syndrome-related coronavirus,29868,"USA: Washington,King County",WA,Homo sapiens,,3/13/2020
MT632624,2020-06-17T00:00:00Z,Severe acute respiratory syndrome-related coronavirus,29873,"USA: Washington,King County",WA,Homo sapiens,,3/14/2020
MT632625,2020-06-17T00:00:00Z,Severe acute respiratory syndrome-related coronavirus,29856,"USA: Washington,King County",WA,Homo sapiens,,3/23/2020
MT632626,2020-06-17T00:00:00Z,Severe acute respiratory syndrome-related coronavirus,29868,"USA: Washington,King County",WA,Homo sapiens,,3/31/2020
MT632627,2020-06-17T00:00:00Z,Severe acute respiratory syndrome-related coronavirus,29857,"USA: Washington,King County",WA,Homo sapiens,,3/31/2020
MT632628,2020-06-17T00:00:00Z,Severe acute respiratory syndrome-related coronavirus,29857,"USA: Washington,King County",WA,Homo sapiens,,3/29/2020
MT632629,2020-06-17T00:00:00Z,Severe acute respiratory syndrome-related coronavirus,29875,"USA: Washington,King County",WA,Homo sapiens,,3/25/2020
MT632630,2020-06-17T00:00:00Z,Severe acute respiratory syndrome-related coronavirus,29866,"USA: Washington,King County",WA,Homo sapiens,,3/23/2020
MT632631,2020-06-17T00:00:00Z,Severe acute respiratory syndrome-related coronavirus,29858,"USA: Washington,King County",WA,Homo sapiens,,3/31/2020
MT632632,2020-06-17T00:00:00Z,Severe acute respiratory syndrome-related coronavirus,29856,"USA: Washington,King County",WA,Homo sapiens,,3/31/2020
MT632633,2020-06-17T00:00:00Z,Severe acute respiratory syndrome-related coronavirus,29817,"USA: Washington,King County",WA,Homo sapiens,,3/23/2020
MT632766,2020-06-17T00:00:00Z,Severe acute respiratory syndrome-related coronavirus,29877,"USA: Washington,Pierce County",WA,Homo sapiens,,4/2/2020
MT632767,2020-06-17T00:00:00Z,Severe acute respiratory syndrome-related coronavirus,29823,"USA: Washington,King County",WA,Homo sapiens,,3/30/2020
MT632768,2020-06-17T00:00:00Z,Severe acute respiratory syndrome-related coronavirus,29848,"USA: Washington,Yakima County",WA,Homo sapiens,,4/3/2020
MT632769,2020-06-17T00:00:00Z,Severe acute respiratory syndrome-related coronavirus,29851,"USA: Washington,Snohomish County",WA,Homo sapiens,,4/6/2020
MT632770,2020-06-17T00:00:00Z,Severe acute respiratory syndrome-related coronavirus,29867,"USA: Washington,Snohomish County",WA,Homo sapiens,,4/6/2020
MT632771,2020-06-17T00:00:00Z,Severe acute respiratory syndrome-related coronavirus,29868,"USA: Washington,Yakima County",WA,Homo sapiens,,4/2/2020
MT632772,2020-06-17T00:00:00Z,Severe acute respiratory syndrome-related coronavirus,29858,"USA: Washington,Pierce County",WA,Homo sapiens,,3/31/2020
MT632773,2020-06-17T00:00:00Z,Severe acute respiratory syndrome-related coronavirus,29840,"USA: Washington,Pierce County",WA,Homo sapiens,,3/31/2020
MT632774,2020-06-17T00:00:00Z,Severe acute respiratory syndrome-related coronavirus,29726,"USA: Washington,King County",WA,Homo sapiens,,3/30/2020
MT632775,2020-06-17T00:00:00Z,Severe acute respiratory syndrome-related coronavirus,29871,"USA: Washington,King County",WA,Homo sapiens,,3/30/2020
MT632776,2020-06-17T00:00:00Z,Severe acute respiratory syndrome-related coronavirus,29869,"USA: Washington,Yakima County",WA,Homo sapiens,,4/2/2020
MT632777,2020-06-17T00:00:00Z,Severe acute respiratory syndrome-related coronavirus,29870,"USA: Washington,Snohomish County",WA,Homo sapiens,,4/6/2020
MT632778,2020-06-17T00:00:00Z,Severe acute respiratory syndrome-related coronavirus,29854,"USA: Washington,Yakima County",WA,Homo sapiens,,3/25/2020
MT632779,2020-06-17T00:00:00Z,Severe acute respiratory syndrome-related coronavirus,29851,USA: Washington,WA,Homo sapiens,,3/30/2020
MT632780,2020-06-17T00:00:00Z,Severe acute respiratory syndrome-related coronavirus,29868,"USA: Washington,Yakima County",WA,Homo sapiens,,3/24/2020
MT632781,2020-06-17T00:00:00Z,Severe acute respiratory syndrome-related coronavirus,29879,"USA: Washington,Whatcom County",WA,Homo sapiens,,3/26/2020
MT632782,2020-06-17T00:00:00Z,Severe acute respiratory syndrome-related coronavirus,29864,"USA: Washington,Skagit County",WA,Homo sapiens,,3/27/2020
MT632783,2020-06-17T00:00:00Z,Severe acute respiratory syndrome-related coronavirus,29863,"USA: Washington,Snohomish County",WA,Homo sapiens,,4/6/2020
MT632784,2020-06-17T00:00:00Z,Severe acute respiratory syndrome-related coronavirus,29868,"USA: Washington,Yakima County",WA,Homo sapiens,,4/2/2020
MT632785,2020-06-17T00:00:00Z,Severe acute respiratory syndrome-related coronavirus,29858,"USA: Washington,Yakima County",WA,Homo sapiens,,4/4/2020
MT632786,2020-06-17T00:00:00Z,Severe acute respiratory syndrome-related coronavirus,29874,"USA: Washington,Pierce County",WA,Homo sapiens,,3/31/2020
MT632787,2020-06-17T00:00:00Z,Severe acute respiratory syndrome-related coronavirus,29869,"USA: Washington,Skagit County",WA,Homo sapiens,,3/27/2020
MT632788,2020-06-17T00:00:00Z,Severe acute respiratory syndrome-related coronavirus,29859,"USA: Washington,Pierce County",WA,Homo sapiens,,4/2/2020
MT632789,2020-06-17T00:00:00Z,Severe acute respiratory syndrome-related coronavirus,29863,"USA: Washington,Whatcom County",WA,Homo sapiens,,4/2/2020
MT632790,2020-06-17T00:00:00Z,Severe acute respiratory syndrome-related coronavirus,29868,"USA: Washington,Pierce County",WA,Homo sapiens,,4/2/2020
MT632791,2020-06-17T00:00:00Z,Severe acute respiratory syndrome-related coronavirus,29879,"USA: Washington,Yakima County",WA,Homo sapiens,,3/24/2020
MT632792,2020-06-17T00:00:00Z,Severe acute respiratory syndrome-related coronavirus,29867,"USA: Washington,Snohomish County",WA,Homo sapiens,,4/6/2020
MT632793,2020-06-17T00:00:00Z,Severe acute respiratory syndrome-related coronavirus,29870,"USA: Washington,Yakima County",WA,Homo sapiens,,3/25/2020
MT632794,2020-06-17T00:00:00Z,Severe acute respiratory syndrome-related coronavirus,29868,"USA: Washington,Yakima County",WA,Homo sapiens,,4/2/2020
MT632795,2020-06-17T00:00:00Z,Severe acute respiratory syndrome-related coronavirus,29864,"USA: Washington,Pierce County",WA,Homo sapiens,,3/31/2020
MT632796,2020-06-17T00:00:00Z,Severe acute respiratory syndrome-related coronavirus,29857,"USA: Washington,Yakima County",WA,Homo sapiens,,4/2/2020
MT632797,2020-06-17T00:00:00Z,Severe acute respiratory syndrome-related coronavirus,29875,"USA: Washington,Pierce County",WA,Homo sapiens,,4/3/2020
MT632798,2020-06-17T00:00:00Z,Severe acute respiratory syndrome-related coronavirus,29872,"USA: Washington,Adams County",WA,Homo sapiens,,3/27/2020
MT632799,2020-06-17T00:00:00Z,Severe acute respiratory syndrome-related coronavirus,29868,"USA: Washington,Yakima County",WA,Homo sapiens,,3/24/2020
MT632800,2020-06-17T00:00:00Z,Severe acute respiratory syndrome-related coronavirus,29879,"USA: Washington,Whatcom County",WA,Homo sapiens,,3/26/2020
MT632801,2020-06-17T00:00:00Z,Severe acute respiratory syndrome-related coronavirus,29868,"USA: Washington,Skagit County",WA,Homo sapiens,,3/27/2020
MT632802,2020-06-17T00:00:00Z,Severe acute respiratory syndrome-related coronavirus,29868,"USA: Washington,Whatcom County",WA,Homo sapiens,,3/26/2020
MT632803,2020-06-17T00:00:00Z,Severe acute respiratory syndrome-related coronavirus,29878,"USA: Washington,Adams County",WA,Homo sapiens,,3/27/2020
MT632804,2020-06-17T00:00:00Z,Severe acute respiratory syndrome-related coronavirus,29875,"USA: Washington,Yakima County",WA,Homo sapiens,,4/1/2020
MT632805,2020-06-17T00:00:00Z,Severe acute respiratory syndrome-related coronavirus,29852,"USA: Washington,Pierce County",WA,Homo sapiens,,3/31/2020
MT632806,2020-06-17T00:00:00Z,Severe acute respiratory syndrome-related coronavirus,29877,"USA: Washington,King County",WA,Homo sapiens,,3/26/2020
MT632807,2020-06-17T00:00:00Z,Severe acute respiratory syndrome-related coronavirus,29858,"USA: Washington,Skagit County",WA,Homo sapiens,,3/27/2020
MT632808,2020-06-17T00:00:00Z,Severe acute respiratory syndrome-related coronavirus,29868,"USA: Washington,Yakima County",WA,Homo sapiens,,3/24/2020
MT632809,2020-06-17T00:00:00Z,Severe acute respiratory syndrome-related coronavirus,29820,USA: Washington,WA,Homo sapiens,,3/28/2020
MT632810,2020-06-17T00:00:00Z,Severe acute respiratory syndrome-related coronavirus,29872,"USA: Washington,Skagit County",WA,Homo sapiens,,3/31/2020
MT632811,2020-06-17T00:00:00Z,Severe acute respiratory syndrome-related coronavirus,29863,USA: Washington,WA,Homo sapiens,,3/29/2020
MT632812,2020-06-17T00:00:00Z,Severe acute respiratory syndrome-related coronavirus,29878,USA: Washington,WA,Homo sapiens,,3/30/2020
MT632813,2020-06-17T00:00:00Z,Severe acute respiratory syndrome-related coronavirus,29878,"USA: Washington,Whatcom County",WA,Homo sapiens,,3/26/2020
MT632814,2020-06-17T00:00:00Z,Severe acute respiratory syndrome-related coronavirus,29877,"USA: Washington,Yakima County",WA,Homo sapiens,,3/24/2020
MT632815,2020-06-17T00:00:00Z,Severe acute respiratory syndrome-related coronavirus,29859,"USA: Washington,Snohomish County",WA,Homo sapiens,,3/30/2020
MT632816,2020-06-17T00:00:00Z,Severe acute respiratory syndrome-related coronavirus,29877,"USA: Washington,Yakima County",WA,Homo sapiens,,3/24/2020
MT632817,2020-06-17T00:00:00Z,Severe acute respiratory syndrome-related coronavirus,29875,"USA: Washington,Mason County",WA,Homo sapiens,,4/2/2020
MT632818,2020-06-17T00:00:00Z,Severe acute respiratory syndrome-related coronavirus,29863,"USA: Washington,Skagit County",WA,Homo sapiens,,3/27/2020
MT632819,2020-06-17T00:00:00Z,Severe acute respiratory syndrome-related coronavirus,29860,"USA: Washington,Skagit County",WA,Homo sapiens,,3/27/2020
MT632820,2020-06-17T00:00:00Z,Severe acute respiratory syndrome-related coronavirus,29856,"USA: Washington,King County",WA,Homo sapiens,,3/24/2020
MT632821,2020-06-17T00:00:00Z,Severe acute respiratory syndrome-related coronavirus,29869,"USA: Washington,Pierce County",WA,Homo sapiens,,3/29/2020
MT632822,2020-06-17T00:00:00Z,Severe acute respiratory syndrome-related coronavirus,29863,USA: Washington,WA,Homo sapiens,,3/29/2020
MT632823,2020-06-17T00:00:00Z,Severe acute respiratory syndrome-related coronavirus,29856,"USA: Washington,Pierce County",WA,Homo sapiens,,3/31/2020
MT632824,2020-06-17T00:00:00Z,Severe acute respiratory syndrome-related coronavirus,29872,"USA: Washington,Pierce County",WA,Homo sapiens,,3/31/2020
MT632825,2020-06-17T00:00:00Z,Severe acute respiratory syndrome-related coronavirus,29852,"USA: Washington,Yakima County",WA,Homo sapiens,,4/5/2020
MT632826,2020-06-17T00:00:00Z,Severe acute respiratory syndrome-related coronavirus,29868,"USA: Washington,Yakima County",WA,Homo sapiens,,3/24/2020
MT632827,2020-06-17T00:00:00Z,Severe acute respiratory syndrome-related coronavirus,29868,"USA: Washington,Yakima County",WA,Homo sapiens,,4/2/2020
MT632828,2020-06-17T00:00:00Z,Severe acute respiratory syndrome-related coronavirus,29868,"USA: Washington,Pierce County",WA,Homo sapiens,,4/2/2020
MT632829,2020-06-17T00:00:00Z,Severe acute respiratory syndrome-related coronavirus,29870,"USA: Washington,Yakima County",WA,Homo sapiens,,3/25/2020
MT632830,2020-06-17T00:00:00Z,Severe acute respiratory syndrome-related coronavirus,29868,"USA: Washington,Pierce County",WA,Homo sapiens,,3/31/2020
MT632831,2020-06-17T00:00:00Z,Severe acute respiratory syndrome-related coronavirus,29868,"USA: Washington,Whatcom County",WA,Homo sapiens,,3/24/2020
MT632832,2020-06-17T00:00:00Z,Severe acute respiratory syndrome-related coronavirus,29868,"USA: Washington,Yakima County",WA,Homo sapiens,,4/3/2020
MT632833,2020-06-17T00:00:00Z,Severe acute respiratory syndrome-related coronavirus,29868,"USA: Washington,Pierce County",WA,Homo sapiens,,3/29/2020
MT632834,2020-06-17T00:00:00Z,Severe acute respiratory syndrome-related coronavirus,29870,USA: Washington,WA,Homo sapiens,,3/25/2020
MT632835,2020-06-17T00:00:00Z,Severe acute respiratory syndrome-related coronavirus,29867,"USA: Washington,Whatcom County",WA,Homo sapiens,,3/24/2020
MT632836,2020-06-17T00:00:00Z,Severe acute respiratory syndrome-related coronavirus,29872,"USA: Washington,Yakima County",WA,Homo sapiens,,4/1/2020
MT632837,2020-06-17T00:00:00Z,Severe acute respiratory syndrome-related coronavirus,29857,USA: Washington,WA,Homo sapiens,,3/10/2020
MT632838,2020-06-17T00:00:00Z,Severe acute respiratory syndrome-related coronavirus,29861,"USA: Washington,Skagit County",WA,Homo sapiens,,3/27/2020
MT632839,2020-06-17T00:00:00Z,Severe acute respiratory syndrome-related coronavirus,29857,"USA: Washington,Skagit County",WA,Homo sapiens,,3/28/2020
MT632840,2020-06-17T00:00:00Z,Severe acute respiratory syndrome-related coronavirus,29860,"USA: Washington,Pierce County",WA,Homo sapiens,,3/31/2020
MT632841,2020-06-17T00:00:00Z,Severe acute respiratory syndrome-related coronavirus,29863,"USA: Washington,Yakima County",WA,Homo sapiens,,3/29/2020
MT632842,2020-06-17T00:00:00Z,Severe acute respiratory syndrome-related coronavirus,29857,"USA: Washington,Pierce County",WA,Homo sapiens,,3/31/2020
MT632843,2020-06-17T00:00:00Z,Severe acute respiratory syndrome-related coronavirus,29868,"USA: Washington,Yakima County",WA,Homo sapiens,,4/5/2020
MT632844,2020-06-17T00:00:00Z,Severe acute respiratory syndrome-related coronavirus,29857,"USA: Washington,Whatcom County",WA,Homo sapiens,,3/24/2020
MT632845,2020-06-17T00:00:00Z,Severe acute respiratory syndrome-related coronavirus,29861,"USA: Washington,Yakima County",WA,Homo sapiens,,4/2/2020
MT632846,2020-06-17T00:00:00Z,Severe acute respiratory syndrome-related coronavirus,29863,"USA: Washington,Pierce County",WA,Homo sapiens,,3/28/2020
MT632847,2020-06-17T00:00:00Z,Severe acute respiratory syndrome-related coronavirus,29868,"USA: Washington,Yakima County",WA,Homo sapiens,,4/4/2020
MT632848,2020-06-17T00:00:00Z,Severe acute respiratory syndrome-related coronavirus,29859,"USA: Washington,Skagit County",WA,Homo sapiens,,3/27/2020
MT632849,2020-06-17T00:00:00Z,Severe acute respiratory syndrome-related coronavirus,29863,"USA: Washington,Skagit County",WA,Homo sapiens,,3/29/2020
MT632850,2020-06-17T00:00:00Z,Severe acute respiratory syndrome-related coronavirus,29868,"USA: Washington,Pierce County",WA,Homo sapiens,,3/31/2020
MT632851,2020-06-17T00:00:00Z,Severe acute respiratory syndrome-related coronavirus,29868,"USA: Washington,Yakima County",WA,Homo sapiens,,3/30/2020
MT632852,2020-06-17T00:00:00Z,Severe acute respiratory syndrome-related coronavirus,29848,"USA: Washington,Pierce County",WA,Homo sapiens,,3/31/2020
MT632853,2020-06-17T00:00:00Z,Severe acute respiratory syndrome-related coronavirus,29863,"USA: Washington,Yakima County",WA,Homo sapiens,,4/2/2020
MT632854,2020-06-17T00:00:00Z,Severe acute respiratory syndrome-related coronavirus,29872,"USA: Washington,Yakima County",WA,Homo sapiens,,3/24/2020
MT632855,2020-06-17T00:00:00Z,Severe acute respiratory syndrome-related coronavirus,29876,"USA: Washington,Whatcom County",WA,Homo sapiens,,3/25/2020
MT632856,2020-06-17T00:00:00Z,Severe acute respiratory syndrome-related coronavirus,29868,"USA: Washington,Yakima County",WA,Homo sapiens,,4/4/2020
MT632857,2020-06-17T00:00:00Z,Severe acute respiratory syndrome-related coronavirus,29862,USA: Washington,WA,Homo sapiens,,3/25/2020
MT632858,2020-06-17T00:00:00Z,Severe acute respiratory syndrome-related coronavirus,29861,"USA: Washington,King County",WA,Homo sapiens,,4/1/2020
MT632859,2020-06-17T00:00:00Z,Severe acute respiratory syndrome-related coronavirus,29863,"USA: Washington,Yakima County",WA,Homo sapiens,,4/1/2020
MT632860,2020-06-17T00:00:00Z,Severe acute respiratory syndrome-related coronavirus,29860,"USA: Washington,Pierce County",WA,Homo sapiens,,3/31/2020
MT632861,2020-06-17T00:00:00Z,Severe acute respiratory syndrome-related coronavirus,29869,"USA: Washington,Mason County",WA,Homo sapiens,,3/30/2020
MT632862,2020-06-17T00:00:00Z,Severe acute respiratory syndrome-related coronavirus,29818,"USA: Washington,Yakima County",WA,Homo sapiens,,4/2/2020
MT632863,2020-06-17T00:00:00Z,Severe acute respiratory syndrome-related coronavirus,29860,"USA: Washington,Pierce County",WA,Homo sapiens,,4/1/2020
MT632864,2020-06-17T00:00:00Z,Severe acute respiratory syndrome-related coronavirus,29868,USA: Washington,WA,Homo sapiens,,3/23/2020
MT632865,2020-06-17T00:00:00Z,Severe acute respiratory syndrome-related coronavirus,29859,"USA: Washington,Franklin County",WA,Homo sapiens,,4/1/2020
MT632866,2020-06-17T00:00:00Z,Severe acute respiratory syndrome-related coronavirus,29862,"USA: Washington,Yakima County",WA,Homo sapiens,,3/31/2020
MT632867,2020-06-17T00:00:00Z,Severe acute respiratory syndrome-related coronavirus,29867,"USA: Washington,Yakima County",WA,Homo sapiens,,3/26/2020
MT632868,2020-06-17T00:00:00Z,Severe acute respiratory syndrome-related coronavirus,29863,"USA: Washington,Yakima County",WA,Homo sapiens,,4/4/2020
MT632869,2020-06-17T00:00:00Z,Severe acute respiratory syndrome-related coronavirus,29855,"USA: Washington,Yakima County",WA,Homo sapiens,,3/24/2020
MT632870,2020-06-17T00:00:00Z,Severe acute respiratory syndrome-related coronavirus,29872,USA: Washington,WA,Homo sapiens,,3/25/2020
MT632871,2020-06-17T00:00:00Z,Severe acute respiratory syndrome-related coronavirus,29868,"USA: Washington,Yakima County",WA,Homo sapiens,,3/30/2020
MT632872,2020-06-17T00:00:00Z,Severe acute respiratory syndrome-related coronavirus,29860,"USA: Washington,Yakima County",WA,Homo sapiens,,4/3/2020
MT632873,2020-06-17T00:00:00Z,Severe acute respiratory syndrome-related coronavirus,29863,"USA: Washington,Pierce County",WA,Homo sapiens,,3/31/2020
MT632874,2020-06-17T00:00:00Z,Severe acute respiratory syndrome-related coronavirus,29859,"USA: Washington,King County",WA,Homo sapiens,,3/31/2020
MT632875,2020-06-17T00:00:00Z,Severe acute respiratory syndrome-related coronavirus,29871,"USA: Washington,Yakima County",WA,Homo sapiens,,3/28/2020
MT632876,2020-06-17T00:00:00Z,Severe acute respiratory syndrome-related coronavirus,29857,"USA: Washington,Pierce County",WA,Homo sapiens,,4/1/2020
MT632877,2020-06-17T00:00:00Z,Severe acute respiratory syndrome-related coronavirus,29859,"USA: Washington,Pierce County",WA,Homo sapiens,,3/31/2020
MT632878,2020-06-17T00:00:00Z,Severe acute respiratory syndrome-related coronavirus,29868,"USA: Washington,Yakima County",WA,Homo sapiens,,3/24/2020
MT632879,2020-06-17T00:00:00Z,Severe acute respiratory syndrome-related coronavirus,29863,"USA: Washington,Pierce County",WA,Homo sapiens,,4/1/2020
MT632880,2020-06-17T00:00:00Z,Severe acute respiratory syndrome-related coronavirus,29857,"USA: Washington,Pierce County",WA,Homo sapiens,,3/31/2020
MT632881,2020-06-17T00:00:00Z,Severe acute respiratory syndrome-related coronavirus,29867,"USA: Washington,Pierce County",WA,Homo sapiens,,3/23/2020
MT632882,2020-06-17T00:00:00Z,Severe acute respiratory syndrome-related coronavirus,29859,"USA: Washington,Yakima County",WA,Homo sapiens,,4/2/2020
MT632883,2020-06-17T00:00:00Z,Severe acute respiratory syndrome-related coronavirus,29869,"USA: Washington,Yakima County",WA,Homo sapiens,,3/28/2020
MT632884,2020-06-17T00:00:00Z,Severe acute respiratory syndrome-related coronavirus,29860,"USA: Washington,King County",WA,Homo sapiens,,4/1/2020
MT632885,2020-06-17T00:00:00Z,Severe acute respiratory syndrome-related coronavirus,29857,"USA: Washington,Yakima County",WA,Homo sapiens,,3/25/2020
MT632886,2020-06-17T00:00:00Z,Severe acute respiratory syndrome-related coronavirus,29868,"USA: Washington,Yakima County",WA,Homo sapiens,,4/5/2020
MT632887,2020-06-17T00:00:00Z,Severe acute respiratory syndrome-related coronavirus,29859,"USA: Washington,Yakima County",WA,Homo sapiens,,4/2/2020
MT632888,2020-06-17T00:00:00Z,Severe acute respiratory syndrome-related coronavirus,29872,"USA: Washington,Yakima County",WA,Homo sapiens,,3/27/2020
MT632889,2020-06-17T00:00:00Z,Severe acute respiratory syndrome-related coronavirus,29862,"USA: Washington,Snohomish County",WA,Homo sapiens,,3/27/2020
MT632890,2020-06-17T00:00:00Z,Severe acute respiratory syndrome-related coronavirus,29868,"USA: Washington,Yakima County",WA,Homo sapiens,,3/31/2020
MT632891,2020-06-17T00:00:00Z,Severe acute respiratory syndrome-related coronavirus,29801,"USA: Washington,Yakima County",WA,Homo sapiens,,3/31/2020
MT632892,2020-06-17T00:00:00Z,Severe acute respiratory syndrome-related coronavirus,29849,"USA: Washington,Yakima County",WA,Homo sapiens,,3/26/2020
MT632893,2020-06-17T00:00:00Z,Severe acute respiratory syndrome-related coronavirus,29870,"USA: Washington,Yakima County",WA,Homo sapiens,,4/5/2020
MT632894,2020-06-17T00:00:00Z,Severe acute respiratory syndrome-related coronavirus,29849,"USA: Washington,Snohomish County",WA,Homo sapiens,,4/2/2020
MT632895,2020-06-17T00:00:00Z,Severe acute respiratory syndrome-related coronavirus,29868,"USA: Washington,Yakima County",WA,Homo sapiens,,4/4/2020
MT632896,2020-06-17T00:00:00Z,Severe acute respiratory syndrome-related coronavirus,29857,"USA: Washington,King County",WA,Homo sapiens,,4/4/2020
MT632897,2020-06-17T00:00:00Z,Severe acute respiratory syndrome-related coronavirus,29868,"USA: Washington,Yakima County",WA,Homo sapiens,,4/4/2020
MT632898,2020-06-17T00:00:00Z,Severe acute respiratory syndrome-related coronavirus,29851,USA: Washington,WA,Homo sapiens,,3/28/2020
MT632899,2020-06-17T00:00:00Z,Severe acute respiratory syndrome-related coronavirus,29854,"USA: Washington,Asotin County",WA,Homo sapiens,,4/1/2020
MT632900,2020-06-17T00:00:00Z,Severe acute respiratory syndrome-related coronavirus,29869,"USA: Washington,Adams County",WA,Homo sapiens,,3/30/2020
MT632901,2020-06-17T00:00:00Z,Severe acute respiratory syndrome-related coronavirus,29868,"USA: Washington,Yakima County",WA,Homo sapiens,,3/26/2020
MT632902,2020-06-17T00:00:00Z,Severe acute respiratory syndrome-related coronavirus,29868,"USA: Washington,Yakima County",WA,Homo sapiens,,3/25/2020
MT632903,2020-06-17T00:00:00Z,Severe acute respiratory syndrome-related coronavirus,29871,"USA: Washington,Yakima County",WA,Homo sapiens,,3/26/2020
MT632904,2020-06-17T00:00:00Z,Severe acute respiratory syndrome-related coronavirus,29868,"USA: Washington,Yakima County",WA,Homo sapiens,,3/29/2020
MT632905,2020-06-17T00:00:00Z,Severe acute respiratory syndrome-related coronavirus,29859,"USA: Washington,King County",WA,Homo sapiens,,4/5/2020
MT632906,2020-06-17T00:00:00Z,Severe acute respiratory syndrome-related coronavirus,29869,USA: Washington,WA,Homo sapiens,,3/23/2020
MT632907,2020-06-17T00:00:00Z,Severe acute respiratory syndrome-related coronavirus,29868,"USA: Washington,Yakima County",WA,Homo sapiens,,3/30/2020
MT632908,2020-06-17T00:00:00Z,Severe acute respiratory syndrome-related coronavirus,29868,"USA: Washington,Grant County",WA,Homo sapiens,,3/25/2020
MT632909,2020-06-17T00:00:00Z,Severe acute respiratory syndrome-related coronavirus,29830,"USA: Washington,Pierce County",WA,Homo sapiens,,3/31/2020
MT632910,2020-06-17T00:00:00Z,Severe acute respiratory syndrome-related coronavirus,29859,"USA: Washington,Benton County",WA,Homo sapiens,,4/1/2020
MT632911,2020-06-17T00:00:00Z,Severe acute respiratory syndrome-related coronavirus,29863,"USA: Washington,Yakima County",WA,Homo sapiens,,4/4/2020
MT632912,2020-06-17T00:00:00Z,Severe acute respiratory syndrome-related coronavirus,29859,"USA: Washington,Whatcom County",WA,Homo sapiens,,3/24/2020
MT632913,2020-06-17T00:00:00Z,Severe acute respiratory syndrome-related coronavirus,29869,USA: Washington,WA,Homo sapiens,,3/23/2020
MT632914,2020-06-17T00:00:00Z,Severe acute respiratory syndrome-related coronavirus,29858,"USA: Washington,Franklin County",WA,Homo sapiens,,4/1/2020
MT632915,2020-06-17T00:00:00Z,Severe acute respiratory syndrome-related coronavirus,29852,"USA: Washington,Yakima County",WA,Homo sapiens,,3/26/2020
MT632916,2020-06-17T00:00:00Z,Severe acute respiratory syndrome-related coronavirus,29851,"USA: Washington,Franklin County",WA,Homo sapiens,,4/1/2020
MT632917,2020-06-17T00:00:00Z,Severe acute respiratory syndrome-related coronavirus,29857,"USA: Washington,Yakima County",WA,Homo sapiens,,3/28/2020
MT632918,2020-06-17T00:00:00Z,Severe acute respiratory syndrome-related coronavirus,29879,"USA: Washington,Yakima County",WA,Homo sapiens,,3/26/2020
MT632919,2020-06-17T00:00:00Z,Severe acute respiratory syndrome-related coronavirus,29870,"USA: Washington,Asotin County",WA,Homo sapiens,,4/1/2020
MT632920,2020-06-17T00:00:00Z,Severe acute respiratory syndrome-related coronavirus,29869,"USA: Washington,Yakima County",WA,Homo sapiens,,4/1/2020
MT632921,2020-06-17T00:00:00Z,Severe acute respiratory syndrome-related coronavirus,29856,"USA: Washington,Yakima County",WA,Homo sapiens,,3/30/2020
MT632922,2020-06-17T00:00:00Z,Severe acute respiratory syndrome-related coronavirus,29868,"USA: Washington,Yakima County",WA,Homo sapiens,,3/28/2020
MT632923,2020-06-17T00:00:00Z,Severe acute respiratory syndrome-related coronavirus,29813,"USA: Washington,Snohomish County",WA,Homo sapiens,,4/6/2020
MT632924,2020-06-17T00:00:00Z,Severe acute respiratory syndrome-related coronavirus,29862,USA: Washington,WA,Homo sapiens,,3/29/2020
MT632925,2020-06-17T00:00:00Z,Severe acute respiratory syndrome-related coronavirus,29872,"USA: Washington,King County",WA,Homo sapiens,,3/30/2020
MT632926,2020-06-17T00:00:00Z,Severe acute respiratory syndrome-related coronavirus,29869,"USA: Washington,Yakima County",WA,Homo sapiens,,3/26/2020
MT632927,2020-06-17T00:00:00Z,Severe acute respiratory syndrome-related coronavirus,29868,"USA: Washington,Yakima County",WA,Homo sapiens,,3/25/2020
MT632928,2020-06-17T00:00:00Z,Severe acute respiratory syndrome-related coronavirus,29862,"USA: Washington,Yakima County",WA,Homo sapiens,,3/28/2020
MT632929,2020-06-17T00:00:00Z,Severe acute respiratory syndrome-related coronavirus,29862,USA: Washington,WA,Homo sapiens,,3/24/2020
MT632930,2020-06-17T00:00:00Z,Severe acute respiratory syndrome-related coronavirus,29859,"USA: Washington,Yakima County",WA,Homo sapiens,,4/2/2020
MT632931,2020-06-17T00:00:00Z,Severe acute respiratory syndrome-related coronavirus,29862,"USA: Washington,Adams County",WA,Homo sapiens,,4/1/2020
MT632932,2020-06-17T00:00:00Z,Severe acute respiratory syndrome-related coronavirus,29869,"USA: Washington,King County",WA,Homo sapiens,,4/3/2020
MT632933,2020-06-17T00:00:00Z,Severe acute respiratory syndrome-related coronavirus,29860,"USA: Washington,King County",WA,Homo sapiens,,3/30/2020
MT632934,2020-06-17T00:00:00Z,Severe acute respiratory syndrome-related coronavirus,29865,"USA: Washington,Yakima County",WA,Homo sapiens,,3/28/2020
MT632935,2020-06-17T00:00:00Z,Severe acute respiratory syndrome-related coronavirus,29863,"USA: Washington,Pierce County",WA,Homo sapiens,,3/24/2020
MT632936,2020-06-17T00:00:00Z,Severe acute respiratory syndrome-related coronavirus,29864,"USA: Washington,King County",WA,Homo sapiens,,4/1/2020
MT632937,2020-06-17T00:00:00Z,Severe acute respiratory syndrome-related coronavirus,29871,"USA: Washington,King County",WA,Homo sapiens,,4/5/2020
MT632938,2020-06-17T00:00:00Z,Severe acute respiratory syndrome-related coronavirus,29870,USA: Washington,WA,Homo sapiens,,3/25/2020
MT632939,2020-06-17T00:00:00Z,Severe acute respiratory syndrome-related coronavirus,29868,"USA: Washington,Yakima County",WA,Homo sapiens,,3/28/2020
MT632940,2020-06-17T00:00:00Z,Severe acute respiratory syndrome-related coronavirus,29846,"USA: Washington,King County",WA,Homo sapiens,,4/5/2020
MT632941,2020-06-17T00:00:00Z,Severe acute respiratory syndrome-related coronavirus,29857,"USA: Washington,Yakima County",WA,Homo sapiens,,3/31/2020
MT632942,2020-06-17T00:00:00Z,Severe acute respiratory syndrome-related coronavirus,29862,"USA: Washington,Franklin County",WA,Homo sapiens,,3/27/2020
MT632943,2020-06-17T00:00:00Z,Severe acute respiratory syndrome-related coronavirus,29857,"USA: Washington,King County",WA,Homo sapiens,,3/24/2020
MT632944,2020-06-17T00:00:00Z,Severe acute respiratory syndrome-related coronavirus,29870,"USA: Washington,Yakima County",WA,Homo sapiens,,3/26/2020
MT632945,2020-06-17T00:00:00Z,Severe acute respiratory syndrome-related coronavirus,29852,"USA: Washington,Snohomish County",WA,Homo sapiens,,3/28/2020
MT632946,2020-06-17T00:00:00Z,Severe acute respiratory syndrome-related coronavirus,29859,"USA: Washington,King County",WA,Homo sapiens,,3/31/2020
MT632947,2020-06-17T00:00:00Z,Severe acute respiratory syndrome-related coronavirus,29859,"USA: Washington,Adams County",WA,Homo sapiens,,3/23/2020
MT632948,2020-06-17T00:00:00Z,Severe acute respiratory syndrome-related coronavirus,29860,"USA: Washington,Yakima County",WA,Homo sapiens,,3/28/2020
MT632949,2020-06-17T00:00:00Z,Severe acute respiratory syndrome-related coronavirus,29863,"USA: Washington,Yakima County",WA,Homo sapiens,,3/31/2020
MT632950,2020-06-17T00:00:00Z,Severe acute respiratory syndrome-related coronavirus,29869,"USA: Washington,Pierce County",WA,Homo sapiens,,4/1/2020
MT632951,2020-06-17T00:00:00Z,Severe acute respiratory syndrome-related coronavirus,29857,USA: Washington,WA,Homo sapiens,,3/8/2020
MT632952,2020-06-17T00:00:00Z,Severe acute respiratory syndrome-related coronavirus,29860,"USA: Washington,Yakima County",WA,Homo sapiens,,4/1/2020
MT632953,2020-06-17T00:00:00Z,Severe acute respiratory syndrome-related coronavirus,29858,"USA: Washington,King County",WA,Homo sapiens,,3/25/2020
MT632954,2020-06-17T00:00:00Z,Severe acute respiratory syndrome-related coronavirus,29860,"USA: Washington,Yakima County",WA,Homo sapiens,,3/28/2020
MT632955,2020-06-17T00:00:00Z,Severe acute respiratory syndrome-related coronavirus,29868,"USA: Washington,King County",WA,Homo sapiens,,4/1/2020
MT632956,2020-06-17T00:00:00Z,Severe acute respiratory syndrome-related coronavirus,29868,"USA: Washington,King County",WA,Homo sapiens,,3/26/2020
MT632957,2020-06-17T00:00:00Z,Severe acute respiratory syndrome-related coronavirus,29868,"USA: Washington,Yakima County",WA,Homo sapiens,,4/1/2020
MT632958,2020-06-17T00:00:00Z,Severe acute respiratory syndrome-related coronavirus,29856,"USA: Washington,Yakima County",WA,Homo sapiens,,4/4/2020
MT632959,2020-06-17T00:00:00Z,Severe acute respiratory syndrome-related coronavirus,29868,"USA: Washington,King County",WA,Homo sapiens,,3/25/2020
MT632960,2020-06-17T00:00:00Z,Severe acute respiratory syndrome-related coronavirus,29868,"USA: Washington,Yakima County",WA,Homo sapiens,,4/1/2020
MT632961,2020-06-17T00:00:00Z,Severe acute respiratory syndrome-related coronavirus,29857,"USA: Washington,Yakima County",WA,Homo sapiens,,4/2/2020
MT632962,2020-06-17T00:00:00Z,Severe acute respiratory syndrome-related coronavirus,29862,"USA: Washington,King County",WA,Homo sapiens,,4/5/2020
MT632963,2020-06-17T00:00:00Z,Severe acute respiratory syndrome-related coronavirus,29871,"USA: Washington,Yakima County",WA,Homo sapiens,,3/28/2020
MT632964,2020-06-17T00:00:00Z,Severe acute respiratory syndrome-related coronavirus,29857,"USA: Washington,Yakima County",WA,Homo sapiens,,4/4/2020
MT632965,2020-06-17T00:00:00Z,Severe acute respiratory syndrome-related coronavirus,29869,"USA: Washington,Yakima County",WA,Homo sapiens,,3/26/2020
MT632966,2020-06-17T00:00:00Z,Severe acute respiratory syndrome-related coronavirus,29868,"USA: Washington,Yakima County",WA,Homo sapiens,,4/2/2020
MT632967,2020-06-17T00:00:00Z,Severe acute respiratory syndrome-related coronavirus,29859,"USA: Washington,Snohomish County",WA,Homo sapiens,,3/28/2020
MT632968,2020-06-17T00:00:00Z,Severe acute respiratory syndrome-related coronavirus,29868,"USA: Washington,Yakima County",WA,Homo sapiens,,3/25/2020
MT632969,2020-06-17T00:00:00Z,Severe acute respiratory syndrome-related coronavirus,29867,"USA: Washington,King County",WA,Homo sapiens,,3/30/2020
MT632970,2020-06-17T00:00:00Z,Severe acute respiratory syndrome-related coronavirus,29868,"USA: Washington,Yakima County",WA,Homo sapiens,,3/28/2020
MT632971,2020-06-17T00:00:00Z,Severe acute respiratory syndrome-related coronavirus,29863,"USA: Washington,King County",WA,Homo sapiens,,4/5/2020
MT632972,2020-06-17T00:00:00Z,Severe acute respiratory syndrome-related coronavirus,29864,"USA: Washington,Yakima County",WA,Homo sapiens,,3/28/2020
MT632973,2020-06-17T00:00:00Z,Severe acute respiratory syndrome-related coronavirus,29876,"USA: Washington,Yakima County",WA,Homo sapiens,,3/25/2020
MT632974,2020-06-17T00:00:00Z,Severe acute respiratory syndrome-related coronavirus,29868,"USA: Washington,Yakima County",WA,Homo sapiens,,4/1/2020
MT632975,2020-06-17T00:00:00Z,Severe acute respiratory syndrome-related coronavirus,29878,"USA: Washington,Yakima County",WA,Homo sapiens,,3/25/2020
MT632976,2020-06-17T00:00:00Z,Severe acute respiratory syndrome-related coronavirus,29868,"USA: Washington,Yakima County",WA,Homo sapiens,,4/1/2020
MT632977,2020-06-17T00:00:00Z,Severe acute respiratory syndrome-related coronavirus,29867,"USA: Washington,King County",WA,Homo sapiens,,4/2/2020
MT632978,2020-06-17T00:00:00Z,Severe acute respiratory syndrome-related coronavirus,29868,"USA: Washington,Yakima County",WA,Homo sapiens,,3/28/2020
MT632979,2020-06-17T00:00:00Z,Severe acute respiratory syndrome-related coronavirus,29837,"USA: Washington,Yakima County",WA,Homo sapiens,,3/30/2020
MT632980,2020-06-17T00:00:00Z,Severe acute respiratory syndrome-related coronavirus,29868,USA: Washington,WA,Homo sapiens,,3/25/2020
MT632981,2020-06-17T00:00:00Z,Severe acute respiratory syndrome-related coronavirus,29868,"USA: Washington,Yakima County",WA,Homo sapiens,,4/1/2020
MT632982,2020-06-17T00:00:00Z,Severe acute respiratory syndrome-related coronavirus,29860,"USA: Washington,Yakima County",WA,Homo sapiens,,3/30/2020
MT632983,2020-06-17T00:00:00Z,Severe acute respiratory syndrome-related coronavirus,29840,"USA: Washington,King County",WA,Homo sapiens,,3/31/2020
MT632984,2020-06-17T00:00:00Z,Severe acute respiratory syndrome-related coronavirus,29862,"USA: Washington,King County",WA,Homo sapiens,,4/5/2020
MT632985,2020-06-17T00:00:00Z,Severe acute respiratory syndrome-related coronavirus,29868,"USA: Washington,Yakima County",WA,Homo sapiens,,4/3/2020
MT632986,2020-06-17T00:00:00Z,Severe acute respiratory syndrome-related coronavirus,29873,"USA: Washington,Yakima County",WA,Homo sapiens,,3/25/2020
MT632987,2020-06-17T00:00:00Z,Severe acute respiratory syndrome-related coronavirus,29867,"USA: Washington,King County",WA,Homo sapiens,,4/5/2020
MT632988,2020-06-17T00:00:00Z,Severe acute respiratory syndrome-related coronavirus,29875,"USA: Washington,Yakima County",WA,Homo sapiens,,3/25/2020
MT632989,2020-06-17T00:00:00Z,Severe acute respiratory syndrome-related coronavirus,29863,"USA: Washington,Yakima County",WA,Homo sapiens,,3/25/2020
MT632990,2020-06-17T00:00:00Z,Severe acute respiratory syndrome-related coronavirus,29868,USA: Washington,WA,Homo sapiens,,3/9/2020
MT632991,2020-06-17T00:00:00Z,Severe acute respiratory syndrome-related coronavirus,29855,"USA: Washington,Yakima County",WA,Homo sapiens,,3/26/2020
MT632992,2020-06-17T00:00:00Z,Severe acute respiratory syndrome-related coronavirus,29859,"USA: Washington,Yakima County",WA,Homo sapiens,,3/31/2020
MT632993,2020-06-17T00:00:00Z,Severe acute respiratory syndrome-related coronavirus,29868,"USA: Washington,Yakima County",WA,Homo sapiens,,4/1/2020
MT632994,2020-06-17T00:00:00Z,Severe acute respiratory syndrome-related coronavirus,29876,"USA: Washington,Yakima County",WA,Homo sapiens,,3/25/2020
MT632995,2020-06-17T00:00:00Z,Severe acute respiratory syndrome-related coronavirus,29870,"USA: Washington,Yakima County",WA,Homo sapiens,,3/28/2020
MT632996,2020-06-17T00:00:00Z,Severe acute respiratory syndrome-related coronavirus,29868,"USA: Washington,Yakima County",WA,Homo sapiens,,3/25/2020
MT632997,2020-06-17T00:00:00Z,Severe acute respiratory syndrome-related coronavirus,29855,"USA: Washington,Yakima County",WA,Homo sapiens,,3/28/2020
MT632998,2020-06-17T00:00:00Z,Severe acute respiratory syndrome-related coronavirus,29869,"USA: Washington,Yakima County",WA,Homo sapiens,,4/1/2020
MT632999,2020-06-17T00:00:00Z,Severe acute respiratory syndrome-related coronavirus,29868,"USA: Washington,Yakima County",WA,Homo sapiens,,3/28/2020
MT633000,2020-06-17T00:00:00Z,Severe acute respiratory syndrome-related coronavirus,29868,"USA: Washington,Snohomish County",WA,Homo sapiens,,3/29/2020
MT633001,2020-06-17T00:00:00Z,Severe acute respiratory syndrome-related coronavirus,29859,"USA: Washington,Kittitas County",WA,Homo sapiens,,3/24/2020
MT633002,2020-06-17T00:00:00Z,Severe acute respiratory syndrome-related coronavirus,29876,"USA: Washington,Yakima County",WA,Homo sapiens,,3/26/2020
MT633003,2020-06-17T00:00:00Z,Severe acute respiratory syndrome-related coronavirus,29865,"USA: Washington,Yakima County",WA,Homo sapiens,,3/28/2020
MT633004,2020-06-17T00:00:00Z,Severe acute respiratory syndrome-related coronavirus,29857,"USA: Washington,Adams County",WA,Homo sapiens,,3/23/2020
MT633005,2020-06-17T00:00:00Z,Severe acute respiratory syndrome-related coronavirus,29867,"USA: Washington,King County",WA,Homo sapiens,,3/26/2020
MT633006,2020-06-17T00:00:00Z,Severe acute respiratory syndrome-related coronavirus,29858,"USA: Washington,Yakima County",WA,Homo sapiens,,3/31/2020
MT633007,2020-06-17T00:00:00Z,Severe acute respiratory syndrome-related coronavirus,29847,"USA: Washington,Yakima County",WA,Homo sapiens,,3/26/2020
MT633008,2020-06-17T00:00:00Z,Severe acute respiratory syndrome-related coronavirus,29870,"USA: Washington,Yakima County",WA,Homo sapiens,,4/2/2020
MT633009,2020-06-17T00:00:00Z,Severe acute respiratory syndrome-related coronavirus,29869,"USA: Washington,Yakima County",WA,Homo sapiens,,3/28/2020
MT633010,2020-06-17T00:00:00Z,Severe acute respiratory syndrome-related coronavirus,29868,"USA: Washington,Yakima County",WA,Homo sapiens,,4/1/2020
MT633011,2020-06-17T00:00:00Z,Severe acute respiratory syndrome-related coronavirus,29863,"USA: Washington,Yakima County",WA,Homo sapiens,,3/30/2020
MT633012,2020-06-17T00:00:00Z,Severe acute respiratory syndrome-related coronavirus,29850,"USA: Washington,Whatcom County",WA,Homo sapiens,,3/25/2020
MT633013,2020-06-17T00:00:00Z,Severe acute respiratory syndrome-related coronavirus,29861,"USA: Washington,Yakima County",WA,Homo sapiens,,4/1/2020
MT633014,2020-06-17T00:00:00Z,Severe acute respiratory syndrome-related coronavirus,29868,"USA: Washington,Yakima County",WA,Homo sapiens,,3/25/2020
MT633015,2020-06-17T00:00:00Z,Severe acute respiratory syndrome-related coronavirus,29863,"USA: Washington,Yakima County",WA,Homo sapiens,,3/25/2020
MT633016,2020-06-17T00:00:00Z,Severe acute respiratory syndrome-related coronavirus,29868,"USA: Washington,Yakima County",WA,Homo sapiens,,4/1/2020
MT633017,2020-06-17T00:00:00Z,Severe acute respiratory syndrome-related coronavirus,29856,"USA: Washington,Yakima County",WA,Homo sapiens,,4/2/2020
MT633018,2020-06-17T00:00:00Z,Severe acute respiratory syndrome-related coronavirus,29863,"USA: Washington,Yakima County",WA,Homo sapiens,,4/1/2020
MT633019,2020-06-17T00:00:00Z,Severe acute respiratory syndrome-related coronavirus,29874,"USA: Washington,Yakima County",WA,Homo sapiens,,3/28/2020
MT633020,2020-06-17T00:00:00Z,Severe acute respiratory syndrome-related coronavirus,29863,"USA: Washington,Yakima County",WA,Homo sapiens,,3/31/2020
MT633021,2020-06-17T00:00:00Z,Severe acute respiratory syndrome-related coronavirus,29856,"USA: Washington,Yakima County",WA,Homo sapiens,,4/1/2020
MT633022,2020-06-17T00:00:00Z,Severe acute respiratory syndrome-related coronavirus,29851,"USA: Washington,King County",WA,Homo sapiens,,3/30/2020
MT633023,2020-06-17T00:00:00Z,Severe acute respiratory syndrome-related coronavirus,29868,"USA: Washington,Yakima County",WA,Homo sapiens,,4/1/2020
MT633024,2020-06-17T00:00:00Z,Severe acute respiratory syndrome-related coronavirus,29857,"USA: Washington,Yakima County",WA,Homo sapiens,,3/28/2020
MT633025,2020-06-17T00:00:00Z,Severe acute respiratory syndrome-related coronavirus,29861,"USA: Washington,Yakima County",WA,Homo sapiens,,3/28/2020
MT633026,2020-06-17T00:00:00Z,Severe acute respiratory syndrome-related coronavirus,29868,"USA: Washington,Yakima County",WA,Homo sapiens,,3/25/2020
MT633027,2020-06-17T00:00:00Z,Severe acute respiratory syndrome-related coronavirus,29857,"USA: Washington,Yakima County",WA,Homo sapiens,,4/1/2020
MT633028,2020-06-17T00:00:00Z,Severe acute respiratory syndrome-related coronavirus,29857,"USA: Washington,Yakima County",WA,Homo sapiens,,3/25/2020
MT633029,2020-06-17T00:00:00Z,Severe acute respiratory syndrome-related coronavirus,29868,"USA: Washington,Yakima County",WA,Homo sapiens,,4/2/2020
MT633030,2020-06-17T00:00:00Z,Severe acute respiratory syndrome-related coronavirus,29862,"USA: Washington,Yakima County",WA,Homo sapiens,,4/1/2020
MT633031,2020-06-17T00:00:00Z,Severe acute respiratory syndrome-related coronavirus,29857,"USA: Washington,Yakima County",WA,Homo sapiens,,3/28/2020
MT633032,2020-06-17T00:00:00Z,Severe acute respiratory syndrome-related coronavirus,29857,"USA: Washington,Yakima County",WA,Homo sapiens,,3/25/2020
MT633033,2020-06-17T00:00:00Z,Severe acute respiratory syndrome-related coronavirus,29867,"USA: Washington,Yakima County",WA,Homo sapiens,,3/29/2020
MT633034,2020-06-17T00:00:00Z,Severe acute respiratory syndrome-related coronavirus,29868,"USA: Washington,Yakima County",WA,Homo sapiens,,3/25/2020
MT633035,2020-06-17T00:00:00Z,Severe acute respiratory syndrome-related coronavirus,29857,"USA: Washington,Yakima County",WA,Homo sapiens,,4/1/2020
MT633036,2020-06-17T00:00:00Z,Severe acute respiratory syndrome-related coronavirus,29857,"USA: Washington,Yakima County",WA,Homo sapiens,,4/1/2020
MT633037,2020-06-17T00:00:00Z,Severe acute respiratory syndrome-related coronavirus,29860,"USA: Washington,Yakima County",WA,Homo sapiens,,4/1/2020
MT633038,2020-06-17T00:00:00Z,Severe acute respiratory syndrome-related coronavirus,29862,"USA: Washington,Yakima County",WA,Homo sapiens,,4/1/2020
MT633039,2020-06-17T00:00:00Z,Severe acute respiratory syndrome-related coronavirus,29868,"USA: Washington,Yakima County",WA,Homo sapiens,,3/31/2020
MT633040,2020-06-17T00:00:00Z,Severe acute respiratory syndrome-related coronavirus,29853,"USA: Washington,Yakima County",WA,Homo sapiens,,3/25/2020
MT633041,2020-06-17T00:00:00Z,Severe acute respiratory syndrome-related coronavirus,29857,"USA: Washington,Yakima County",WA,Homo sapiens,,3/28/2020
MT633042,2020-06-17T00:00:00Z,Severe acute respiratory syndrome-related coronavirus,29850,"USA: Washington,King County",WA,Homo sapiens,,3/24/2020
MT633043,2020-06-17T00:00:00Z,Severe acute respiratory syndrome-related coronavirus,29846,"USA: Washington,Yakima County",WA,Homo sapiens,,4/1/2020
MT633044,2020-06-17T00:00:00Z,Severe acute respiratory syndrome-related coronavirus,29867,"USA: Washington,Franklin County",WA,Homo sapiens,,3/26/2020
MT633045,2020-06-17T00:00:00Z,Severe acute respiratory syndrome-related coronavirus,29859,"USA: Washington,Yakima County",WA,Homo sapiens,,3/26/2020
MT633046,2020-06-17T00:00:00Z,Severe acute respiratory syndrome-related coronavirus,29869,"USA: Washington,Yakima County",WA,Homo sapiens,,3/26/2020
MT614447,2020-06-16T00:00:00Z,Severe acute respiratory syndrome-related coronavirus,29782,USA: CA,CA,Homo sapiens,,3/16/2020
MT614448,2020-06-16T00:00:00Z,Severe acute respiratory syndrome-related coronavirus,29782,USA: CA,CA,Homo sapiens,,3/16/2020
MT614449,2020-06-16T00:00:00Z,Severe acute respiratory syndrome-related coronavirus,29782,USA: CA,CA,Homo sapiens,,3/16/2020
MT614450,2020-06-16T00:00:00Z,Severe acute respiratory syndrome-related coronavirus,29782,USA: CA,CA,Homo sapiens,,3/16/2020
MT614451,2020-06-16T00:00:00Z,Severe acute respiratory syndrome-related coronavirus,29782,USA: CA,CA,Homo sapiens,,3/15/2020
MT614452,2020-06-16T00:00:00Z,Severe acute respiratory syndrome-related coronavirus,29773,USA: CA,CA,Homo sapiens,,3/16/2020
MT614453,2020-06-16T00:00:00Z,Severe acute respiratory syndrome-related coronavirus,29773,USA: CA,CA,Homo sapiens,,3/16/2020
MT614454,2020-06-16T00:00:00Z,Severe acute respiratory syndrome-related coronavirus,29782,USA: CA,CA,Homo sapiens,,3/16/2020
MT614455,2020-06-16T00:00:00Z,Severe acute respiratory syndrome-related coronavirus,29782,USA: CA,CA,Homo sapiens,,3/16/2020
MT614456,2020-06-16T00:00:00Z,Severe acute respiratory syndrome-related coronavirus,29782,USA: CA,CA,Homo sapiens,,3/16/2020
MT614457,2020-06-16T00:00:00Z,Severe acute respiratory syndrome-related coronavirus,29782,USA: CA,CA,Homo sapiens,,3/15/2020
MT614458,2020-06-16T00:00:00Z,Severe acute respiratory syndrome-related coronavirus,29781,USA: CA,CA,Homo sapiens,,3/15/2020
MT614459,2020-06-16T00:00:00Z,Severe acute respiratory syndrome-related coronavirus,29782,USA: CA,CA,Homo sapiens,,3/15/2020
MT614460,2020-06-16T00:00:00Z,Severe acute respiratory syndrome-related coronavirus,29782,USA: CA,CA,Homo sapiens,,3/15/2020
MT614461,2020-06-16T00:00:00Z,Severe acute respiratory syndrome-related coronavirus,29782,USA: CA,CA,Homo sapiens,,3/15/2020
MT614462,2020-06-16T00:00:00Z,Severe acute respiratory syndrome-related coronavirus,29782,USA: CA,CA,Homo sapiens,,3/15/2020
MT614463,2020-06-16T00:00:00Z,Severe acute respiratory syndrome-related coronavirus,29782,USA: CA,CA,Homo sapiens,,3/16/2020
MT614464,2020-06-16T00:00:00Z,Severe acute respiratory syndrome-related coronavirus,29782,USA: CA,CA,Homo sapiens,,3/13/2020
MT614465,2020-06-16T00:00:00Z,Severe acute respiratory syndrome-related coronavirus,29782,USA: CA,CA,Homo sapiens,,3/16/2020
MT614466,2020-06-16T00:00:00Z,Severe acute respiratory syndrome-related coronavirus,29782,USA: CA,CA,Homo sapiens,,3/15/2020
MT614467,2020-06-16T00:00:00Z,Severe acute respiratory syndrome-related coronavirus,29782,USA: CA,CA,Homo sapiens,,3/16/2020
MT614468,2020-06-16T00:00:00Z,Severe acute respiratory syndrome-related coronavirus,29782,USA: CA,CA,Homo sapiens,,3/15/2020
MT614469,2020-06-16T00:00:00Z,Severe acute respiratory syndrome-related coronavirus,29782,USA: CA,CA,Homo sapiens,,3/15/2020
MT614470,2020-06-16T00:00:00Z,Severe acute respiratory syndrome-related coronavirus,29782,USA: CA,CA,Homo sapiens,,3/15/2020
MT614471,2020-06-16T00:00:00Z,Severe acute respiratory syndrome-related coronavirus,29782,USA: CA,CA,Homo sapiens,,3/13/2020
MT614472,2020-06-16T00:00:00Z,Severe acute respiratory syndrome-related coronavirus,29782,USA: CA,CA,Homo sapiens,,3/16/2020
MT614473,2020-06-16T00:00:00Z,Severe acute respiratory syndrome-related coronavirus,29782,USA: CA,CA,Homo sapiens,,3/16/2020
MT614474,2020-06-16T00:00:00Z,Severe acute respiratory syndrome-related coronavirus,29782,USA: CA,CA,Homo sapiens,,3/16/2020
MT614475,2020-06-16T00:00:00Z,Severe acute respiratory syndrome-related coronavirus,29782,USA: CA,CA,Homo sapiens,,3/15/2020
MT614476,2020-06-16T00:00:00Z,Severe acute respiratory syndrome-related coronavirus,29782,USA: GA,GA,Homo sapiens,,3/13/2020
MT614477,2020-06-16T00:00:00Z,Severe acute respiratory syndrome-related coronavirus,29782,USA: MA,MA,Homo sapiens,,3/14/2020
MT614478,2020-06-16T00:00:00Z,Severe acute respiratory syndrome-related coronavirus,29782,USA: MA,MA,Homo sapiens,,3/14/2020
MT614479,2020-06-16T00:00:00Z,Severe acute respiratory syndrome-related coronavirus,29782,USA: MA,MA,Homo sapiens,,3/15/2020
MT614480,2020-06-16T00:00:00Z,Severe acute respiratory syndrome-related coronavirus,29782,USA: MA,MA,Homo sapiens,,3/15/2020
MT614481,2020-06-16T00:00:00Z,Severe acute respiratory syndrome-related coronavirus,29782,USA: MA,MA,Homo sapiens,,3/15/2020
MT614482,2020-06-16T00:00:00Z,Severe acute respiratory syndrome-related coronavirus,29782,USA: MA,MA,Homo sapiens,,3/15/2020
MT614483,2020-06-16T00:00:00Z,Severe acute respiratory syndrome-related coronavirus,29782,USA: MA,MA,Homo sapiens,,3/14/2020
MT614484,2020-06-16T00:00:00Z,Severe acute respiratory syndrome-related coronavirus,29782,USA: MA,MA,Homo sapiens,,3/15/2020
MT614485,2020-06-16T00:00:00Z,Severe acute respiratory syndrome-related coronavirus,29782,USA: MA,MA,Homo sapiens,,3/14/2020
MT614486,2020-06-16T00:00:00Z,Severe acute respiratory syndrome-related coronavirus,29782,USA: MA,MA,Homo sapiens,,3/15/2020
MT614487,2020-06-16T00:00:00Z,Severe acute respiratory syndrome-related coronavirus,29782,USA: MA,MA,Homo sapiens,,3/14/2020
MT614488,2020-06-16T00:00:00Z,Severe acute respiratory syndrome-related coronavirus,29782,USA: MI,MI,Homo sapiens,,3/13/2020
MT614489,2020-06-16T00:00:00Z,Severe acute respiratory syndrome-related coronavirus,29782,USA: MI,MI,Homo sapiens,,3/15/2020
MT614490,2020-06-16T00:00:00Z,Severe acute respiratory syndrome-related coronavirus,29782,USA: MI,MI,Homo sapiens,,3/15/2020
MT614491,2020-06-16T00:00:00Z,Severe acute respiratory syndrome-related coronavirus,29782,USA: MI,MI,Homo sapiens,,3/15/2020
MT614492,2020-06-16T00:00:00Z,Severe acute respiratory syndrome-related coronavirus,29782,USA: MI,MI,Homo sapiens,,3/15/2020
MT614493,2020-06-16T00:00:00Z,Severe acute respiratory syndrome-related coronavirus,29782,USA: MI,MI,Homo sapiens,,3/14/2020
MT614494,2020-06-16T00:00:00Z,Severe acute respiratory syndrome-related coronavirus,29782,USA: NJ,NJ,Homo sapiens,,3/15/2020
MT614495,2020-06-16T00:00:00Z,Severe acute respiratory syndrome-related coronavirus,29782,USA: NJ,NJ,Homo sapiens,,3/14/2020
MT614496,2020-06-16T00:00:00Z,Severe acute respiratory syndrome-related coronavirus,29782,USA: NJ,NJ,Homo sapiens,,3/14/2020
MT614497,2020-06-16T00:00:00Z,Severe acute respiratory syndrome-related coronavirus,29773,USA: NJ,NJ,Homo sapiens,,3/14/2020
MT614498,2020-06-16T00:00:00Z,Severe acute respiratory syndrome-related coronavirus,29782,USA: NJ,NJ,Homo sapiens,,3/14/2020
MT614499,2020-06-16T00:00:00Z,Severe acute respiratory syndrome-related coronavirus,29782,USA: NY,NY,Homo sapiens,,3/16/2020
MT614500,2020-06-16T00:00:00Z,Severe acute respiratory syndrome-related coronavirus,29782,USA: NY,NY,Homo sapiens,,3/15/2020
MT614501,2020-06-16T00:00:00Z,Severe acute respiratory syndrome-related coronavirus,29773,USA: NY,NY,Homo sapiens,,3/15/2020
MT614502,2020-06-16T00:00:00Z,Severe acute respiratory syndrome-related coronavirus,29782,USA: NY,NY,Homo sapiens,,3/16/2020
MT614503,2020-06-16T00:00:00Z,Severe acute respiratory syndrome-related coronavirus,29782,USA: NY,NY,Homo sapiens,,3/16/2020
MT614504,2020-06-16T00:00:00Z,Severe acute respiratory syndrome-related coronavirus,29782,USA: NY,NY,Homo sapiens,,3/13/2020
MT614505,2020-06-16T00:00:00Z,Severe acute respiratory syndrome-related coronavirus,29782,USA: NY,NY,Homo sapiens,,3/15/2020
MT614506,2020-06-16T00:00:00Z,Severe acute respiratory syndrome-related coronavirus,29782,USA: PA,PA,Homo sapiens,,3/13/2020
MT614507,2020-06-16T00:00:00Z,Severe acute respiratory syndrome-related coronavirus,29782,USA: TX,TX,Homo sapiens,,3/15/2020
MT614508,2020-06-16T00:00:00Z,Severe acute respiratory syndrome-related coronavirus,29782,USA: TX,TX,Homo sapiens,,3/15/2020
MT614509,2020-06-16T00:00:00Z,Severe acute respiratory syndrome-related coronavirus,29782,USA: TX,TX,Homo sapiens,,3/14/2020
MT614510,2020-06-16T00:00:00Z,Severe acute respiratory syndrome-related coronavirus,29779,USA: UT,UT,Homo sapiens,,3/12/2020
MT614511,2020-06-16T00:00:00Z,Severe acute respiratory syndrome-related coronavirus,29782,USA: UT,UT,Homo sapiens,,3/13/2020
MT614512,2020-06-16T00:00:00Z,Severe acute respiratory syndrome-related coronavirus,29782,USA: UT,UT,Homo sapiens,,3/12/2020
MT614513,2020-06-16T00:00:00Z,Severe acute respiratory syndrome-related coronavirus,29782,USA: UT,UT,Homo sapiens,,3/13/2020
MT614514,2020-06-16T00:00:00Z,Severe acute respiratory syndrome-related coronavirus,29782,USA: UT,UT,Homo sapiens,,3/13/2020
MT614515,2020-06-16T00:00:00Z,Severe acute respiratory syndrome-related coronavirus,29782,USA: UT,UT,Homo sapiens,,3/12/2020
MT614516,2020-06-16T00:00:00Z,Severe acute respiratory syndrome-related coronavirus,29782,USA: UT,UT,Homo sapiens,,3/13/2020
MT614517,2020-06-16T00:00:00Z,Severe acute respiratory syndrome-related coronavirus,29782,USA: UT,UT,Homo sapiens,,3/12/2020
MT614518,2020-06-16T00:00:00Z,Severe acute respiratory syndrome-related coronavirus,29782,USA: UT,UT,Homo sapiens,,3/12/2020
MT614519,2020-06-16T00:00:00Z,Severe acute respiratory syndrome-related coronavirus,29782,USA: UT,UT,Homo sapiens,,3/13/2020
MT614520,2020-06-16T00:00:00Z,Severe acute respiratory syndrome-related coronavirus,29782,USA: UT,UT,Homo sapiens,,3/11/2020
MT614521,2020-06-16T00:00:00Z,Severe acute respiratory syndrome-related coronavirus,29782,USA: WA,WA,Homo sapiens,,3/13/2020
MT614522,2020-06-16T00:00:00Z,Severe acute respiratory syndrome-related coronavirus,29782,USA: WA,WA,Homo sapiens,,3/13/2020
MT614523,2020-06-16T00:00:00Z,Severe acute respiratory syndrome-related coronavirus,29782,USA: CA,CA,Homo sapiens,,3/16/2020
MT614524,2020-06-16T00:00:00Z,Severe acute respiratory syndrome-related coronavirus,29782,USA: CA,CA,Homo sapiens,,3/15/2020
MT614525,2020-06-16T00:00:00Z,Severe acute respiratory syndrome-related coronavirus,29782,USA: CA,CA,Homo sapiens,,3/16/2020
MT614526,2020-06-16T00:00:00Z,Severe acute respiratory syndrome-related coronavirus,29782,USA: CA,CA,Homo sapiens,,3/16/2020
MT614527,2020-06-16T00:00:00Z,Severe acute respiratory syndrome-related coronavirus,29782,USA: FL,FL,Homo sapiens,,3/13/2020
MT614528,2020-06-16T00:00:00Z,Severe acute respiratory syndrome-related coronavirus,29782,USA: GA,GA,Homo sapiens,,3/13/2020
MT614529,2020-06-16T00:00:00Z,Severe acute respiratory syndrome-related coronavirus,29782,USA: GA,GA,Homo sapiens,,3/13/2020
MT614530,2020-06-16T00:00:00Z,Severe acute respiratory syndrome-related coronavirus,29782,USA: GA,GA,Homo sapiens,,3/13/2020
MT614531,2020-06-16T00:00:00Z,Severe acute respiratory syndrome-related coronavirus,29782,USA: MA,MA,Homo sapiens,,3/14/2020
MT614532,2020-06-16T00:00:00Z,Severe acute respiratory syndrome-related coronavirus,29782,USA: MA,MA,Homo sapiens,,3/13/2020
MT614533,2020-06-16T00:00:00Z,Severe acute respiratory syndrome-related coronavirus,29782,USA: MA,MA,Homo sapiens,,3/14/2020
MT614534,2020-06-16T00:00:00Z,Severe acute respiratory syndrome-related coronavirus,29782,USA: MA,MA,Homo sapiens,,3/14/2020
MT614535,2020-06-16T00:00:00Z,Severe acute respiratory syndrome-related coronavirus,29782,USA: MA,MA,Homo sapiens,,3/14/2020
MT614536,2020-06-16T00:00:00Z,Severe acute respiratory syndrome-related coronavirus,29782,USA: MD,MD,Homo sapiens,,3/13/2020
MT614537,2020-06-16T00:00:00Z,Severe acute respiratory syndrome-related coronavirus,29782,USA: NJ,NJ,Homo sapiens,,3/13/2020
MT614538,2020-06-16T00:00:00Z,Severe acute respiratory syndrome-related coronavirus,29782,USA: NJ,NJ,Homo sapiens,,3/16/2020
MT614539,2020-06-16T00:00:00Z,Severe acute respiratory syndrome-related coronavirus,29773,USA: NJ,NJ,Homo sapiens,,3/13/2020
MT614540,2020-06-16T00:00:00Z,Severe acute respiratory syndrome-related coronavirus,29782,USA: NJ,NJ,Homo sapiens,,3/15/2020
MT614541,2020-06-16T00:00:00Z,Severe acute respiratory syndrome-related coronavirus,29782,USA: NJ,NJ,Homo sapiens,,3/13/2020
MT614542,2020-06-16T00:00:00Z,Severe acute respiratory syndrome-related coronavirus,29782,USA: NY,NY,Homo sapiens,,3/15/2020
MT614543,2020-06-16T00:00:00Z,Severe acute respiratory syndrome-related coronavirus,29782,USA: NY,NY,Homo sapiens,,3/16/2020
MT614544,2020-06-16T00:00:00Z,Severe acute respiratory syndrome-related coronavirus,29782,USA: NY,NY,Homo sapiens,,3/16/2020
MT614545,2020-06-16T00:00:00Z,Severe acute respiratory syndrome-related coronavirus,29785,USA: NY,NY,Homo sapiens,,3/16/2020
MT614546,2020-06-16T00:00:00Z,Severe acute respiratory syndrome-related coronavirus,29782,USA: NY,NY,Homo sapiens,,3/15/2020
MT614547,2020-06-16T00:00:00Z,Severe acute respiratory syndrome-related coronavirus,29782,USA: NY,NY,Homo sapiens,,3/16/2020
MT614548,2020-06-16T00:00:00Z,Severe acute respiratory syndrome-related coronavirus,29782,USA: NY,NY,Homo sapiens,,3/16/2020
MT614549,2020-06-16T00:00:00Z,Severe acute respiratory syndrome-related coronavirus,29782,USA: NY,NY,Homo sapiens,,3/16/2020
MT614550,2020-06-16T00:00:00Z,Severe acute respiratory syndrome-related coronavirus,29782,USA: NY,NY,Homo sapiens,,3/15/2020
MT614551,2020-06-16T00:00:00Z,Severe acute respiratory syndrome-related coronavirus,29782,USA: NY,NY,Homo sapiens,,3/16/2020
MT614552,2020-06-16T00:00:00Z,Severe acute respiratory syndrome-related coronavirus,29782,USA: NY,NY,Homo sapiens,,3/15/2020
MT614553,2020-06-16T00:00:00Z,Severe acute respiratory syndrome-related coronavirus,29782,USA: NY,NY,Homo sapiens,,3/15/2020
MT614554,2020-06-16T00:00:00Z,Severe acute respiratory syndrome-related coronavirus,29773,USA: NY,NY,Homo sapiens,,3/15/2020
MT614555,2020-06-16T00:00:00Z,Severe acute respiratory syndrome-related coronavirus,29782,USA: TN,TN,Homo sapiens,,3/13/2020
MT614556,2020-06-16T00:00:00Z,Severe acute respiratory syndrome-related coronavirus,29782,USA: UT,UT,Homo sapiens,,3/13/2020
MT614557,2020-06-16T00:00:00Z,Severe acute respiratory syndrome-related coronavirus,29782,USA: UT,UT,Homo sapiens,,3/13/2020
MT614558,2020-06-16T00:00:00Z,Severe acute respiratory syndrome-related coronavirus,29782,USA: UT,UT,Homo sapiens,,3/13/2020
MT614559,2020-06-16T00:00:00Z,Severe acute respiratory syndrome-related coronavirus,29782,USA: UT,UT,Homo sapiens,,3/13/2020
MT614560,2020-06-16T00:00:00Z,Severe acute respiratory syndrome-related coronavirus,29782,USA: UT,UT,Homo sapiens,,3/13/2020
MT614561,2020-06-16T00:00:00Z,Severe acute respiratory syndrome-related coronavirus,29782,USA: GA,GA,Homo sapiens,,3/13/2020
MT614562,2020-06-16T00:00:00Z,Severe acute respiratory syndrome-related coronavirus,29782,USA: MA,MA,Homo sapiens,,3/14/2020
MT614563,2020-06-16T00:00:00Z,Severe acute respiratory syndrome-related coronavirus,29782,USA: UT,UT,Homo sapiens,,3/13/2020
MT620766,2020-06-16T00:00:00Z,Severe acute respiratory syndrome-related coronavirus,29870,USA,,Homo sapiens,oronasopharynx,5/6/2020
MT620767,2020-06-16T00:00:00Z,Severe acute respiratory syndrome-related coronavirus,29860,USA,,Homo sapiens,oronasopharynx,4/20/2020
MT620769,2020-06-16T00:00:00Z,Severe acute respiratory syndrome-related coronavirus,29891,USA,,Homo sapiens,oronasopharynx,4/22/2020
MT620770,2020-06-16T00:00:00Z,Severe acute respiratory syndrome-related coronavirus,29882,USA,,Homo sapiens,oronasopharynx,4/17/2020
MT620771,2020-06-16T00:00:00Z,Severe acute respiratory syndrome-related coronavirus,29861,USA,,Homo sapiens,oronasopharynx,4/9/2020
MT620772,2020-06-16T00:00:00Z,Severe acute respiratory syndrome-related coronavirus,29860,USA,,Homo sapiens,oronasopharynx,4/22/2020
MT365025,2020-06-15T00:00:00Z,Severe acute respiratory syndrome-related coronavirus,29881,USA: KY,KY,Homo sapiens,oronasopharynx,3/18/2020
MT365026,2020-06-15T00:00:00Z,Severe acute respiratory syndrome-related coronavirus,29888,USA: KY,KY,Homo sapiens,oronasopharynx,3/18/2020
MT365027,2020-06-15T00:00:00Z,Severe acute respiratory syndrome-related coronavirus,29888,USA: KY,KY,Homo sapiens,oronasopharynx,3/18/2020
MT605815,2020-06-15T00:00:00Z,Severe acute respiratory syndrome-related coronavirus,29857,"USA: Washington,King County",WA,Homo sapiens,,3/8/2020
MT605816,2020-06-15T00:00:00Z,Severe acute respiratory syndrome-related coronavirus,29857,"USA: Washington,King County",WA,Homo sapiens,,3/5/2020
MT605817,2020-06-15T00:00:00Z,Severe acute respiratory syndrome-related coronavirus,29857,"USA: Washington,King County",WA,Homo sapiens,,3/7/2020
MT606515,2020-06-15T00:00:00Z,Severe acute respiratory syndrome-related coronavirus,29540,"USA: Maricopa County, Arizona",AZ,Homo sapiens,oronasopharynx,3/18/2020
MT606516,2020-06-15T00:00:00Z,Severe acute respiratory syndrome-related coronavirus,29540,"USA: Maricopa Country, Arizona",AZ,Homo sapiens,oronasopharynx,3/19/2020
MT609558,2020-06-15T00:00:00Z,Severe acute respiratory syndrome-related coronavirus,29899,USA: Virginia,VA,Homo sapiens,,2020-04
MT609559,2020-06-15T00:00:00Z,Severe acute respiratory syndrome-related coronavirus,29903,USA: Virginia,VA,Homo sapiens,,2020-04
MT609560,2020-06-15T00:00:00Z,Severe acute respiratory syndrome-related coronavirus,29900,USA: Virginia,VA,Homo sapiens,,2020-04
MT609561,2020-06-15T00:00:00Z,Severe acute respiratory syndrome-related coronavirus,29876,USA: Virginia,VA,Homo sapiens,,2020-04
MT609562,2020-06-15T00:00:00Z,Severe acute respiratory syndrome-related coronavirus,29903,USA: Virginia,VA,Homo sapiens,,2020-04
MT609563,2020-06-15T00:00:00Z,Severe acute respiratory syndrome-related coronavirus,29858,USA: Virginia,VA,Homo sapiens,,2020-04
MT609564,2020-06-15T00:00:00Z,Severe acute respiratory syndrome-related coronavirus,29901,USA: Virginia,VA,Homo sapiens,,2020-04
MT609565,2020-06-15T00:00:00Z,Severe acute respiratory syndrome-related coronavirus,29903,USA: Virginia,VA,Homo sapiens,,2020-04
MT609566,2020-06-15T00:00:00Z,Severe acute respiratory syndrome-related coronavirus,29900,USA: Virginia,VA,Homo sapiens,,2020-04
MT609567,2020-06-15T00:00:00Z,Severe acute respiratory syndrome-related coronavirus,29887,USA: Virginia,VA,Homo sapiens,,2020-04
MT609568,2020-06-15T00:00:00Z,Severe acute respiratory syndrome-related coronavirus,29900,USA: Virginia,VA,Homo sapiens,,2020-04
MT609569,2020-06-15T00:00:00Z,Severe acute respiratory syndrome-related coronavirus,29900,USA: Virginia,VA,Homo sapiens,,2020-04
MT609570,2020-06-15T00:00:00Z,Severe acute respiratory syndrome-related coronavirus,29868,USA: Virginia,VA,Homo sapiens,,2020-04
MT609571,2020-06-15T00:00:00Z,Severe acute respiratory syndrome-related coronavirus,29900,USA: Virginia,VA,Homo sapiens,,2020-04
MT609572,2020-06-15T00:00:00Z,Severe acute respiratory syndrome-related coronavirus,29899,USA: Virginia,VA,Homo sapiens,,2020-04
MT609573,2020-06-15T00:00:00Z,Severe acute respiratory syndrome-related coronavirus,29865,USA: Virginia,VA,Homo sapiens,,2020-04
MT609574,2020-06-15T00:00:00Z,Severe acute respiratory syndrome-related coronavirus,29899,USA: Virginia,VA,Homo sapiens,,2020-04
MT609575,2020-06-15T00:00:00Z,Severe acute respiratory syndrome-related coronavirus,29901,USA: Virginia,VA,Homo sapiens,,2020-04
MT609576,2020-06-15T00:00:00Z,Severe acute respiratory syndrome-related coronavirus,29873,USA: Virginia,VA,Homo sapiens,,2020-04
MT609577,2020-06-15T00:00:00Z,Severe acute respiratory syndrome-related coronavirus,29893,USA: Virginia,VA,Homo sapiens,,2020-04
MT609578,2020-06-15T00:00:00Z,Severe acute respiratory syndrome-related coronavirus,29830,USA: Virginia,VA,Homo sapiens,,2020-04
MT609579,2020-06-15T00:00:00Z,Severe acute respiratory syndrome-related coronavirus,29862,USA: Virginia,VA,Homo sapiens,,2020-04
MT609580,2020-06-15T00:00:00Z,Severe acute respiratory syndrome-related coronavirus,29850,USA: Virginia,VA,Homo sapiens,,2020-04
MT609581,2020-06-15T00:00:00Z,Severe acute respiratory syndrome-related coronavirus,29901,USA: Virginia,VA,Homo sapiens,,2020-04
MT609582,2020-06-15T00:00:00Z,Severe acute respiratory syndrome-related coronavirus,29900,USA: Virginia,VA,Homo sapiens,,2020-04
MT609583,2020-06-15T00:00:00Z,Severe acute respiratory syndrome-related coronavirus,29903,USA: Virginia,VA,Homo sapiens,,2020-04
MT609584,2020-06-15T00:00:00Z,Severe acute respiratory syndrome-related coronavirus,29899,USA: Virginia,VA,Homo sapiens,,2020-04
MT609585,2020-06-15T00:00:00Z,Severe acute respiratory syndrome-related coronavirus,29868,USA: Virginia,VA,Homo sapiens,,2020-04
MT609586,2020-06-15T00:00:00Z,Severe acute respiratory syndrome-related coronavirus,29866,USA: Virginia,VA,Homo sapiens,,2020-04
MT609587,2020-06-15T00:00:00Z,Severe acute respiratory syndrome-related coronavirus,29861,USA: Virginia,VA,Homo sapiens,,2020-04
MT609588,2020-06-15T00:00:00Z,Severe acute respiratory syndrome-related coronavirus,29900,USA: Virginia,VA,Homo sapiens,,2020-04
MT609589,2020-06-15T00:00:00Z,Severe acute respiratory syndrome-related coronavirus,29887,USA: Virginia,VA,Homo sapiens,,2020-04
MT609590,2020-06-15T00:00:00Z,Severe acute respiratory syndrome-related coronavirus,29834,USA: Virginia,VA,Homo sapiens,,2020-04
MT609591,2020-06-15T00:00:00Z,Severe acute respiratory syndrome-related coronavirus,29866,USA: Virginia,VA,Homo sapiens,,2020-04
MT609592,2020-06-15T00:00:00Z,Severe acute respiratory syndrome-related coronavirus,29899,USA: Virginia,VA,Homo sapiens,,2020-04
MT609593,2020-06-15T00:00:00Z,Severe acute respiratory syndrome-related coronavirus,29899,USA: Virginia,VA,Homo sapiens,,2020-04
MT609594,2020-06-15T00:00:00Z,Severe acute respiratory syndrome-related coronavirus,29896,USA: Virginia,VA,Homo sapiens,,2020-04
MT609595,2020-06-15T00:00:00Z,Severe acute respiratory syndrome-related coronavirus,29863,USA: Virginia,VA,Homo sapiens,,2020-04
MT609596,2020-06-15T00:00:00Z,Severe acute respiratory syndrome-related coronavirus,29891,USA: Virginia,VA,Homo sapiens,,2020-04
MT609597,2020-06-15T00:00:00Z,Severe acute respiratory syndrome-related coronavirus,29865,USA: Virginia,VA,Homo sapiens,,2020-04
MT609598,2020-06-15T00:00:00Z,Severe acute respiratory syndrome-related coronavirus,29844,USA: Virginia,VA,Homo sapiens,,2020-04
MT609599,2020-06-15T00:00:00Z,Severe acute respiratory syndrome-related coronavirus,29898,USA: Virginia,VA,Homo sapiens,,2020-04
MT609600,2020-06-15T00:00:00Z,Severe acute respiratory syndrome-related coronavirus,29901,USA: Virginia,VA,Homo sapiens,,2020-04
MT577596,2020-06-13T00:00:00Z,Severe acute respiratory syndrome-related coronavirus,29803,USA: FL,FL,Homo sapiens,,4/15/2020
MT577597,2020-06-13T00:00:00Z,Severe acute respiratory syndrome-related coronavirus,29831,USA: FL,FL,Homo sapiens,,4/15/2020
MT577598,2020-06-13T00:00:00Z,Severe acute respiratory syndrome-related coronavirus,29778,USA: FL,FL,Homo sapiens,,4/15/2020
MT577599,2020-06-13T00:00:00Z,Severe acute respiratory syndrome-related coronavirus,29860,USA: FL,FL,Homo sapiens,,4/16/2020
MT577600,2020-06-13T00:00:00Z,Severe acute respiratory syndrome-related coronavirus,29800,USA: FL,FL,Homo sapiens,,4/16/2020
MT577601,2020-06-13T00:00:00Z,Severe acute respiratory syndrome-related coronavirus,29832,USA: FL,FL,Homo sapiens,,4/16/2020
MT577602,2020-06-13T00:00:00Z,Severe acute respiratory syndrome-related coronavirus,29813,USA: FL,FL,Homo sapiens,,4/16/2020
MT577603,2020-06-13T00:00:00Z,Severe acute respiratory syndrome-related coronavirus,29798,USA: FL,FL,Homo sapiens,,4/17/2020
MT577604,2020-06-13T00:00:00Z,Severe acute respiratory syndrome-related coronavirus,29820,USA: FL,FL,Homo sapiens,,4/17/2020
MT577605,2020-06-13T00:00:00Z,Severe acute respiratory syndrome-related coronavirus,29832,USA: FL,FL,Homo sapiens,,4/17/2020
MT577606,2020-06-13T00:00:00Z,Severe acute respiratory syndrome-related coronavirus,29830,USA: FL,FL,Homo sapiens,,4/17/2020
MT577607,2020-06-13T00:00:00Z,Severe acute respiratory syndrome-related coronavirus,29833,USA: FL,FL,Homo sapiens,,4/20/2020
MT577608,2020-06-13T00:00:00Z,Severe acute respiratory syndrome-related coronavirus,29861,USA: FL,FL,Homo sapiens,,4/21/2020
MT577609,2020-06-13T00:00:00Z,Severe acute respiratory syndrome-related coronavirus,29803,USA: FL,FL,Homo sapiens,,4/21/2020
MT577610,2020-06-13T00:00:00Z,Severe acute respiratory syndrome-related coronavirus,29803,USA: FL,FL,Homo sapiens,,4/21/2020
MT577611,2020-06-13T00:00:00Z,Severe acute respiratory syndrome-related coronavirus,29827,USA: FL,FL,Homo sapiens,,4/21/2020
MT577612,2020-06-13T00:00:00Z,Severe acute respiratory syndrome-related coronavirus,29804,USA: FL,FL,Homo sapiens,,4/27/2020
MT577613,2020-06-13T00:00:00Z,Severe acute respiratory syndrome-related coronavirus,29798,USA: FL,FL,Homo sapiens,,4/27/2020
MT577614,2020-06-13T00:00:00Z,Severe acute respiratory syndrome-related coronavirus,29479,USA: FL,FL,Homo sapiens,,4/28/2020
MT577615,2020-06-13T00:00:00Z,Severe acute respiratory syndrome-related coronavirus,29794,USA: FL,FL,Homo sapiens,,4/28/2020
MT577616,2020-06-13T00:00:00Z,Severe acute respiratory syndrome-related coronavirus,29734,USA: FL,FL,Homo sapiens,,4/28/2020
MT577617,2020-06-13T00:00:00Z,Severe acute respiratory syndrome-related coronavirus,29818,USA: FL,FL,Homo sapiens,,4/28/2020
MT577618,2020-06-13T00:00:00Z,Severe acute respiratory syndrome-related coronavirus,29803,USA: FL,FL,Homo sapiens,,4/28/2020
MT577619,2020-06-13T00:00:00Z,Severe acute respiratory syndrome-related coronavirus,29827,USA: FL,FL,Homo sapiens,,4/28/2020
MT577620,2020-06-13T00:00:00Z,Severe acute respiratory syndrome-related coronavirus,29803,USA: FL,FL,Homo sapiens,,4/28/2020
MT577621,2020-06-13T00:00:00Z,Severe acute respiratory syndrome-related coronavirus,29826,USA: FL,FL,Homo sapiens,,4/28/2020
MT577622,2020-06-13T00:00:00Z,Severe acute respiratory syndrome-related coronavirus,29803,USA: FL,FL,Homo sapiens,,4/28/2020
MT577623,2020-06-13T00:00:00Z,Severe acute respiratory syndrome-related coronavirus,29803,USA: FL,FL,Homo sapiens,,4/28/2020
MT577624,2020-06-13T00:00:00Z,Severe acute respiratory syndrome-related coronavirus,29860,USA: FL,FL,Homo sapiens,,4/28/2020
MT577625,2020-06-13T00:00:00Z,Severe acute respiratory syndrome-related coronavirus,29801,USA: FL,FL,Homo sapiens,,4/28/2020
MT577626,2020-06-13T00:00:00Z,Severe acute respiratory syndrome-related coronavirus,29348,USA: FL,FL,Homo sapiens,,4/28/2020
MT577627,2020-06-13T00:00:00Z,Severe acute respiratory syndrome-related coronavirus,29862,USA: FL,FL,Homo sapiens,,4/28/2020
MT577628,2020-06-13T00:00:00Z,Severe acute respiratory syndrome-related coronavirus,29901,USA: FL,FL,Homo sapiens,,4/28/2020
MT577629,2020-06-13T00:00:00Z,Severe acute respiratory syndrome-related coronavirus,29828,USA: FL,FL,Homo sapiens,,4/28/2020
MT577630,2020-06-13T00:00:00Z,Severe acute respiratory syndrome-related coronavirus,29826,USA: FL,FL,Homo sapiens,,4/28/2020
MT577631,2020-06-13T00:00:00Z,Severe acute respiratory syndrome-related coronavirus,29834,USA: FL,FL,Homo sapiens,,4/29/2020
MT577632,2020-06-13T00:00:00Z,Severe acute respiratory syndrome-related coronavirus,29837,USA: FL,FL,Homo sapiens,,4/29/2020
MT577633,2020-06-13T00:00:00Z,Severe acute respiratory syndrome-related coronavirus,29627,USA: FL,FL,Homo sapiens,,4/29/2020
MT577634,2020-06-13T00:00:00Z,Severe acute respiratory syndrome-related coronavirus,29833,USA: FL,FL,Homo sapiens,,4/29/2020
MT577635,2020-06-13T00:00:00Z,Severe acute respiratory syndrome-related coronavirus,29872,USA: FL,FL,Homo sapiens,,4/30/2020
MT577636,2020-06-13T00:00:00Z,Severe acute respiratory syndrome-related coronavirus,29804,USA: FL,FL,Homo sapiens,,4/30/2020
MT577637,2020-06-13T00:00:00Z,Severe acute respiratory syndrome-related coronavirus,29834,USA: FL,FL,Homo sapiens,,4/30/2020
MT577638,2020-06-13T00:00:00Z,Severe acute respiratory syndrome-related coronavirus,29802,USA: FL,FL,Homo sapiens,,4/30/2020
MT577639,2020-06-13T00:00:00Z,Severe acute respiratory syndrome-related coronavirus,29803,USA: FL,FL,Homo sapiens,,4/30/2020
MT577640,2020-06-13T00:00:00Z,Severe acute respiratory syndrome-related coronavirus,29814,USA: FL,FL,Homo sapiens,,4/30/2020
MT577641,2020-06-13T00:00:00Z,Severe acute respiratory syndrome-related coronavirus,29834,USA: FL,FL,Homo sapiens,,4/30/2020
MT577642,2020-06-13T00:00:00Z,Severe acute respiratory syndrome-related coronavirus,29870,USA: FL,FL,Homo sapiens,,4/30/2020
MT577643,2020-06-13T00:00:00Z,Severe acute respiratory syndrome-related coronavirus,29803,USA: FL,FL,Homo sapiens,,4/30/2020
MT577644,2020-06-13T00:00:00Z,Severe acute respiratory syndrome-related coronavirus,29803,USA: FL,FL,Homo sapiens,,4/30/2020
MT598171,2020-06-12T00:00:00Z,Severe acute respiratory syndrome-related coronavirus,29836,"USA: San Diego, California",CA,Homo sapiens,oronasopharynx,3/21/2020
MT598172,2020-06-12T00:00:00Z,Severe acute respiratory syndrome-related coronavirus,29782,"USA: San Diego, California",CA,Homo sapiens,oronasopharynx,3/18/2020
MT598173,2020-06-12T00:00:00Z,Severe acute respiratory syndrome-related coronavirus,29755,"USA: San Diego, California",CA,Homo sapiens,oronasopharynx,3/24/2020
MT598174,2020-06-12T00:00:00Z,Severe acute respiratory syndrome-related coronavirus,29891,"USA: San Diego, California",CA,Homo sapiens,oronasopharynx,3/24/2020
MT598175,2020-06-12T00:00:00Z,Severe acute respiratory syndrome-related coronavirus,29819,"USA: San Diego, California",CA,Homo sapiens,oronasopharynx,4/28/2020
MT598176,2020-06-12T00:00:00Z,Severe acute respiratory syndrome-related coronavirus,29798,"USA: San Diego, California",CA,Homo sapiens,oronasopharynx,4/29/2020
MT598177,2020-06-12T00:00:00Z,Severe acute respiratory syndrome-related coronavirus,29826,"USA: San Diego, California",CA,Homo sapiens,oronasopharynx,5/4/2020
MT598178,2020-06-12T00:00:00Z,Severe acute respiratory syndrome-related coronavirus,29864,"USA: San Diego, California",CA,Homo sapiens,oronasopharynx,5/8/2020
MT598633,2020-06-12T00:00:00Z,Severe acute respiratory syndrome-related coronavirus,29857,"USA: King County,WA",WA,Homo sapiens,,2/20/2020
MT598634,2020-06-12T00:00:00Z,Severe acute respiratory syndrome-related coronavirus,29868,USA: WA,WA,Homo sapiens,,2/28/2020
MT598635,2020-06-12T00:00:00Z,Severe acute respiratory syndrome-related coronavirus,29664,"USA: King County,WA",WA,Homo sapiens,,3/1/2020
MT598636,2020-06-12T00:00:00Z,Severe acute respiratory syndrome-related coronavirus,29857,USA: WA,WA,Homo sapiens,,2/24/2020
MT598637,2020-06-12T00:00:00Z,Severe acute respiratory syndrome-related coronavirus,29731,"USA: Snohomish County,WA",WA,Homo sapiens,,3/1/2020
MT598638,2020-06-12T00:00:00Z,Severe acute respiratory syndrome-related coronavirus,29619,"USA: King County,WA",WA,Homo sapiens,,2/24/2020
MT598639,2020-06-12T00:00:00Z,Severe acute respiratory syndrome-related coronavirus,29855,"USA: King County,WA",WA,Homo sapiens,,2/29/2020
MT598640,2020-06-12T00:00:00Z,Severe acute respiratory syndrome-related coronavirus,29856,"USA: King County,WA",WA,Homo sapiens,,2/29/2020
MT598641,2020-06-12T00:00:00Z,Severe acute respiratory syndrome-related coronavirus,29872,"USA: King County,WA",WA,Homo sapiens,,2/29/2020
MT598642,2020-06-12T00:00:00Z,Severe acute respiratory syndrome-related coronavirus,29879,"USA: King County,WA",WA,Homo sapiens,,3/3/2020
MT594109,2020-06-11T00:00:00Z,Severe acute respiratory syndrome-related coronavirus,29882,USA,,Homo sapiens,oronasopharynx,3/19/2020
MT584980,2020-06-10T00:00:00Z,Severe acute respiratory syndrome-related coronavirus,29798,USA: Michigan,MI,Homo sapiens,swab,4/16/2020
MT584981,2020-06-10T00:00:00Z,Severe acute respiratory syndrome-related coronavirus,29798,USA: Michigan,MI,Homo sapiens,swab,4/15/2020
MT584982,2020-06-10T00:00:00Z,Severe acute respiratory syndrome-related coronavirus,29802,USA: Michigan,MI,Homo sapiens,swab,4/15/2020
MT584983,2020-06-10T00:00:00Z,Severe acute respiratory syndrome-related coronavirus,29816,USA: Michigan,MI,Homo sapiens,swab,4/17/2020
MT584984,2020-06-10T00:00:00Z,Severe acute respiratory syndrome-related coronavirus,29845,USA: Michigan,MI,Homo sapiens,swab,4/17/2020
MT584985,2020-06-10T00:00:00Z,Severe acute respiratory syndrome-related coronavirus,29806,USA: Michigan,MI,Homo sapiens,swab,4/17/2020
MT584986,2020-06-10T00:00:00Z,Severe acute respiratory syndrome-related coronavirus,29815,USA: Michigan,MI,Homo sapiens,swab,4/17/2020
MT584987,2020-06-10T00:00:00Z,Severe acute respiratory syndrome-related coronavirus,29809,USA: Michigan,MI,Homo sapiens,swab,4/16/2020
MT584988,2020-06-10T00:00:00Z,Severe acute respiratory syndrome-related coronavirus,29798,USA: Michigan,MI,Homo sapiens,swab,4/17/2020
MT584989,2020-06-10T00:00:00Z,Severe acute respiratory syndrome-related coronavirus,29803,USA: Michigan,MI,Homo sapiens,swab,4/17/2020
MT584990,2020-06-10T00:00:00Z,Severe acute respiratory syndrome-related coronavirus,29796,USA: Michigan,MI,Homo sapiens,swab,4/17/2020
MT584991,2020-06-10T00:00:00Z,Severe acute respiratory syndrome-related coronavirus,29799,USA: Michigan,MI,Homo sapiens,swab,4/18/2020
MT584992,2020-06-10T00:00:00Z,Severe acute respiratory syndrome-related coronavirus,29802,USA: Michigan,MI,Homo sapiens,swab,4/17/2020
MT584993,2020-06-10T00:00:00Z,Severe acute respiratory syndrome-related coronavirus,29804,USA: Michigan,MI,Homo sapiens,swab,4/17/2020
MT584994,2020-06-10T00:00:00Z,Severe acute respiratory syndrome-related coronavirus,29804,USA: Michigan,MI,Homo sapiens,swab,4/17/2020
MT584995,2020-06-10T00:00:00Z,Severe acute respiratory syndrome-related coronavirus,29797,USA: Michigan,MI,Homo sapiens,swab,4/18/2020
MT584996,2020-06-10T00:00:00Z,Severe acute respiratory syndrome-related coronavirus,29812,USA: Michigan,MI,Homo sapiens,swab,4/26/2020
MT584997,2020-06-10T00:00:00Z,Severe acute respiratory syndrome-related coronavirus,29812,USA: Michigan,MI,Homo sapiens,swab,4/26/2020
MT584998,2020-06-10T00:00:00Z,Severe acute respiratory syndrome-related coronavirus,29804,USA: Michigan,MI,Homo sapiens,swab,4/26/2020
MT584999,2020-06-10T00:00:00Z,Severe acute respiratory syndrome-related coronavirus,29798,USA: Michigan,MI,Homo sapiens,swab,4/24/2020
MT585000,2020-06-10T00:00:00Z,Severe acute respiratory syndrome-related coronavirus,29795,USA: Michigan,MI,Homo sapiens,swab,4/24/2020
MT585001,2020-06-10T00:00:00Z,Severe acute respiratory syndrome-related coronavirus,29823,USA: Michigan,MI,Homo sapiens,swab,4/23/2020
MT585002,2020-06-10T00:00:00Z,Severe acute respiratory syndrome-related coronavirus,29812,USA: Michigan,MI,Homo sapiens,swab,4/24/2020
MT585003,2020-06-10T00:00:00Z,Severe acute respiratory syndrome-related coronavirus,29805,USA: Michigan,MI,Homo sapiens,swab,4/24/2020
MT585004,2020-06-10T00:00:00Z,Severe acute respiratory syndrome-related coronavirus,29797,USA: Michigan,MI,Homo sapiens,swab,4/24/2020
MT585005,2020-06-10T00:00:00Z,Severe acute respiratory syndrome-related coronavirus,29798,USA: Michigan,MI,Homo sapiens,swab,4/24/2020
MT585006,2020-06-10T00:00:00Z,Severe acute respiratory syndrome-related coronavirus,29799,USA: Michigan,MI,Homo sapiens,swab,4/24/2020
MT585007,2020-06-10T00:00:00Z,Severe acute respiratory syndrome-related coronavirus,29803,USA: Michigan,MI,Homo sapiens,swab,4/24/2020
MT585008,2020-06-10T00:00:00Z,Severe acute respiratory syndrome-related coronavirus,29804,USA: Michigan,MI,Homo sapiens,swab,4/23/2020
MT585009,2020-06-10T00:00:00Z,Severe acute respiratory syndrome-related coronavirus,29814,USA: Michigan,MI,Homo sapiens,swab,4/23/2020
MT585010,2020-06-10T00:00:00Z,Severe acute respiratory syndrome-related coronavirus,29828,USA: Michigan,MI,Homo sapiens,swab,4/23/2020
MT585011,2020-06-10T00:00:00Z,Severe acute respiratory syndrome-related coronavirus,29807,USA: Michigan,MI,Homo sapiens,swab,4/23/2020
MT585012,2020-06-10T00:00:00Z,Severe acute respiratory syndrome-related coronavirus,29804,USA: Michigan,MI,Homo sapiens,swab,4/24/2020
MT585013,2020-06-10T00:00:00Z,Severe acute respiratory syndrome-related coronavirus,29798,USA: Michigan,MI,Homo sapiens,swab,4/27/2020
MT585014,2020-06-10T00:00:00Z,Severe acute respiratory syndrome-related coronavirus,29819,USA: Michigan,MI,Homo sapiens,swab,4/27/2020
MT585015,2020-06-10T00:00:00Z,Severe acute respiratory syndrome-related coronavirus,29802,USA: Michigan,MI,Homo sapiens,swab,4/27/2020
MT585016,2020-06-10T00:00:00Z,Severe acute respiratory syndrome-related coronavirus,29805,USA: Michigan,MI,Homo sapiens,swab,4/29/2020
MT585017,2020-06-10T00:00:00Z,Severe acute respiratory syndrome-related coronavirus,29801,USA: Michigan,MI,Homo sapiens,swab,4/29/2020
MT585018,2020-06-10T00:00:00Z,Severe acute respiratory syndrome-related coronavirus,29806,USA: Michigan,MI,Homo sapiens,swab,4/29/2020
MT585019,2020-06-10T00:00:00Z,Severe acute respiratory syndrome-related coronavirus,29824,USA: Michigan,MI,Homo sapiens,swab,4/29/2020
MT585020,2020-06-10T00:00:00Z,Severe acute respiratory syndrome-related coronavirus,29824,USA: Michigan,MI,Homo sapiens,swab,4/29/2020
MT585021,2020-06-10T00:00:00Z,Severe acute respiratory syndrome-related coronavirus,29824,USA: Michigan,MI,Homo sapiens,swab,4/29/2020
MT585022,2020-06-10T00:00:00Z,Severe acute respiratory syndrome-related coronavirus,29824,USA: Michigan,MI,Homo sapiens,swab,4/29/2020
MT585023,2020-06-10T00:00:00Z,Severe acute respiratory syndrome-related coronavirus,29824,USA: Michigan,MI,Homo sapiens,swab,4/29/2020
MT585024,2020-06-10T00:00:00Z,Severe acute respiratory syndrome-related coronavirus,29824,USA: Michigan,MI,Homo sapiens,swab,4/29/2020
MT585025,2020-06-10T00:00:00Z,Severe acute respiratory syndrome-related coronavirus,29826,USA: Michigan,MI,Homo sapiens,swab,4/29/2020
MT585026,2020-06-10T00:00:00Z,Severe acute respiratory syndrome-related coronavirus,29816,USA: Michigan,MI,Homo sapiens,swab,4/29/2020
MT585027,2020-06-10T00:00:00Z,Severe acute respiratory syndrome-related coronavirus,29812,USA: Michigan,MI,Homo sapiens,swab,4/29/2020
MT585028,2020-06-10T00:00:00Z,Severe acute respiratory syndrome-related coronavirus,29824,USA: Michigan,MI,Homo sapiens,swab,4/29/2020
MT585029,2020-06-10T00:00:00Z,Severe acute respiratory syndrome-related coronavirus,29812,USA: Michigan,MI,Homo sapiens,swab,4/29/2020
MT585030,2020-06-10T00:00:00Z,Severe acute respiratory syndrome-related coronavirus,29826,USA: Michigan,MI,Homo sapiens,swab,4/29/2020
MT585031,2020-06-10T00:00:00Z,Severe acute respiratory syndrome-related coronavirus,29826,USA: Michigan,MI,Homo sapiens,swab,4/29/2020
MT585032,2020-06-10T00:00:00Z,Severe acute respiratory syndrome-related coronavirus,29826,USA: Michigan,MI,Homo sapiens,swab,4/29/2020
MT585033,2020-06-10T00:00:00Z,Severe acute respiratory syndrome-related coronavirus,29824,USA: Michigan,MI,Homo sapiens,swab,4/29/2020
MT585034,2020-06-10T00:00:00Z,Severe acute respiratory syndrome-related coronavirus,29825,USA: Michigan,MI,Homo sapiens,swab,4/29/2020
MT585035,2020-06-10T00:00:00Z,Severe acute respiratory syndrome-related coronavirus,29801,USA: Michigan,MI,Homo sapiens,swab,4/29/2020
MT585036,2020-06-10T00:00:00Z,Severe acute respiratory syndrome-related coronavirus,29818,USA: Michigan,MI,Homo sapiens,swab,4/29/2020
MT585037,2020-06-10T00:00:00Z,Severe acute respiratory syndrome-related coronavirus,29803,USA: Michigan,MI,Homo sapiens,swab,4/29/2020
MT585038,2020-06-10T00:00:00Z,Severe acute respiratory syndrome-related coronavirus,29824,USA: Michigan,MI,Homo sapiens,swab,4/29/2020
MT585039,2020-06-10T00:00:00Z,Severe acute respiratory syndrome-related coronavirus,29825,USA: Michigan,MI,Homo sapiens,swab,4/29/2020
MT585040,2020-06-10T00:00:00Z,Severe acute respiratory syndrome-related coronavirus,29824,USA: Michigan,MI,Homo sapiens,swab,4/29/2020
MT585041,2020-06-10T00:00:00Z,Severe acute respiratory syndrome-related coronavirus,29824,USA: Michigan,MI,Homo sapiens,swab,4/29/2020
MT585042,2020-06-10T00:00:00Z,Severe acute respiratory syndrome-related coronavirus,29824,USA: Michigan,MI,Homo sapiens,swab,4/29/2020
MT585043,2020-06-10T00:00:00Z,Severe acute respiratory syndrome-related coronavirus,29826,USA: Michigan,MI,Homo sapiens,swab,4/29/2020
MT585044,2020-06-10T00:00:00Z,Severe acute respiratory syndrome-related coronavirus,29830,USA: Michigan,MI,Homo sapiens,swab,4/29/2020
MT585045,2020-06-10T00:00:00Z,Severe acute respiratory syndrome-related coronavirus,29815,USA: Michigan,MI,Homo sapiens,swab,4/29/2020
MT585046,2020-06-10T00:00:00Z,Severe acute respiratory syndrome-related coronavirus,29800,USA: Michigan,MI,Homo sapiens,swab,4/29/2020
MT585047,2020-06-10T00:00:00Z,Severe acute respiratory syndrome-related coronavirus,29824,USA: Michigan,MI,Homo sapiens,swab,4/29/2020
MT585048,2020-06-10T00:00:00Z,Severe acute respiratory syndrome-related coronavirus,29806,USA: Michigan,MI,Homo sapiens,swab,4/29/2020
MT585049,2020-06-10T00:00:00Z,Severe acute respiratory syndrome-related coronavirus,29825,USA: Michigan,MI,Homo sapiens,swab,4/29/2020
MT585050,2020-06-10T00:00:00Z,Severe acute respiratory syndrome-related coronavirus,29826,USA: Michigan,MI,Homo sapiens,swab,4/30/2020
MT585051,2020-06-10T00:00:00Z,Severe acute respiratory syndrome-related coronavirus,29857,USA: Michigan,MI,Homo sapiens,swab,4/30/2020
MT585052,2020-06-10T00:00:00Z,Severe acute respiratory syndrome-related coronavirus,29824,USA: Michigan,MI,Homo sapiens,swab,4/30/2020
MT585053,2020-06-10T00:00:00Z,Severe acute respiratory syndrome-related coronavirus,29800,USA: Michigan,MI,Homo sapiens,swab,4/30/2020
MT585054,2020-06-10T00:00:00Z,Severe acute respiratory syndrome-related coronavirus,29812,USA: Michigan,MI,Homo sapiens,swab,4/30/2020
MT585055,2020-06-10T00:00:00Z,Severe acute respiratory syndrome-related coronavirus,29825,USA: Michigan,MI,Homo sapiens,swab,4/30/2020
MT585056,2020-06-10T00:00:00Z,Severe acute respiratory syndrome-related coronavirus,29826,USA: Michigan,MI,Homo sapiens,swab,4/30/2020
MT585057,2020-06-10T00:00:00Z,Severe acute respiratory syndrome-related coronavirus,29823,USA: Michigan,MI,Homo sapiens,swab,4/30/2020
MT585058,2020-06-10T00:00:00Z,Severe acute respiratory syndrome-related coronavirus,29824,USA: Michigan,MI,Homo sapiens,swab,4/30/2020
MT585059,2020-06-10T00:00:00Z,Severe acute respiratory syndrome-related coronavirus,29824,USA: Michigan,MI,Homo sapiens,swab,4/30/2020
MT585060,2020-06-10T00:00:00Z,Severe acute respiratory syndrome-related coronavirus,29814,USA: Michigan,MI,Homo sapiens,swab,4/30/2020
MT585061,2020-06-10T00:00:00Z,Severe acute respiratory syndrome-related coronavirus,29825,USA: Michigan,MI,Homo sapiens,swab,4/30/2020
MT585062,2020-06-10T00:00:00Z,Severe acute respiratory syndrome-related coronavirus,29789,USA: Michigan,MI,Homo sapiens,swab,4/30/2020
MT585063,2020-06-10T00:00:00Z,Severe acute respiratory syndrome-related coronavirus,29824,USA: Michigan,MI,Homo sapiens,swab,4/30/2020
MT585064,2020-06-10T00:00:00Z,Severe acute respiratory syndrome-related coronavirus,29826,USA: Michigan,MI,Homo sapiens,swab,4/30/2020
MT585065,2020-06-10T00:00:00Z,Severe acute respiratory syndrome-related coronavirus,29824,USA: Michigan,MI,Homo sapiens,swab,4/30/2020
MT585066,2020-06-10T00:00:00Z,Severe acute respiratory syndrome-related coronavirus,29824,USA: Michigan,MI,Homo sapiens,swab,4/30/2020
MT585067,2020-06-10T00:00:00Z,Severe acute respiratory syndrome-related coronavirus,29825,USA: Michigan,MI,Homo sapiens,swab,4/30/2020
MT585068,2020-06-10T00:00:00Z,Severe acute respiratory syndrome-related coronavirus,29824,USA: Michigan,MI,Homo sapiens,swab,4/30/2020
MT585069,2020-06-10T00:00:00Z,Severe acute respiratory syndrome-related coronavirus,29813,USA: Michigan,MI,Homo sapiens,swab,4/30/2020
MT585070,2020-06-10T00:00:00Z,Severe acute respiratory syndrome-related coronavirus,29823,USA: Michigan,MI,Homo sapiens,swab,4/30/2020
MT585071,2020-06-10T00:00:00Z,Severe acute respiratory syndrome-related coronavirus,29826,USA: Michigan,MI,Homo sapiens,swab,4/30/2020
MT585072,2020-06-10T00:00:00Z,Severe acute respiratory syndrome-related coronavirus,29824,USA: Michigan,MI,Homo sapiens,swab,4/30/2020
MT585073,2020-06-10T00:00:00Z,Severe acute respiratory syndrome-related coronavirus,29854,USA: Michigan,MI,Homo sapiens,swab,4/30/2020
MT585074,2020-06-10T00:00:00Z,Severe acute respiratory syndrome-related coronavirus,29806,USA: Michigan,MI,Homo sapiens,swab,4/30/2020
MT585075,2020-06-10T00:00:00Z,Severe acute respiratory syndrome-related coronavirus,29790,USA: Michigan,MI,Homo sapiens,swab,4/30/2020
MT585076,2020-06-10T00:00:00Z,Severe acute respiratory syndrome-related coronavirus,29795,USA: Michigan,MI,Homo sapiens,swab,4/30/2020
MT585077,2020-06-10T00:00:00Z,Severe acute respiratory syndrome-related coronavirus,29788,USA: Michigan,MI,Homo sapiens,swab,4/30/2020
MT585078,2020-06-10T00:00:00Z,Severe acute respiratory syndrome-related coronavirus,29824,USA: Michigan,MI,Homo sapiens,swab,4/30/2020
MT585079,2020-06-10T00:00:00Z,Severe acute respiratory syndrome-related coronavirus,29807,USA: Michigan,MI,Homo sapiens,swab,5/1/2020
MT585080,2020-06-10T00:00:00Z,Severe acute respiratory syndrome-related coronavirus,29818,USA: Michigan,MI,Homo sapiens,swab,5/1/2020
MT585082,2020-06-10T00:00:00Z,Severe acute respiratory syndrome-related coronavirus,29777,USA,,Homo sapiens,oronasopharynx,4/6/2020
MT585083,2020-06-10T00:00:00Z,Severe acute respiratory syndrome-related coronavirus,29776,USA,,Homo sapiens,oronasopharynx,4/6/2020
MT585084,2020-06-10T00:00:00Z,Severe acute respiratory syndrome-related coronavirus,29776,USA,,Homo sapiens,oronasopharynx,4/4/2020
MT585085,2020-06-10T00:00:00Z,Severe acute respiratory syndrome-related coronavirus,29777,USA,,Homo sapiens,oronasopharynx,4/6/2020
MT585086,2020-06-10T00:00:00Z,Severe acute respiratory syndrome-related coronavirus,29777,USA,,Homo sapiens,oronasopharynx,4/6/2020
MT585087,2020-06-10T00:00:00Z,Severe acute respiratory syndrome-related coronavirus,29777,USA,,Homo sapiens,oronasopharynx,4/4/2020
MT585088,2020-06-10T00:00:00Z,Severe acute respiratory syndrome-related coronavirus,29777,USA,,Homo sapiens,oronasopharynx,4/4/2020
MT585089,2020-06-10T00:00:00Z,Severe acute respiratory syndrome-related coronavirus,29777,USA,,Homo sapiens,oronasopharynx,4/3/2020
MT585090,2020-06-10T00:00:00Z,Severe acute respiratory syndrome-related coronavirus,29777,USA,,Homo sapiens,oronasopharynx,4/4/2020
MT585091,2020-06-10T00:00:00Z,Severe acute respiratory syndrome-related coronavirus,29777,USA,,Homo sapiens,oronasopharynx,4/3/2020
MT585092,2020-06-10T00:00:00Z,Severe acute respiratory syndrome-related coronavirus,29776,USA,,Homo sapiens,oronasopharynx,4/4/2020
MT585093,2020-06-10T00:00:00Z,Severe acute respiratory syndrome-related coronavirus,29777,USA,,Homo sapiens,oronasopharynx,4/3/2020
MT585094,2020-06-10T00:00:00Z,Severe acute respiratory syndrome-related coronavirus,29777,USA,,Homo sapiens,oronasopharynx,4/4/2020
MT585095,2020-06-10T00:00:00Z,Severe acute respiratory syndrome-related coronavirus,29777,USA,,Homo sapiens,oronasopharynx,4/7/2020
MT585096,2020-06-10T00:00:00Z,Severe acute respiratory syndrome-related coronavirus,29777,USA,,Homo sapiens,oronasopharynx,4/6/2020
MT585097,2020-06-10T00:00:00Z,Severe acute respiratory syndrome-related coronavirus,29777,USA,,Homo sapiens,oronasopharynx,4/7/2020
MT585098,2020-06-10T00:00:00Z,Severe acute respiratory syndrome-related coronavirus,29777,USA,,Homo sapiens,oronasopharynx,4/8/2020
MT585099,2020-06-10T00:00:00Z,Severe acute respiratory syndrome-related coronavirus,29777,USA,,Homo sapiens,oronasopharynx,4/6/2020
MT585100,2020-06-10T00:00:00Z,Severe acute respiratory syndrome-related coronavirus,29777,USA,,Homo sapiens,oronasopharynx,4/4/2020
MT585101,2020-06-10T00:00:00Z,Severe acute respiratory syndrome-related coronavirus,29777,USA,,Homo sapiens,oronasopharynx,4/6/2020
MT585102,2020-06-10T00:00:00Z,Severe acute respiratory syndrome-related coronavirus,29777,USA,,Homo sapiens,oronasopharynx,4/3/2020
MT585103,2020-06-10T00:00:00Z,Severe acute respiratory syndrome-related coronavirus,29777,USA,,Homo sapiens,oronasopharynx,4/4/2020
MT585104,2020-06-10T00:00:00Z,Severe acute respiratory syndrome-related coronavirus,29777,USA,,Homo sapiens,oronasopharynx,4/6/2020
MT585105,2020-06-10T00:00:00Z,Severe acute respiratory syndrome-related coronavirus,29487,USA,,Homo sapiens,oronasopharynx,4/6/2020
MT578015,2020-06-08T00:00:00Z,Severe acute respiratory syndrome-related coronavirus,29902,USA,,Homo sapiens,oronasopharynx,5/11/2020
MT520172,2020-06-04T00:00:00Z,Severe acute respiratory syndrome-related coronavirus,29860,USA: Massachusetts,MA,Homo sapiens,oronasopharynx,3/22/2020
MT520173,2020-06-04T00:00:00Z,Severe acute respiratory syndrome-related coronavirus,29834,USA: Massachusetts,MA,Homo sapiens,oronasopharynx,4/1/2020
MT520174,2020-06-04T00:00:00Z,Severe acute respiratory syndrome-related coronavirus,29877,USA: Massachusetts,MA,Homo sapiens,oronasopharynx,4/4/2020
MT520175,2020-06-04T00:00:00Z,Severe acute respiratory syndrome-related coronavirus,29682,USA: Massachusetts,MA,Homo sapiens,oronasopharynx,4/1/2020
MT520176,2020-06-04T00:00:00Z,Severe acute respiratory syndrome-related coronavirus,29845,USA: Massachusetts,MA,Homo sapiens,oronasopharynx,3/25/2020
MT520177,2020-06-04T00:00:00Z,Severe acute respiratory syndrome-related coronavirus,29855,USA: Massachusetts,MA,Homo sapiens,oronasopharynx,3/25/2020
MT520178,2020-06-04T00:00:00Z,Severe acute respiratory syndrome-related coronavirus,29870,USA: Massachusetts,MA,Homo sapiens,oronasopharynx,3/7/2020
MT520179,2020-06-04T00:00:00Z,Severe acute respiratory syndrome-related coronavirus,29815,USA: Massachusetts,MA,Homo sapiens,oronasopharynx,3/24/2020
MT520180,2020-06-04T00:00:00Z,Severe acute respiratory syndrome-related coronavirus,29865,USA: Massachusetts,MA,Homo sapiens,oronasopharynx,3/25/2020
MT520181,2020-06-04T00:00:00Z,Severe acute respiratory syndrome-related coronavirus,29871,USA: Massachusetts,MA,Homo sapiens,oronasopharynx,4/7/2020
MT520182,2020-06-04T00:00:00Z,Severe acute respiratory syndrome-related coronavirus,29838,USA: Massachusetts,MA,Homo sapiens,oronasopharynx,3/26/2020
MT520183,2020-06-04T00:00:00Z,Severe acute respiratory syndrome-related coronavirus,29833,USA: Massachusetts,MA,Homo sapiens,oronasopharynx,3/27/2020
MT520184,2020-06-04T00:00:00Z,Severe acute respiratory syndrome-related coronavirus,29866,USA: Massachusetts,MA,Homo sapiens,oronasopharynx,3/25/2020
MT520185,2020-06-04T00:00:00Z,Severe acute respiratory syndrome-related coronavirus,29841,USA: Massachusetts,MA,Homo sapiens,oronasopharynx,3/27/2020
MT520186,2020-06-04T00:00:00Z,Severe acute respiratory syndrome-related coronavirus,29830,USA: Massachusetts,MA,Homo sapiens,oronasopharynx,3/25/2020
MT520187,2020-06-04T00:00:00Z,Severe acute respiratory syndrome-related coronavirus,29891,USA: Massachusetts,MA,Homo sapiens,oronasopharynx,4/7/2020
MT520188,2020-06-04T00:00:00Z,Severe acute respiratory syndrome-related coronavirus,29844,USA: Massachusetts,MA,Homo sapiens,oronasopharynx,3/27/2020
MT520189,2020-06-04T00:00:00Z,Severe acute respiratory syndrome-related coronavirus,29872,USA: Massachusetts,MA,Homo sapiens,oronasopharynx,3/26/2020
MT520190,2020-06-04T00:00:00Z,Severe acute respiratory syndrome-related coronavirus,29758,USA: Massachusetts,MA,Homo sapiens,oronasopharynx,3/28/2020
MT520191,2020-06-04T00:00:00Z,Severe acute respiratory syndrome-related coronavirus,29860,USA: Massachusetts,MA,Homo sapiens,oronasopharynx,3/4/2020
MT520192,2020-06-04T00:00:00Z,Severe acute respiratory syndrome-related coronavirus,29856,USA: Massachusetts,MA,Homo sapiens,oronasopharynx,3/7/2020
MT520193,2020-06-04T00:00:00Z,Severe acute respiratory syndrome-related coronavirus,29853,USA: Massachusetts,MA,Homo sapiens,oronasopharynx,3/22/2020
MT520194,2020-06-04T00:00:00Z,Severe acute respiratory syndrome-related coronavirus,29864,USA: Massachusetts,MA,Homo sapiens,oronasopharynx,3/25/2020
MT520195,2020-06-04T00:00:00Z,Severe acute respiratory syndrome-related coronavirus,29848,USA: Massachusetts,MA,Homo sapiens,oronasopharynx,4/1/2020
MT520196,2020-06-04T00:00:00Z,Severe acute respiratory syndrome-related coronavirus,29825,USA: Massachusetts,MA,Homo sapiens,oronasopharynx,4/6/2020
MT520197,2020-06-04T00:00:00Z,Severe acute respiratory syndrome-related coronavirus,29897,USA: Massachusetts,MA,Homo sapiens,oronasopharynx,3/25/2020
MT520198,2020-06-04T00:00:00Z,Severe acute respiratory syndrome-related coronavirus,29856,USA: Massachusetts,MA,Homo sapiens,oronasopharynx,4/8/2020
MT520199,2020-06-04T00:00:00Z,Severe acute respiratory syndrome-related coronavirus,29851,USA: Massachusetts,MA,Homo sapiens,oronasopharynx,3/26/2020
MT520200,2020-06-04T00:00:00Z,Severe acute respiratory syndrome-related coronavirus,29861,USA: Massachusetts,MA,Homo sapiens,oronasopharynx,3/22/2020
MT520201,2020-06-04T00:00:00Z,Severe acute respiratory syndrome-related coronavirus,29869,USA: Massachusetts,MA,Homo sapiens,oronasopharynx,3/25/2020
MT520202,2020-06-04T00:00:00Z,Severe acute respiratory syndrome-related coronavirus,29687,USA: Massachusetts,MA,Homo sapiens,oronasopharynx,4/6/2020
MT520203,2020-06-04T00:00:00Z,Severe acute respiratory syndrome-related coronavirus,29864,USA: Massachusetts,MA,Homo sapiens,oronasopharynx,3/25/2020
MT520204,2020-06-04T00:00:00Z,Severe acute respiratory syndrome-related coronavirus,29862,USA: Massachusetts,MA,Homo sapiens,oronasopharynx,3/28/2020
MT520205,2020-06-04T00:00:00Z,Severe acute respiratory syndrome-related coronavirus,29760,USA: Massachusetts,MA,Homo sapiens,oronasopharynx,4/7/2020
MT520206,2020-06-04T00:00:00Z,Severe acute respiratory syndrome-related coronavirus,29849,USA: Massachusetts,MA,Homo sapiens,oronasopharynx,4/1/2020
MT520207,2020-06-04T00:00:00Z,Severe acute respiratory syndrome-related coronavirus,29865,USA: Massachusetts,MA,Homo sapiens,oronasopharynx,4/6/2020
MT520208,2020-06-04T00:00:00Z,Severe acute respiratory syndrome-related coronavirus,29799,USA: Massachusetts,MA,Homo sapiens,oronasopharynx,4/1/2020
MT520209,2020-06-04T00:00:00Z,Severe acute respiratory syndrome-related coronavirus,29851,USA: Massachusetts,MA,Homo sapiens,oronasopharynx,3/28/2020
MT520210,2020-06-04T00:00:00Z,Severe acute respiratory syndrome-related coronavirus,29841,USA: Massachusetts,MA,Homo sapiens,oronasopharynx,4/3/2020
MT520211,2020-06-04T00:00:00Z,Severe acute respiratory syndrome-related coronavirus,29667,USA: Massachusetts,MA,Homo sapiens,oronasopharynx,3/24/2020
MT520212,2020-06-04T00:00:00Z,Severe acute respiratory syndrome-related coronavirus,29864,USA: Massachusetts,MA,Homo sapiens,oronasopharynx,3/28/2020
MT520213,2020-06-04T00:00:00Z,Severe acute respiratory syndrome-related coronavirus,29824,USA: Massachusetts,MA,Homo sapiens,oronasopharynx,3/20/2020
MT520214,2020-06-04T00:00:00Z,Severe acute respiratory syndrome-related coronavirus,29850,USA: Massachusetts,MA,Homo sapiens,oronasopharynx,4/2/2020
MT520215,2020-06-04T00:00:00Z,Severe acute respiratory syndrome-related coronavirus,29849,USA: Massachusetts,MA,Homo sapiens,oronasopharynx,3/22/2020
MT520216,2020-06-04T00:00:00Z,Severe acute respiratory syndrome-related coronavirus,29848,USA: Massachusetts,MA,Homo sapiens,oronasopharynx,4/1/2020
MT520217,2020-06-04T00:00:00Z,Severe acute respiratory syndrome-related coronavirus,29871,USA: Massachusetts,MA,Homo sapiens,oronasopharynx,3/27/2020
MT520218,2020-06-04T00:00:00Z,Severe acute respiratory syndrome-related coronavirus,29875,USA: Massachusetts,MA,Homo sapiens,oronasopharynx,3/25/2020
MT520219,2020-06-04T00:00:00Z,Severe acute respiratory syndrome-related coronavirus,29850,USA: Massachusetts,MA,Homo sapiens,oronasopharynx,4/1/2020
MT520220,2020-06-04T00:00:00Z,Severe acute respiratory syndrome-related coronavirus,29898,USA: Massachusetts,MA,Homo sapiens,oronasopharynx,3/24/2020
MT520221,2020-06-04T00:00:00Z,Severe acute respiratory syndrome-related coronavirus,29848,USA: Massachusetts,MA,Homo sapiens,oronasopharynx,3/21/2020
MT520222,2020-06-04T00:00:00Z,Severe acute respiratory syndrome-related coronavirus,29844,USA: Massachusetts,MA,Homo sapiens,oronasopharynx,4/6/2020
MT520223,2020-06-04T00:00:00Z,Severe acute respiratory syndrome-related coronavirus,29855,USA: Massachusetts,MA,Homo sapiens,oronasopharynx,4/1/2020
MT520224,2020-06-04T00:00:00Z,Severe acute respiratory syndrome-related coronavirus,29864,USA: Massachusetts,MA,Homo sapiens,oronasopharynx,3/24/2020
MT520225,2020-06-04T00:00:00Z,Severe acute respiratory syndrome-related coronavirus,29836,USA: Massachusetts,MA,Homo sapiens,oronasopharynx,3/26/2020
MT520226,2020-06-04T00:00:00Z,Severe acute respiratory syndrome-related coronavirus,29703,USA: Massachusetts,MA,Homo sapiens,oronasopharynx,4/1/2020
MT520227,2020-06-04T00:00:00Z,Severe acute respiratory syndrome-related coronavirus,29751,USA: Massachusetts,MA,Homo sapiens,oronasopharynx,4/4/2020
MT520228,2020-06-04T00:00:00Z,Severe acute respiratory syndrome-related coronavirus,29842,USA: Massachusetts,MA,Homo sapiens,oronasopharynx,4/6/2020
MT520229,2020-06-04T00:00:00Z,Severe acute respiratory syndrome-related coronavirus,29832,USA: Massachusetts,MA,Homo sapiens,oronasopharynx,3/23/2020
MT520230,2020-06-04T00:00:00Z,Severe acute respiratory syndrome-related coronavirus,29852,USA: Massachusetts,MA,Homo sapiens,oronasopharynx,4/1/2020
MT520231,2020-06-04T00:00:00Z,Severe acute respiratory syndrome-related coronavirus,29870,USA: Massachusetts,MA,Homo sapiens,oronasopharynx,3/27/2020
MT520232,2020-06-04T00:00:00Z,Severe acute respiratory syndrome-related coronavirus,29840,USA: Massachusetts,MA,Homo sapiens,oronasopharynx,4/1/2020
MT520233,2020-06-04T00:00:00Z,Severe acute respiratory syndrome-related coronavirus,29815,USA: Massachusetts,MA,Homo sapiens,oronasopharynx,3/7/2020
MT520234,2020-06-04T00:00:00Z,Severe acute respiratory syndrome-related coronavirus,29855,USA: Massachusetts,MA,Homo sapiens,oronasopharynx,4/4/2020
MT520235,2020-06-04T00:00:00Z,Severe acute respiratory syndrome-related coronavirus,29851,USA: Massachusetts,MA,Homo sapiens,oronasopharynx,4/1/2020
MT520236,2020-06-04T00:00:00Z,Severe acute respiratory syndrome-related coronavirus,29872,USA: Massachusetts,MA,Homo sapiens,oronasopharynx,3/28/2020
MT520237,2020-06-04T00:00:00Z,Severe acute respiratory syndrome-related coronavirus,29891,USA: Massachusetts,MA,Homo sapiens,oronasopharynx,4/6/2020
MT520238,2020-06-04T00:00:00Z,Severe acute respiratory syndrome-related coronavirus,29830,USA: Massachusetts,MA,Homo sapiens,oronasopharynx,3/28/2020
MT520239,2020-06-04T00:00:00Z,Severe acute respiratory syndrome-related coronavirus,29841,USA: Massachusetts,MA,Homo sapiens,oronasopharynx,4/1/2020
MT520240,2020-06-04T00:00:00Z,Severe acute respiratory syndrome-related coronavirus,29846,USA: Massachusetts,MA,Homo sapiens,oronasopharynx,4/4/2020
MT520241,2020-06-04T00:00:00Z,Severe acute respiratory syndrome-related coronavirus,29813,USA: Massachusetts,MA,Homo sapiens,oronasopharynx,3/22/2020
MT520242,2020-06-04T00:00:00Z,Severe acute respiratory syndrome-related coronavirus,29712,USA: Massachusetts,MA,Homo sapiens,oronasopharynx,3/20/2020
MT520243,2020-06-04T00:00:00Z,Severe acute respiratory syndrome-related coronavirus,29804,USA: Massachusetts,MA,Homo sapiens,oronasopharynx,4/4/2020
MT520244,2020-06-04T00:00:00Z,Severe acute respiratory syndrome-related coronavirus,29859,USA: Massachusetts,MA,Homo sapiens,oronasopharynx,4/1/2020
MT520245,2020-06-04T00:00:00Z,Severe acute respiratory syndrome-related coronavirus,29877,USA: Massachusetts,MA,Homo sapiens,oronasopharynx,3/26/2020
MT520246,2020-06-04T00:00:00Z,Severe acute respiratory syndrome-related coronavirus,29853,USA: Massachusetts,MA,Homo sapiens,oronasopharynx,4/1/2020
MT520247,2020-06-04T00:00:00Z,Severe acute respiratory syndrome-related coronavirus,29857,USA: Massachusetts,MA,Homo sapiens,oronasopharynx,4/1/2020
MT520248,2020-06-04T00:00:00Z,Severe acute respiratory syndrome-related coronavirus,29834,USA: Massachusetts,MA,Homo sapiens,oronasopharynx,4/6/2020
MT520249,2020-06-04T00:00:00Z,Severe acute respiratory syndrome-related coronavirus,29852,USA: Massachusetts,MA,Homo sapiens,oronasopharynx,3/23/2020
MT520250,2020-06-04T00:00:00Z,Severe acute respiratory syndrome-related coronavirus,29815,USA: Massachusetts,MA,Homo sapiens,oronasopharynx,3/25/2020
MT520251,2020-06-04T00:00:00Z,Severe acute respiratory syndrome-related coronavirus,29865,USA: Massachusetts,MA,Homo sapiens,oronasopharynx,4/4/2020
MT520252,2020-06-04T00:00:00Z,Severe acute respiratory syndrome-related coronavirus,29855,USA: Massachusetts,MA,Homo sapiens,oronasopharynx,4/4/2020
MT520253,2020-06-04T00:00:00Z,Severe acute respiratory syndrome-related coronavirus,29794,USA: Massachusetts,MA,Homo sapiens,oronasopharynx,3/18/2020
MT520254,2020-06-04T00:00:00Z,Severe acute respiratory syndrome-related coronavirus,29797,USA: Massachusetts,MA,Homo sapiens,oronasopharynx,3/26/2020
MT520255,2020-06-04T00:00:00Z,Severe acute respiratory syndrome-related coronavirus,29865,USA: Massachusetts,MA,Homo sapiens,oronasopharynx,3/22/2020
MT520256,2020-06-04T00:00:00Z,Severe acute respiratory syndrome-related coronavirus,29834,USA: Massachusetts,MA,Homo sapiens,oronasopharynx,4/1/2020
MT520257,2020-06-04T00:00:00Z,Severe acute respiratory syndrome-related coronavirus,29813,USA: Massachusetts,MA,Homo sapiens,oronasopharynx,3/19/2020
MT520258,2020-06-04T00:00:00Z,Severe acute respiratory syndrome-related coronavirus,29880,USA: Massachusetts,MA,Homo sapiens,oronasopharynx,3/26/2020
MT520259,2020-06-04T00:00:00Z,Severe acute respiratory syndrome-related coronavirus,29834,USA: Massachusetts,MA,Homo sapiens,oronasopharynx,3/25/2020
MT520260,2020-06-04T00:00:00Z,Severe acute respiratory syndrome-related coronavirus,29841,USA: Massachusetts,MA,Homo sapiens,oronasopharynx,3/27/2020
MT520261,2020-06-04T00:00:00Z,Severe acute respiratory syndrome-related coronavirus,29852,USA: Massachusetts,MA,Homo sapiens,oronasopharynx,3/22/2020
MT520262,2020-06-04T00:00:00Z,Severe acute respiratory syndrome-related coronavirus,29864,USA: Massachusetts,MA,Homo sapiens,oronasopharynx,4/6/2020
MT520263,2020-06-04T00:00:00Z,Severe acute respiratory syndrome-related coronavirus,29849,USA: Massachusetts,MA,Homo sapiens,oronasopharynx,4/6/2020
MT520264,2020-06-04T00:00:00Z,Severe acute respiratory syndrome-related coronavirus,29862,USA: Massachusetts,MA,Homo sapiens,oronasopharynx,4/2/2020
MT520265,2020-06-04T00:00:00Z,Severe acute respiratory syndrome-related coronavirus,29842,USA: Massachusetts,MA,Homo sapiens,oronasopharynx,4/4/2020
MT520266,2020-06-04T00:00:00Z,Severe acute respiratory syndrome-related coronavirus,29881,USA: Massachusetts,MA,Homo sapiens,oronasopharynx,4/6/2020
MT520267,2020-06-04T00:00:00Z,Severe acute respiratory syndrome-related coronavirus,29814,USA: Massachusetts,MA,Homo sapiens,oronasopharynx,3/28/2020
MT520268,2020-06-04T00:00:00Z,Severe acute respiratory syndrome-related coronavirus,29684,USA: Massachusetts,MA,Homo sapiens,oronasopharynx,4/1/2020
MT520269,2020-06-04T00:00:00Z,Severe acute respiratory syndrome-related coronavirus,29772,USA: Massachusetts,MA,Homo sapiens,oronasopharynx,3/28/2020
MT520270,2020-06-04T00:00:00Z,Severe acute respiratory syndrome-related coronavirus,29840,USA: Massachusetts,MA,Homo sapiens,oronasopharynx,4/1/2020
MT520271,2020-06-04T00:00:00Z,Severe acute respiratory syndrome-related coronavirus,29813,USA: Massachusetts,MA,Homo sapiens,oronasopharynx,4/1/2020
MT520272,2020-06-04T00:00:00Z,Severe acute respiratory syndrome-related coronavirus,29871,USA: Massachusetts,MA,Homo sapiens,oronasopharynx,4/2/2020
MT520273,2020-06-04T00:00:00Z,Severe acute respiratory syndrome-related coronavirus,29861,USA: Massachusetts,MA,Homo sapiens,oronasopharynx,4/1/2020
MT520274,2020-06-04T00:00:00Z,Severe acute respiratory syndrome-related coronavirus,29749,USA: Massachusetts,MA,Homo sapiens,oronasopharynx,3/26/2020
MT520275,2020-06-04T00:00:00Z,Severe acute respiratory syndrome-related coronavirus,29725,USA: Massachusetts,MA,Homo sapiens,oronasopharynx,3/25/2020
MT520276,2020-06-04T00:00:00Z,Severe acute respiratory syndrome-related coronavirus,29873,USA: Massachusetts,MA,Homo sapiens,oronasopharynx,4/4/2020
MT520277,2020-06-04T00:00:00Z,Severe acute respiratory syndrome-related coronavirus,29893,USA: Massachusetts,MA,Homo sapiens,oronasopharynx,3/25/2020
MT520278,2020-06-04T00:00:00Z,Severe acute respiratory syndrome-related coronavirus,29879,USA: Massachusetts,MA,Homo sapiens,oronasopharynx,3/26/2020
MT520279,2020-06-04T00:00:00Z,Severe acute respiratory syndrome-related coronavirus,29861,USA: Massachusetts,MA,Homo sapiens,oronasopharynx,3/27/2020
MT520280,2020-06-04T00:00:00Z,Severe acute respiratory syndrome-related coronavirus,29825,USA: Massachusetts,MA,Homo sapiens,oronasopharynx,3/28/2020
MT520281,2020-06-04T00:00:00Z,Severe acute respiratory syndrome-related coronavirus,29848,USA: Massachusetts,MA,Homo sapiens,oronasopharynx,3/25/2020
MT520282,2020-06-04T00:00:00Z,Severe acute respiratory syndrome-related coronavirus,29834,USA: Massachusetts,MA,Homo sapiens,oronasopharynx,3/5/2020
MT520283,2020-06-04T00:00:00Z,Severe acute respiratory syndrome-related coronavirus,29863,USA: Massachusetts,MA,Homo sapiens,oronasopharynx,4/4/2020
MT520284,2020-06-04T00:00:00Z,Severe acute respiratory syndrome-related coronavirus,29876,USA: Massachusetts,MA,Homo sapiens,oronasopharynx,3/26/2020
MT520285,2020-06-04T00:00:00Z,Severe acute respiratory syndrome-related coronavirus,29873,USA: Massachusetts,MA,Homo sapiens,oronasopharynx,4/1/2020
MT520286,2020-06-04T00:00:00Z,Severe acute respiratory syndrome-related coronavirus,29791,USA: Massachusetts,MA,Homo sapiens,oronasopharynx,3/17/2020
MT520287,2020-06-04T00:00:00Z,Severe acute respiratory syndrome-related coronavirus,29836,USA: Massachusetts,MA,Homo sapiens,oronasopharynx,3/7/2020
MT520288,2020-06-04T00:00:00Z,Severe acute respiratory syndrome-related coronavirus,29860,USA: Massachusetts,MA,Homo sapiens,oronasopharynx,4/6/2020
MT520289,2020-06-04T00:00:00Z,Severe acute respiratory syndrome-related coronavirus,29869,USA: Massachusetts,MA,Homo sapiens,oronasopharynx,3/24/2020
MT520290,2020-06-04T00:00:00Z,Severe acute respiratory syndrome-related coronavirus,29828,USA: Massachusetts,MA,Homo sapiens,oronasopharynx,4/6/2020
MT520291,2020-06-04T00:00:00Z,Severe acute respiratory syndrome-related coronavirus,29813,USA: Massachusetts,MA,Homo sapiens,oronasopharynx,3/19/2020
MT520292,2020-06-04T00:00:00Z,Severe acute respiratory syndrome-related coronavirus,29854,USA: Massachusetts,MA,Homo sapiens,oronasopharynx,4/3/2020
MT520293,2020-06-04T00:00:00Z,Severe acute respiratory syndrome-related coronavirus,29718,USA: Massachusetts,MA,Homo sapiens,oronasopharynx,3/25/2020
MT520294,2020-06-04T00:00:00Z,Severe acute respiratory syndrome-related coronavirus,29681,USA: Massachusetts,MA,Homo sapiens,oronasopharynx,3/25/2020
MT520295,2020-06-04T00:00:00Z,Severe acute respiratory syndrome-related coronavirus,29780,USA: Massachusetts,MA,Homo sapiens,oronasopharynx,4/4/2020
MT520296,2020-06-04T00:00:00Z,Severe acute respiratory syndrome-related coronavirus,29866,USA: Massachusetts,MA,Homo sapiens,oronasopharynx,3/26/2020
MT520297,2020-06-04T00:00:00Z,Severe acute respiratory syndrome-related coronavirus,29688,USA: Massachusetts,MA,Homo sapiens,oronasopharynx,3/23/2020
MT520298,2020-06-04T00:00:00Z,Severe acute respiratory syndrome-related coronavirus,29833,USA: Massachusetts,MA,Homo sapiens,oronasopharynx,4/4/2020
MT520299,2020-06-04T00:00:00Z,Severe acute respiratory syndrome-related coronavirus,29836,USA: Massachusetts,MA,Homo sapiens,oronasopharynx,3/16/2020
MT520300,2020-06-04T00:00:00Z,Severe acute respiratory syndrome-related coronavirus,29842,USA: Massachusetts,MA,Homo sapiens,oronasopharynx,4/4/2020
MT520301,2020-06-04T00:00:00Z,Severe acute respiratory syndrome-related coronavirus,29859,USA: Massachusetts,MA,Homo sapiens,oronasopharynx,4/4/2020
MT520302,2020-06-04T00:00:00Z,Severe acute respiratory syndrome-related coronavirus,29841,USA: Massachusetts,MA,Homo sapiens,oronasopharynx,4/4/2020
MT520303,2020-06-04T00:00:00Z,Severe acute respiratory syndrome-related coronavirus,29651,USA: Massachusetts,MA,Homo sapiens,oronasopharynx,3/7/2020
MT520304,2020-06-04T00:00:00Z,Severe acute respiratory syndrome-related coronavirus,29870,USA: Massachusetts,MA,Homo sapiens,oronasopharynx,3/27/2020
MT520305,2020-06-04T00:00:00Z,Severe acute respiratory syndrome-related coronavirus,29857,USA: Massachusetts,MA,Homo sapiens,oronasopharynx,4/4/2020
MT520306,2020-06-04T00:00:00Z,Severe acute respiratory syndrome-related coronavirus,29807,USA: Massachusetts,MA,Homo sapiens,oronasopharynx,3/22/2020
MT520307,2020-06-04T00:00:00Z,Severe acute respiratory syndrome-related coronavirus,29846,USA: Massachusetts,MA,Homo sapiens,oronasopharynx,3/22/2020
MT520308,2020-06-04T00:00:00Z,Severe acute respiratory syndrome-related coronavirus,29870,USA: Massachusetts,MA,Homo sapiens,oronasopharynx,4/6/2020
MT520309,2020-06-04T00:00:00Z,Severe acute respiratory syndrome-related coronavirus,29853,USA: Massachusetts,MA,Homo sapiens,oronasopharynx,4/1/2020
MT520310,2020-06-04T00:00:00Z,Severe acute respiratory syndrome-related coronavirus,29844,USA: Massachusetts,MA,Homo sapiens,oronasopharynx,3/7/2020
MT520311,2020-06-04T00:00:00Z,Severe acute respiratory syndrome-related coronavirus,29792,USA: Massachusetts,MA,Homo sapiens,oronasopharynx,3/26/2020
MT520312,2020-06-04T00:00:00Z,Severe acute respiratory syndrome-related coronavirus,29843,USA: Massachusetts,MA,Homo sapiens,oronasopharynx,4/6/2020
MT520313,2020-06-04T00:00:00Z,Severe acute respiratory syndrome-related coronavirus,29874,USA: Massachusetts,MA,Homo sapiens,oronasopharynx,3/26/2020
MT520314,2020-06-04T00:00:00Z,Severe acute respiratory syndrome-related coronavirus,29870,USA: Massachusetts,MA,Homo sapiens,oronasopharynx,3/7/2020
MT520315,2020-06-04T00:00:00Z,Severe acute respiratory syndrome-related coronavirus,29901,USA: Massachusetts,MA,Homo sapiens,oronasopharynx,3/24/2020
MT520316,2020-06-04T00:00:00Z,Severe acute respiratory syndrome-related coronavirus,29851,USA: Massachusetts,MA,Homo sapiens,oronasopharynx,3/7/2020
MT520317,2020-06-04T00:00:00Z,Severe acute respiratory syndrome-related coronavirus,29840,USA: Massachusetts,MA,Homo sapiens,oronasopharynx,3/27/2020
MT520318,2020-06-04T00:00:00Z,Severe acute respiratory syndrome-related coronavirus,29834,USA: Massachusetts,MA,Homo sapiens,oronasopharynx,4/1/2020
MT520319,2020-06-04T00:00:00Z,Severe acute respiratory syndrome-related coronavirus,29865,USA: Massachusetts,MA,Homo sapiens,oronasopharynx,4/4/2020
MT520320,2020-06-04T00:00:00Z,Severe acute respiratory syndrome-related coronavirus,29869,USA: Massachusetts,MA,Homo sapiens,oronasopharynx,3/7/2020
MT520321,2020-06-04T00:00:00Z,Severe acute respiratory syndrome-related coronavirus,29813,USA: Massachusetts,MA,Homo sapiens,oronasopharynx,4/8/2020
MT520322,2020-06-04T00:00:00Z,Severe acute respiratory syndrome-related coronavirus,29749,USA: Massachusetts,MA,Homo sapiens,oronasopharynx,3/27/2020
MT520323,2020-06-04T00:00:00Z,Severe acute respiratory syndrome-related coronavirus,29836,USA: Massachusetts,MA,Homo sapiens,oronasopharynx,4/3/2020
MT520324,2020-06-04T00:00:00Z,Severe acute respiratory syndrome-related coronavirus,29834,USA: Massachusetts,MA,Homo sapiens,oronasopharynx,4/1/2020
MT520325,2020-06-04T00:00:00Z,Severe acute respiratory syndrome-related coronavirus,29885,USA: Massachusetts,MA,Homo sapiens,oronasopharynx,3/4/2020
MT520326,2020-06-04T00:00:00Z,Severe acute respiratory syndrome-related coronavirus,29665,USA: Massachusetts,MA,Homo sapiens,oronasopharynx,3/24/2020
MT520327,2020-06-04T00:00:00Z,Severe acute respiratory syndrome-related coronavirus,29851,USA: Massachusetts,MA,Homo sapiens,oronasopharynx,3/8/2020
MT520328,2020-06-04T00:00:00Z,Severe acute respiratory syndrome-related coronavirus,29849,USA: Massachusetts,MA,Homo sapiens,oronasopharynx,3/13/2020
MT520329,2020-06-04T00:00:00Z,Severe acute respiratory syndrome-related coronavirus,29830,USA: Massachusetts,MA,Homo sapiens,oronasopharynx,4/2/2020
MT520330,2020-06-04T00:00:00Z,Severe acute respiratory syndrome-related coronavirus,29839,USA: Massachusetts,MA,Homo sapiens,oronasopharynx,4/1/2020
MT520331,2020-06-04T00:00:00Z,Severe acute respiratory syndrome-related coronavirus,29859,USA: Massachusetts,MA,Homo sapiens,oronasopharynx,4/3/2020
MT520332,2020-06-04T00:00:00Z,Severe acute respiratory syndrome-related coronavirus,29876,USA: Massachusetts,MA,Homo sapiens,oronasopharynx,4/6/2020
MT520333,2020-06-04T00:00:00Z,Severe acute respiratory syndrome-related coronavirus,29804,USA: Massachusetts,MA,Homo sapiens,oronasopharynx,3/27/2020
MT520334,2020-06-04T00:00:00Z,Severe acute respiratory syndrome-related coronavirus,29767,USA: Massachusetts,MA,Homo sapiens,oronasopharynx,4/6/2020
MT520335,2020-06-04T00:00:00Z,Severe acute respiratory syndrome-related coronavirus,29665,USA: Massachusetts,MA,Homo sapiens,oronasopharynx,4/1/2020
MT520336,2020-06-04T00:00:00Z,Severe acute respiratory syndrome-related coronavirus,29874,USA: Massachusetts,MA,Homo sapiens,oronasopharynx,3/26/2020
MT520337,2020-06-04T00:00:00Z,Severe acute respiratory syndrome-related coronavirus,29875,USA: Massachusetts,MA,Homo sapiens,oronasopharynx,3/18/2020
MT520338,2020-06-04T00:00:00Z,Severe acute respiratory syndrome-related coronavirus,29874,USA: Massachusetts,MA,Homo sapiens,oronasopharynx,3/26/2020
MT520339,2020-06-04T00:00:00Z,Severe acute respiratory syndrome-related coronavirus,29835,USA: Massachusetts,MA,Homo sapiens,oronasopharynx,3/23/2020
MT520340,2020-06-04T00:00:00Z,Severe acute respiratory syndrome-related coronavirus,29842,USA: Massachusetts,MA,Homo sapiens,oronasopharynx,4/1/2020
MT520341,2020-06-04T00:00:00Z,Severe acute respiratory syndrome-related coronavirus,29831,USA: Massachusetts,MA,Homo sapiens,oronasopharynx,3/7/2020
MT520342,2020-06-04T00:00:00Z,Severe acute respiratory syndrome-related coronavirus,29840,USA: Massachusetts,MA,Homo sapiens,oronasopharynx,3/22/2020
MT520343,2020-06-04T00:00:00Z,Severe acute respiratory syndrome-related coronavirus,29871,USA: Massachusetts,MA,Homo sapiens,oronasopharynx,4/6/2020
MT520344,2020-06-04T00:00:00Z,Severe acute respiratory syndrome-related coronavirus,29836,USA: Massachusetts,MA,Homo sapiens,oronasopharynx,3/29/2020
MT520345,2020-06-04T00:00:00Z,Severe acute respiratory syndrome-related coronavirus,29816,USA: Massachusetts,MA,Homo sapiens,oronasopharynx,3/28/2020
MT520346,2020-06-04T00:00:00Z,Severe acute respiratory syndrome-related coronavirus,29902,USA: Massachusetts,MA,Homo sapiens,oronasopharynx,3/23/2020
MT520347,2020-06-04T00:00:00Z,Severe acute respiratory syndrome-related coronavirus,29831,USA: Massachusetts,MA,Homo sapiens,oronasopharynx,4/4/2020
MT520348,2020-06-04T00:00:00Z,Severe acute respiratory syndrome-related coronavirus,29818,USA: Massachusetts,MA,Homo sapiens,oronasopharynx,3/28/2020
MT520349,2020-06-04T00:00:00Z,Severe acute respiratory syndrome-related coronavirus,29840,USA: Massachusetts,MA,Homo sapiens,oronasopharynx,4/1/2020
MT520350,2020-06-04T00:00:00Z,Severe acute respiratory syndrome-related coronavirus,29830,USA: Massachusetts,MA,Homo sapiens,oronasopharynx,3/19/2020
MT520351,2020-06-04T00:00:00Z,Severe acute respiratory syndrome-related coronavirus,29868,USA: Massachusetts,MA,Homo sapiens,oronasopharynx,3/28/2020
MT520352,2020-06-04T00:00:00Z,Severe acute respiratory syndrome-related coronavirus,29855,USA: Massachusetts,MA,Homo sapiens,oronasopharynx,4/8/2020
MT520353,2020-06-04T00:00:00Z,Severe acute respiratory syndrome-related coronavirus,29897,USA: Massachusetts,MA,Homo sapiens,oronasopharynx,4/8/2020
MT520354,2020-06-04T00:00:00Z,Severe acute respiratory syndrome-related coronavirus,29782,USA: Massachusetts,MA,Homo sapiens,oronasopharynx,3/28/2020
MT520355,2020-06-04T00:00:00Z,Severe acute respiratory syndrome-related coronavirus,29869,USA: Massachusetts,MA,Homo sapiens,oronasopharynx,3/26/2020
MT520356,2020-06-04T00:00:00Z,Severe acute respiratory syndrome-related coronavirus,29851,USA: Massachusetts,MA,Homo sapiens,oronasopharynx,3/24/2020
MT520357,2020-06-04T00:00:00Z,Severe acute respiratory syndrome-related coronavirus,29856,USA: Massachusetts,MA,Homo sapiens,oronasopharynx,4/1/2020
MT520358,2020-06-04T00:00:00Z,Severe acute respiratory syndrome-related coronavirus,29881,USA: Massachusetts,MA,Homo sapiens,oronasopharynx,3/27/2020
MT520359,2020-06-04T00:00:00Z,Severe acute respiratory syndrome-related coronavirus,29840,USA: Massachusetts,MA,Homo sapiens,oronasopharynx,4/4/2020
MT520360,2020-06-04T00:00:00Z,Severe acute respiratory syndrome-related coronavirus,29838,USA: Massachusetts,MA,Homo sapiens,oronasopharynx,3/22/2020
MT520361,2020-06-04T00:00:00Z,Severe acute respiratory syndrome-related coronavirus,29870,USA: Massachusetts,MA,Homo sapiens,oronasopharynx,3/27/2020
MT520362,2020-06-04T00:00:00Z,Severe acute respiratory syndrome-related coronavirus,29699,USA: Massachusetts,MA,Homo sapiens,oronasopharynx,4/1/2020
MT520363,2020-06-04T00:00:00Z,Severe acute respiratory syndrome-related coronavirus,29877,USA: Massachusetts,MA,Homo sapiens,oronasopharynx,3/27/2020
MT520364,2020-06-04T00:00:00Z,Severe acute respiratory syndrome-related coronavirus,29869,USA: Massachusetts,MA,Homo sapiens,oronasopharynx,3/28/2020
MT520365,2020-06-04T00:00:00Z,Severe acute respiratory syndrome-related coronavirus,29812,USA: Massachusetts,MA,Homo sapiens,oronasopharynx,3/26/2020
MT520366,2020-06-04T00:00:00Z,Severe acute respiratory syndrome-related coronavirus,29869,USA: Massachusetts,MA,Homo sapiens,oronasopharynx,3/23/2020
MT520367,2020-06-04T00:00:00Z,Severe acute respiratory syndrome-related coronavirus,29839,USA: Massachusetts,MA,Homo sapiens,oronasopharynx,3/25/2020
MT520368,2020-06-04T00:00:00Z,Severe acute respiratory syndrome-related coronavirus,29847,USA: Massachusetts,MA,Homo sapiens,oronasopharynx,4/6/2020
MT520369,2020-06-04T00:00:00Z,Severe acute respiratory syndrome-related coronavirus,29823,USA: Massachusetts,MA,Homo sapiens,oronasopharynx,4/1/2020
MT520370,2020-06-04T00:00:00Z,Severe acute respiratory syndrome-related coronavirus,29850,USA: Massachusetts,MA,Homo sapiens,oronasopharynx,3/28/2020
MT520371,2020-06-04T00:00:00Z,Severe acute respiratory syndrome-related coronavirus,29813,USA: Massachusetts,MA,Homo sapiens,oronasopharynx,4/4/2020
MT520372,2020-06-04T00:00:00Z,Severe acute respiratory syndrome-related coronavirus,29824,USA: Massachusetts,MA,Homo sapiens,oronasopharynx,3/25/2020
MT520373,2020-06-04T00:00:00Z,Severe acute respiratory syndrome-related coronavirus,29834,USA: Massachusetts,MA,Homo sapiens,oronasopharynx,4/2/2020
MT520374,2020-06-04T00:00:00Z,Severe acute respiratory syndrome-related coronavirus,29858,USA: Massachusetts,MA,Homo sapiens,oronasopharynx,4/6/2020
MT520375,2020-06-04T00:00:00Z,Severe acute respiratory syndrome-related coronavirus,29876,USA: Massachusetts,MA,Homo sapiens,oronasopharynx,3/7/2020
MT520376,2020-06-04T00:00:00Z,Severe acute respiratory syndrome-related coronavirus,29851,USA: Massachusetts,MA,Homo sapiens,oronasopharynx,3/26/2020
MT520377,2020-06-04T00:00:00Z,Severe acute respiratory syndrome-related coronavirus,29830,USA: Massachusetts,MA,Homo sapiens,oronasopharynx,3/25/2020
MT520378,2020-06-04T00:00:00Z,Severe acute respiratory syndrome-related coronavirus,29680,USA: Massachusetts,MA,Homo sapiens,oronasopharynx,3/24/2020
MT520379,2020-06-04T00:00:00Z,Severe acute respiratory syndrome-related coronavirus,29846,USA: Massachusetts,MA,Homo sapiens,oronasopharynx,3/26/2020
MT520380,2020-06-04T00:00:00Z,Severe acute respiratory syndrome-related coronavirus,29834,USA: Massachusetts,MA,Homo sapiens,oronasopharynx,4/6/2020
MT520381,2020-06-04T00:00:00Z,Severe acute respiratory syndrome-related coronavirus,29870,USA: Massachusetts,MA,Homo sapiens,oronasopharynx,3/27/2020
MT520382,2020-06-04T00:00:00Z,Severe acute respiratory syndrome-related coronavirus,29866,USA: Massachusetts,MA,Homo sapiens,oronasopharynx,4/4/2020
MT520383,2020-06-04T00:00:00Z,Severe acute respiratory syndrome-related coronavirus,29857,USA: Massachusetts,MA,Homo sapiens,oronasopharynx,4/1/2020
MT520384,2020-06-04T00:00:00Z,Severe acute respiratory syndrome-related coronavirus,29841,USA: Massachusetts,MA,Homo sapiens,oronasopharynx,4/5/2020
MT520385,2020-06-04T00:00:00Z,Severe acute respiratory syndrome-related coronavirus,29833,USA: Massachusetts,MA,Homo sapiens,oronasopharynx,3/25/2020
MT520386,2020-06-04T00:00:00Z,Severe acute respiratory syndrome-related coronavirus,29847,USA: Massachusetts,MA,Homo sapiens,oronasopharynx,3/9/2020
MT520387,2020-06-04T00:00:00Z,Severe acute respiratory syndrome-related coronavirus,29788,USA: Massachusetts,MA,Homo sapiens,oronasopharynx,3/23/2020
MT520388,2020-06-04T00:00:00Z,Severe acute respiratory syndrome-related coronavirus,29855,USA: Massachusetts,MA,Homo sapiens,oronasopharynx,3/7/2020
MT520389,2020-06-04T00:00:00Z,Severe acute respiratory syndrome-related coronavirus,29817,USA: Massachusetts,MA,Homo sapiens,oronasopharynx,3/28/2020
MT520390,2020-06-04T00:00:00Z,Severe acute respiratory syndrome-related coronavirus,29828,USA: Massachusetts,MA,Homo sapiens,oronasopharynx,4/8/2020
MT520391,2020-06-04T00:00:00Z,Severe acute respiratory syndrome-related coronavirus,29869,USA: Massachusetts,MA,Homo sapiens,oronasopharynx,3/22/2020
MT520392,2020-06-04T00:00:00Z,Severe acute respiratory syndrome-related coronavirus,29836,USA: Massachusetts,MA,Homo sapiens,oronasopharynx,3/28/2020
MT520393,2020-06-04T00:00:00Z,Severe acute respiratory syndrome-related coronavirus,29677,USA: Massachusetts,MA,Homo sapiens,oronasopharynx,4/5/2020
MT520394,2020-06-04T00:00:00Z,Severe acute respiratory syndrome-related coronavirus,29861,USA: Massachusetts,MA,Homo sapiens,oronasopharynx,3/25/2020
MT520395,2020-06-04T00:00:00Z,Severe acute respiratory syndrome-related coronavirus,29711,USA: Massachusetts,MA,Homo sapiens,oronasopharynx,3/25/2020
MT520396,2020-06-04T00:00:00Z,Severe acute respiratory syndrome-related coronavirus,29877,USA: Massachusetts,MA,Homo sapiens,oronasopharynx,3/7/2020
MT520397,2020-06-04T00:00:00Z,Severe acute respiratory syndrome-related coronavirus,29867,USA: Massachusetts,MA,Homo sapiens,oronasopharynx,3/27/2020
MT520398,2020-06-04T00:00:00Z,Severe acute respiratory syndrome-related coronavirus,29831,USA: Massachusetts,MA,Homo sapiens,oronasopharynx,4/8/2020
MT520399,2020-06-04T00:00:00Z,Severe acute respiratory syndrome-related coronavirus,29899,USA: Massachusetts,MA,Homo sapiens,oronasopharynx,3/23/2020
MT520400,2020-06-04T00:00:00Z,Severe acute respiratory syndrome-related coronavirus,29842,USA: Massachusetts,MA,Homo sapiens,oronasopharynx,4/6/2020
MT520401,2020-06-04T00:00:00Z,Severe acute respiratory syndrome-related coronavirus,29833,USA: Massachusetts,MA,Homo sapiens,oronasopharynx,3/24/2020
MT520402,2020-06-04T00:00:00Z,Severe acute respiratory syndrome-related coronavirus,29870,USA: Massachusetts,MA,Homo sapiens,oronasopharynx,4/3/2020
MT520403,2020-06-04T00:00:00Z,Severe acute respiratory syndrome-related coronavirus,29868,USA: Massachusetts,MA,Homo sapiens,oronasopharynx,4/4/2020
MT520404,2020-06-04T00:00:00Z,Severe acute respiratory syndrome-related coronavirus,29883,USA: Massachusetts,MA,Homo sapiens,oronasopharynx,3/27/2020
MT520405,2020-06-04T00:00:00Z,Severe acute respiratory syndrome-related coronavirus,29849,USA: Massachusetts,MA,Homo sapiens,oronasopharynx,4/2/2020
MT520406,2020-06-04T00:00:00Z,Severe acute respiratory syndrome-related coronavirus,29834,USA: Massachusetts,MA,Homo sapiens,oronasopharynx,3/26/2020
MT520407,2020-06-04T00:00:00Z,Severe acute respiratory syndrome-related coronavirus,29803,USA: Massachusetts,MA,Homo sapiens,oronasopharynx,4/6/2020
MT520408,2020-06-04T00:00:00Z,Severe acute respiratory syndrome-related coronavirus,29870,USA: Massachusetts,MA,Homo sapiens,oronasopharynx,3/6/2020
MT520409,2020-06-04T00:00:00Z,Severe acute respiratory syndrome-related coronavirus,29899,USA: Massachusetts,MA,Homo sapiens,oronasopharynx,3/24/2020
MT520410,2020-06-04T00:00:00Z,Severe acute respiratory syndrome-related coronavirus,29825,USA: Massachusetts,MA,Homo sapiens,oronasopharynx,3/25/2020
MT520411,2020-06-04T00:00:00Z,Severe acute respiratory syndrome-related coronavirus,29813,USA: Massachusetts,MA,Homo sapiens,oronasopharynx,4/6/2020
MT520412,2020-06-04T00:00:00Z,Severe acute respiratory syndrome-related coronavirus,29821,USA: Massachusetts,MA,Homo sapiens,oronasopharynx,3/27/2020
MT520413,2020-06-04T00:00:00Z,Severe acute respiratory syndrome-related coronavirus,29858,USA: Massachusetts,MA,Homo sapiens,oronasopharynx,3/20/2020
MT520414,2020-06-04T00:00:00Z,Severe acute respiratory syndrome-related coronavirus,29834,USA: Massachusetts,MA,Homo sapiens,oronasopharynx,3/26/2020
MT520415,2020-06-04T00:00:00Z,Severe acute respiratory syndrome-related coronavirus,29789,USA: Massachusetts,MA,Homo sapiens,oronasopharynx,3/28/2020
MT520416,2020-06-04T00:00:00Z,Severe acute respiratory syndrome-related coronavirus,29813,USA: Massachusetts,MA,Homo sapiens,oronasopharynx,4/5/2020
MT520417,2020-06-04T00:00:00Z,Severe acute respiratory syndrome-related coronavirus,29803,USA: Massachusetts,MA,Homo sapiens,oronasopharynx,4/1/2020
MT520418,2020-06-04T00:00:00Z,Severe acute respiratory syndrome-related coronavirus,29817,USA: Massachusetts,MA,Homo sapiens,oronasopharynx,3/27/2020
MT520419,2020-06-04T00:00:00Z,Severe acute respiratory syndrome-related coronavirus,29833,USA: Massachusetts,MA,Homo sapiens,oronasopharynx,3/18/2020
MT520420,2020-06-04T00:00:00Z,Severe acute respiratory syndrome-related coronavirus,29849,USA: Massachusetts,MA,Homo sapiens,oronasopharynx,4/6/2020
MT520421,2020-06-04T00:00:00Z,Severe acute respiratory syndrome-related coronavirus,29842,USA: Massachusetts,MA,Homo sapiens,oronasopharynx,4/6/2020
MT520422,2020-06-04T00:00:00Z,Severe acute respiratory syndrome-related coronavirus,29848,USA: Massachusetts,MA,Homo sapiens,oronasopharynx,3/14/2020
MT520423,2020-06-04T00:00:00Z,Severe acute respiratory syndrome-related coronavirus,29821,USA: Massachusetts,MA,Homo sapiens,oronasopharynx,3/26/2020
MT520424,2020-06-04T00:00:00Z,Severe acute respiratory syndrome-related coronavirus,29848,USA: Massachusetts,MA,Homo sapiens,oronasopharynx,3/20/2020
MT520425,2020-06-04T00:00:00Z,Severe acute respiratory syndrome-related coronavirus,29574,USA: Massachusetts,MA,Homo sapiens,oronasopharynx,3/27/2020
MT520426,2020-06-04T00:00:00Z,Severe acute respiratory syndrome-related coronavirus,29824,USA: Massachusetts,MA,Homo sapiens,oronasopharynx,4/4/2020
MT520427,2020-06-04T00:00:00Z,Severe acute respiratory syndrome-related coronavirus,29868,USA: Massachusetts,MA,Homo sapiens,oronasopharynx,4/1/2020
MT520428,2020-06-04T00:00:00Z,Severe acute respiratory syndrome-related coronavirus,29869,USA: Massachusetts,MA,Homo sapiens,oronasopharynx,3/7/2020
MT520429,2020-06-04T00:00:00Z,Severe acute respiratory syndrome-related coronavirus,29853,USA: Massachusetts,MA,Homo sapiens,oronasopharynx,3/8/2020
MT520430,2020-06-04T00:00:00Z,Severe acute respiratory syndrome-related coronavirus,29789,USA: Massachusetts,MA,Homo sapiens,oronasopharynx,3/26/2020
MT520431,2020-06-04T00:00:00Z,Severe acute respiratory syndrome-related coronavirus,29833,USA: Massachusetts,MA,Homo sapiens,oronasopharynx,4/4/2020
MT520432,2020-06-04T00:00:00Z,Severe acute respiratory syndrome-related coronavirus,29849,USA: Massachusetts,MA,Homo sapiens,oronasopharynx,4/6/2020
MT520433,2020-06-04T00:00:00Z,Severe acute respiratory syndrome-related coronavirus,29848,USA: Massachusetts,MA,Homo sapiens,oronasopharynx,4/6/2020
MT520434,2020-06-04T00:00:00Z,Severe acute respiratory syndrome-related coronavirus,29830,USA: Massachusetts,MA,Homo sapiens,oronasopharynx,3/26/2020
MT520435,2020-06-04T00:00:00Z,Severe acute respiratory syndrome-related coronavirus,29836,USA: Massachusetts,MA,Homo sapiens,oronasopharynx,4/6/2020
MT520436,2020-06-04T00:00:00Z,Severe acute respiratory syndrome-related coronavirus,29871,USA: Massachusetts,MA,Homo sapiens,oronasopharynx,4/4/2020
MT520437,2020-06-04T00:00:00Z,Severe acute respiratory syndrome-related coronavirus,29839,USA: Massachusetts,MA,Homo sapiens,oronasopharynx,3/27/2020
MT520438,2020-06-04T00:00:00Z,Severe acute respiratory syndrome-related coronavirus,29745,USA: Massachusetts,MA,Homo sapiens,oronasopharynx,3/20/2020
MT520439,2020-06-04T00:00:00Z,Severe acute respiratory syndrome-related coronavirus,29872,USA: Massachusetts,MA,Homo sapiens,oronasopharynx,3/25/2020
MT520440,2020-06-04T00:00:00Z,Severe acute respiratory syndrome-related coronavirus,29855,USA: Massachusetts,MA,Homo sapiens,oronasopharynx,4/6/2020
MT520441,2020-06-04T00:00:00Z,Severe acute respiratory syndrome-related coronavirus,29864,USA: Massachusetts,MA,Homo sapiens,oronasopharynx,3/7/2020
MT520442,2020-06-04T00:00:00Z,Severe acute respiratory syndrome-related coronavirus,29764,USA: Massachusetts,MA,Homo sapiens,oronasopharynx,3/26/2020
MT520443,2020-06-04T00:00:00Z,Severe acute respiratory syndrome-related coronavirus,29828,USA: Massachusetts,MA,Homo sapiens,oronasopharynx,3/26/2020
MT520444,2020-06-04T00:00:00Z,Severe acute respiratory syndrome-related coronavirus,29854,USA: Massachusetts,MA,Homo sapiens,oronasopharynx,3/25/2020
MT520445,2020-06-04T00:00:00Z,Severe acute respiratory syndrome-related coronavirus,29812,USA: Massachusetts,MA,Homo sapiens,oronasopharynx,4/6/2020
MT520446,2020-06-04T00:00:00Z,Severe acute respiratory syndrome-related coronavirus,29864,USA: Massachusetts,MA,Homo sapiens,oronasopharynx,3/7/2020
MT520447,2020-06-04T00:00:00Z,Severe acute respiratory syndrome-related coronavirus,29889,USA: Massachusetts,MA,Homo sapiens,oronasopharynx,3/26/2020
MT520448,2020-06-04T00:00:00Z,Severe acute respiratory syndrome-related coronavirus,29837,USA: Massachusetts,MA,Homo sapiens,oronasopharynx,4/6/2020
MT520449,2020-06-04T00:00:00Z,Severe acute respiratory syndrome-related coronavirus,29730,USA: Massachusetts,MA,Homo sapiens,oronasopharynx,3/28/2020
MT520450,2020-06-04T00:00:00Z,Severe acute respiratory syndrome-related coronavirus,29716,USA: Massachusetts,MA,Homo sapiens,oronasopharynx,3/24/2020
MT520451,2020-06-04T00:00:00Z,Severe acute respiratory syndrome-related coronavirus,29882,USA: Massachusetts,MA,Homo sapiens,oronasopharynx,3/28/2020
MT520452,2020-06-04T00:00:00Z,Severe acute respiratory syndrome-related coronavirus,29813,USA: Massachusetts,MA,Homo sapiens,oronasopharynx,4/3/2020
MT520453,2020-06-04T00:00:00Z,Severe acute respiratory syndrome-related coronavirus,29838,USA: Massachusetts,MA,Homo sapiens,oronasopharynx,4/6/2020
MT520454,2020-06-04T00:00:00Z,Severe acute respiratory syndrome-related coronavirus,29857,USA: Massachusetts,MA,Homo sapiens,oronasopharynx,4/1/2020
MT520455,2020-06-04T00:00:00Z,Severe acute respiratory syndrome-related coronavirus,29812,USA: Massachusetts,MA,Homo sapiens,oronasopharynx,3/22/2020
MT520456,2020-06-04T00:00:00Z,Severe acute respiratory syndrome-related coronavirus,29719,USA: Massachusetts,MA,Homo sapiens,oronasopharynx,3/18/2020
MT520457,2020-06-04T00:00:00Z,Severe acute respiratory syndrome-related coronavirus,29864,USA: Massachusetts,MA,Homo sapiens,oronasopharynx,3/28/2020
MT520458,2020-06-04T00:00:00Z,Severe acute respiratory syndrome-related coronavirus,29892,USA: Massachusetts,MA,Homo sapiens,oronasopharynx,4/4/2020
MT520459,2020-06-04T00:00:00Z,Severe acute respiratory syndrome-related coronavirus,29847,USA: Massachusetts,MA,Homo sapiens,oronasopharynx,3/7/2020
MT520460,2020-06-04T00:00:00Z,Severe acute respiratory syndrome-related coronavirus,29844,USA: Massachusetts,MA,Homo sapiens,oronasopharynx,4/4/2020
MT520461,2020-06-04T00:00:00Z,Severe acute respiratory syndrome-related coronavirus,29858,USA: Massachusetts,MA,Homo sapiens,oronasopharynx,4/2/2020
MT520462,2020-06-04T00:00:00Z,Severe acute respiratory syndrome-related coronavirus,29759,USA: Massachusetts,MA,Homo sapiens,oronasopharynx,3/22/2020
MT520463,2020-06-04T00:00:00Z,Severe acute respiratory syndrome-related coronavirus,29802,USA: Massachusetts,MA,Homo sapiens,oronasopharynx,3/21/2020
MT520464,2020-06-04T00:00:00Z,Severe acute respiratory syndrome-related coronavirus,29842,USA: Massachusetts,MA,Homo sapiens,oronasopharynx,4/6/2020
MT520465,2020-06-04T00:00:00Z,Severe acute respiratory syndrome-related coronavirus,29839,USA: Massachusetts,MA,Homo sapiens,oronasopharynx,4/4/2020
MT520466,2020-06-04T00:00:00Z,Severe acute respiratory syndrome-related coronavirus,29851,USA: Massachusetts,MA,Homo sapiens,oronasopharynx,3/23/2020
MT520467,2020-06-04T00:00:00Z,Severe acute respiratory syndrome-related coronavirus,29890,USA: Massachusetts,MA,Homo sapiens,oronasopharynx,4/4/2020
MT520468,2020-06-04T00:00:00Z,Severe acute respiratory syndrome-related coronavirus,29696,USA: Massachusetts,MA,Homo sapiens,oronasopharynx,3/28/2020
MT520469,2020-06-04T00:00:00Z,Severe acute respiratory syndrome-related coronavirus,29878,USA: Massachusetts,MA,Homo sapiens,oronasopharynx,3/26/2020
MT520470,2020-06-04T00:00:00Z,Severe acute respiratory syndrome-related coronavirus,29824,USA: Massachusetts,MA,Homo sapiens,oronasopharynx,3/7/2020
MT520471,2020-06-04T00:00:00Z,Severe acute respiratory syndrome-related coronavirus,29867,USA: Massachusetts,MA,Homo sapiens,oronasopharynx,3/28/2020
MT520472,2020-06-04T00:00:00Z,Severe acute respiratory syndrome-related coronavirus,29849,USA: Massachusetts,MA,Homo sapiens,oronasopharynx,3/7/2020
MT520473,2020-06-04T00:00:00Z,Severe acute respiratory syndrome-related coronavirus,29813,USA: Massachusetts,MA,Homo sapiens,oronasopharynx,3/11/2020
MT520474,2020-06-04T00:00:00Z,Severe acute respiratory syndrome-related coronavirus,29830,USA: Massachusetts,MA,Homo sapiens,oronasopharynx,3/20/2020
MT520475,2020-06-04T00:00:00Z,Severe acute respiratory syndrome-related coronavirus,29834,USA: Massachusetts,MA,Homo sapiens,oronasopharynx,3/27/2020
MT520476,2020-06-04T00:00:00Z,Severe acute respiratory syndrome-related coronavirus,29427,USA: Massachusetts,MA,Homo sapiens,oronasopharynx,3/25/2020
MT520477,2020-06-04T00:00:00Z,Severe acute respiratory syndrome-related coronavirus,29866,USA: Massachusetts,MA,Homo sapiens,oronasopharynx,4/3/2020
MT520478,2020-06-04T00:00:00Z,Severe acute respiratory syndrome-related coronavirus,29872,USA: Massachusetts,MA,Homo sapiens,oronasopharynx,4/6/2020
MT520479,2020-06-04T00:00:00Z,Severe acute respiratory syndrome-related coronavirus,29840,USA: Massachusetts,MA,Homo sapiens,oronasopharynx,4/6/2020
MT520480,2020-06-04T00:00:00Z,Severe acute respiratory syndrome-related coronavirus,29690,USA: Massachusetts,MA,Homo sapiens,oronasopharynx,4/4/2020
MT520481,2020-06-04T00:00:00Z,Severe acute respiratory syndrome-related coronavirus,29864,USA: Massachusetts,MA,Homo sapiens,oronasopharynx,3/20/2020
MT520482,2020-06-04T00:00:00Z,Severe acute respiratory syndrome-related coronavirus,29857,USA: Massachusetts,MA,Homo sapiens,oronasopharynx,4/6/2020
MT520483,2020-06-04T00:00:00Z,Severe acute respiratory syndrome-related coronavirus,29814,USA: Massachusetts,MA,Homo sapiens,oronasopharynx,4/1/2020
MT520484,2020-06-04T00:00:00Z,Severe acute respiratory syndrome-related coronavirus,29877,USA: Massachusetts,MA,Homo sapiens,oronasopharynx,3/26/2020
MT520485,2020-06-04T00:00:00Z,Severe acute respiratory syndrome-related coronavirus,29884,USA: Massachusetts,MA,Homo sapiens,oronasopharynx,3/27/2020
MT520486,2020-06-04T00:00:00Z,Severe acute respiratory syndrome-related coronavirus,29876,USA: Massachusetts,MA,Homo sapiens,oronasopharynx,3/25/2020
MT520487,2020-06-04T00:00:00Z,Severe acute respiratory syndrome-related coronavirus,29871,USA: Massachusetts,MA,Homo sapiens,oronasopharynx,4/3/2020
MT520488,2020-06-04T00:00:00Z,Severe acute respiratory syndrome-related coronavirus,29836,USA: Massachusetts,MA,Homo sapiens,oronasopharynx,3/18/2020
MT520489,2020-06-04T00:00:00Z,Severe acute respiratory syndrome-related coronavirus,29855,USA: Massachusetts,MA,Homo sapiens,oronasopharynx,4/6/2020
MT520490,2020-06-04T00:00:00Z,Severe acute respiratory syndrome-related coronavirus,29806,USA: Massachusetts,MA,Homo sapiens,oronasopharynx,3/14/2020
MT520491,2020-06-04T00:00:00Z,Severe acute respiratory syndrome-related coronavirus,29655,USA: Massachusetts,MA,Homo sapiens,oronasopharynx,4/1/2020
MT520492,2020-06-04T00:00:00Z,Severe acute respiratory syndrome-related coronavirus,29836,USA: Massachusetts,MA,Homo sapiens,oronasopharynx,3/26/2020
MT520493,2020-06-04T00:00:00Z,Severe acute respiratory syndrome-related coronavirus,29866,USA: Massachusetts,MA,Homo sapiens,oronasopharynx,4/5/2020
MT520494,2020-06-04T00:00:00Z,Severe acute respiratory syndrome-related coronavirus,29842,USA: Massachusetts,MA,Homo sapiens,oronasopharynx,4/2/2020
MT520495,2020-06-04T00:00:00Z,Severe acute respiratory syndrome-related coronavirus,29875,USA: Massachusetts,MA,Homo sapiens,oronasopharynx,4/4/2020
MT520496,2020-06-04T00:00:00Z,Severe acute respiratory syndrome-related coronavirus,29839,USA: Massachusetts,MA,Homo sapiens,oronasopharynx,3/25/2020
MT520497,2020-06-04T00:00:00Z,Severe acute respiratory syndrome-related coronavirus,29866,USA: Massachusetts,MA,Homo sapiens,oronasopharynx,4/6/2020
MT520498,2020-06-04T00:00:00Z,Severe acute respiratory syndrome-related coronavirus,29802,USA: Massachusetts,MA,Homo sapiens,oronasopharynx,3/22/2020
MT520499,2020-06-04T00:00:00Z,Severe acute respiratory syndrome-related coronavirus,29714,USA: Massachusetts,MA,Homo sapiens,oronasopharynx,3/21/2020
MT520500,2020-06-04T00:00:00Z,Severe acute respiratory syndrome-related coronavirus,29823,USA: Massachusetts,MA,Homo sapiens,oronasopharynx,3/27/2020
MT520501,2020-06-04T00:00:00Z,Severe acute respiratory syndrome-related coronavirus,29848,USA: Massachusetts,MA,Homo sapiens,oronasopharynx,3/28/2020
MT520502,2020-06-04T00:00:00Z,Severe acute respiratory syndrome-related coronavirus,29878,USA: Massachusetts,MA,Homo sapiens,oronasopharynx,3/27/2020
MT520503,2020-06-04T00:00:00Z,Severe acute respiratory syndrome-related coronavirus,29827,USA: Massachusetts,MA,Homo sapiens,oronasopharynx,3/5/2020
MT520504,2020-06-04T00:00:00Z,Severe acute respiratory syndrome-related coronavirus,29871,USA: Massachusetts,MA,Homo sapiens,oronasopharynx,4/6/2020
MT520505,2020-06-04T00:00:00Z,Severe acute respiratory syndrome-related coronavirus,29853,USA: Massachusetts,MA,Homo sapiens,oronasopharynx,4/1/2020
MT520506,2020-06-04T00:00:00Z,Severe acute respiratory syndrome-related coronavirus,29836,USA: Massachusetts,MA,Homo sapiens,oronasopharynx,4/5/2020
MT520507,2020-06-04T00:00:00Z,Severe acute respiratory syndrome-related coronavirus,29834,USA: Massachusetts,MA,Homo sapiens,oronasopharynx,4/1/2020
MT520508,2020-06-04T00:00:00Z,Severe acute respiratory syndrome-related coronavirus,29860,USA: Massachusetts,MA,Homo sapiens,oronasopharynx,3/25/2020
MT520509,2020-06-04T00:00:00Z,Severe acute respiratory syndrome-related coronavirus,29864,USA: Massachusetts,MA,Homo sapiens,oronasopharynx,3/7/2020
MT520510,2020-06-04T00:00:00Z,Severe acute respiratory syndrome-related coronavirus,29849,USA: Massachusetts,MA,Homo sapiens,oronasopharynx,4/6/2020
MT520511,2020-06-04T00:00:00Z,Severe acute respiratory syndrome-related coronavirus,29748,USA: Massachusetts,MA,Homo sapiens,oronasopharynx,3/19/2020
MT520512,2020-06-04T00:00:00Z,Severe acute respiratory syndrome-related coronavirus,29887,USA: Massachusetts,MA,Homo sapiens,oronasopharynx,3/27/2020
MT520513,2020-06-04T00:00:00Z,Severe acute respiratory syndrome-related coronavirus,29716,USA: Massachusetts,MA,Homo sapiens,oronasopharynx,3/23/2020
MT520514,2020-06-04T00:00:00Z,Severe acute respiratory syndrome-related coronavirus,29713,USA: Massachusetts,MA,Homo sapiens,oronasopharynx,4/6/2020
MT520515,2020-06-04T00:00:00Z,Severe acute respiratory syndrome-related coronavirus,29823,USA: Massachusetts,MA,Homo sapiens,oronasopharynx,3/11/2020
MT520516,2020-06-04T00:00:00Z,Severe acute respiratory syndrome-related coronavirus,29834,USA: Massachusetts,MA,Homo sapiens,oronasopharynx,4/4/2020
MT520517,2020-06-04T00:00:00Z,Severe acute respiratory syndrome-related coronavirus,29854,USA: Massachusetts,MA,Homo sapiens,oronasopharynx,3/7/2020
MT520518,2020-06-04T00:00:00Z,Severe acute respiratory syndrome-related coronavirus,29853,USA: Massachusetts,MA,Homo sapiens,oronasopharynx,4/2/2020
MT520519,2020-06-04T00:00:00Z,Severe acute respiratory syndrome-related coronavirus,29815,USA: Massachusetts,MA,Homo sapiens,oronasopharynx,3/23/2020
MT520520,2020-06-04T00:00:00Z,Severe acute respiratory syndrome-related coronavirus,29840,USA: Massachusetts,MA,Homo sapiens,oronasopharynx,3/27/2020
MT520521,2020-06-04T00:00:00Z,Severe acute respiratory syndrome-related coronavirus,29872,USA: Massachusetts,MA,Homo sapiens,oronasopharynx,3/23/2020
MT520522,2020-06-04T00:00:00Z,Severe acute respiratory syndrome-related coronavirus,29878,USA: Massachusetts,MA,Homo sapiens,oronasopharynx,3/26/2020
MT520523,2020-06-04T00:00:00Z,Severe acute respiratory syndrome-related coronavirus,29872,USA: Massachusetts,MA,Homo sapiens,oronasopharynx,3/25/2020
MT520524,2020-06-04T00:00:00Z,Severe acute respiratory syndrome-related coronavirus,29592,USA: Massachusetts,MA,Homo sapiens,oronasopharynx,3/27/2020
MT520525,2020-06-04T00:00:00Z,Severe acute respiratory syndrome-related coronavirus,29864,USA: Massachusetts,MA,Homo sapiens,oronasopharynx,4/6/2020
MT520526,2020-06-04T00:00:00Z,Severe acute respiratory syndrome-related coronavirus,29864,USA: Massachusetts,MA,Homo sapiens,oronasopharynx,3/26/2020
MT520527,2020-06-04T00:00:00Z,Severe acute respiratory syndrome-related coronavirus,29749,USA: Massachusetts,MA,Homo sapiens,oronasopharynx,3/19/2020
MT520528,2020-06-04T00:00:00Z,Severe acute respiratory syndrome-related coronavirus,29870,USA: Massachusetts,MA,Homo sapiens,oronasopharynx,3/26/2020
MT520529,2020-06-04T00:00:00Z,Severe acute respiratory syndrome-related coronavirus,29854,USA: Massachusetts,MA,Homo sapiens,oronasopharynx,4/4/2020
MT520530,2020-06-04T00:00:00Z,Severe acute respiratory syndrome-related coronavirus,29839,USA: Massachusetts,MA,Homo sapiens,oronasopharynx,4/6/2020
MT520531,2020-06-04T00:00:00Z,Severe acute respiratory syndrome-related coronavirus,29828,USA: Massachusetts,MA,Homo sapiens,oronasopharynx,3/20/2020
MT520532,2020-06-04T00:00:00Z,Severe acute respiratory syndrome-related coronavirus,29864,USA: Massachusetts,MA,Homo sapiens,oronasopharynx,3/26/2020
MT520533,2020-06-04T00:00:00Z,Severe acute respiratory syndrome-related coronavirus,29842,USA: Massachusetts,MA,Homo sapiens,oronasopharynx,3/18/2020
MT520534,2020-06-04T00:00:00Z,Severe acute respiratory syndrome-related coronavirus,29876,USA: Massachusetts,MA,Homo sapiens,oronasopharynx,3/27/2020
MT520535,2020-06-04T00:00:00Z,Severe acute respiratory syndrome-related coronavirus,29829,USA: Massachusetts,MA,Homo sapiens,oronasopharynx,3/19/2020
MT520536,2020-06-04T00:00:00Z,Severe acute respiratory syndrome-related coronavirus,29842,USA: Massachusetts,MA,Homo sapiens,oronasopharynx,4/1/2020
MT520537,2020-06-04T00:00:00Z,Severe acute respiratory syndrome-related coronavirus,29863,USA: Massachusetts,MA,Homo sapiens,oronasopharynx,3/26/2020
MT520538,2020-06-04T00:00:00Z,Severe acute respiratory syndrome-related coronavirus,29831,USA: Massachusetts,MA,Homo sapiens,oronasopharynx,4/1/2020
MT520539,2020-06-04T00:00:00Z,Severe acute respiratory syndrome-related coronavirus,29857,USA: Massachusetts,MA,Homo sapiens,oronasopharynx,4/1/2020
MT520540,2020-06-04T00:00:00Z,Severe acute respiratory syndrome-related coronavirus,29836,USA: Massachusetts,MA,Homo sapiens,oronasopharynx,3/22/2020
MT520541,2020-06-04T00:00:00Z,Severe acute respiratory syndrome-related coronavirus,29788,USA: Massachusetts,MA,Homo sapiens,oronasopharynx,3/26/2020
MT520542,2020-06-04T00:00:00Z,Severe acute respiratory syndrome-related coronavirus,29877,USA: Massachusetts,MA,Homo sapiens,oronasopharynx,3/11/2020
MT520543,2020-06-04T00:00:00Z,Severe acute respiratory syndrome-related coronavirus,29871,USA: Massachusetts,MA,Homo sapiens,oronasopharynx,3/27/2020
MT520544,2020-06-04T00:00:00Z,Severe acute respiratory syndrome-related coronavirus,29736,USA: Massachusetts,MA,Homo sapiens,oronasopharynx,3/25/2020
MT520545,2020-06-04T00:00:00Z,Severe acute respiratory syndrome-related coronavirus,29828,USA: Massachusetts,MA,Homo sapiens,oronasopharynx,3/25/2020
MT520546,2020-06-04T00:00:00Z,Severe acute respiratory syndrome-related coronavirus,29866,USA: Massachusetts,MA,Homo sapiens,oronasopharynx,3/27/2020
MT520547,2020-06-04T00:00:00Z,Severe acute respiratory syndrome-related coronavirus,29862,USA: Massachusetts,MA,Homo sapiens,oronasopharynx,3/11/2020
MT565495,2020-06-04T00:00:00Z,Severe acute respiratory syndrome-related coronavirus,29834,USA,,Homo sapiens,oronasopharynx,2020-04
MT565496,2020-06-04T00:00:00Z,Severe acute respiratory syndrome-related coronavirus,29765,USA,,Homo sapiens,oronasopharynx,2020-04
MT565497,2020-06-04T00:00:00Z,Severe acute respiratory syndrome-related coronavirus,29765,USA,,Homo sapiens,oronasopharynx,2020-04
MT565498,2020-06-04T00:00:00Z,Severe acute respiratory syndrome-related coronavirus,29765,USA,,Homo sapiens,oronasopharynx,2020-04
MT565499,2020-06-04T00:00:00Z,Severe acute respiratory syndrome-related coronavirus,29820,USA,,Homo sapiens,oronasopharynx,2020-04
MT557568,2020-06-03T00:00:00Z,Severe acute respiratory syndrome-related coronavirus,29835,USA,,Homo sapiens,oronasopharynx,2020-04
MT557569,2020-06-03T00:00:00Z,Severe acute respiratory syndrome-related coronavirus,29834,USA,,Homo sapiens,oronasopharynx,2020-04
MT557570,2020-06-03T00:00:00Z,Severe acute respiratory syndrome-related coronavirus,29834,USA,,Homo sapiens,oronasopharynx,2020-04
MT558647,2020-06-03T00:00:00Z,Severe acute respiratory syndrome-related coronavirus,29865,USA: Virginia,VA,Homo sapiens,,2020-04
MT558648,2020-06-03T00:00:00Z,Severe acute respiratory syndrome-related coronavirus,29900,USA: Virginia,VA,Homo sapiens,,2020-04
MT558649,2020-06-03T00:00:00Z,Severe acute respiratory syndrome-related coronavirus,29864,USA: Virginia,VA,Homo sapiens,,2020-04
MT558650,2020-06-03T00:00:00Z,Severe acute respiratory syndrome-related coronavirus,29891,USA: Virginia,VA,Homo sapiens,,2020-04
MT558651,2020-06-03T00:00:00Z,Severe acute respiratory syndrome-related coronavirus,29840,USA: Virginia,VA,Homo sapiens,,2020-04
MT558652,2020-06-03T00:00:00Z,Severe acute respiratory syndrome-related coronavirus,29886,USA: Virginia,VA,Homo sapiens,,2020-04
MT558653,2020-06-03T00:00:00Z,Severe acute respiratory syndrome-related coronavirus,29895,USA: Virginia,VA,Homo sapiens,,2020-04
MT558654,2020-06-03T00:00:00Z,Severe acute respiratory syndrome-related coronavirus,29865,USA: Virginia,VA,Homo sapiens,,2020-04
MT558655,2020-06-03T00:00:00Z,Severe acute respiratory syndrome-related coronavirus,29900,USA: Virginia,VA,Homo sapiens,,2020-04
MT558656,2020-06-03T00:00:00Z,Severe acute respiratory syndrome-related coronavirus,29865,USA: Virginia,VA,Homo sapiens,,2020-04
MT558657,2020-06-03T00:00:00Z,Severe acute respiratory syndrome-related coronavirus,29894,USA: Virginia,VA,Homo sapiens,,2020-04
MT558658,2020-06-03T00:00:00Z,Severe acute respiratory syndrome-related coronavirus,29862,USA: Virginia,VA,Homo sapiens,,2020-04
MT558659,2020-06-03T00:00:00Z,Severe acute respiratory syndrome-related coronavirus,29887,USA: Virginia,VA,Homo sapiens,,2020-04
MT558660,2020-06-03T00:00:00Z,Severe acute respiratory syndrome-related coronavirus,29858,USA: Virginia,VA,Homo sapiens,,2020-04
MT558661,2020-06-03T00:00:00Z,Severe acute respiratory syndrome-related coronavirus,29868,USA: Virginia,VA,Homo sapiens,,2020-04
MT558662,2020-06-03T00:00:00Z,Severe acute respiratory syndrome-related coronavirus,29898,USA: Virginia,VA,Homo sapiens,,2020-04
MT558663,2020-06-03T00:00:00Z,Severe acute respiratory syndrome-related coronavirus,29858,USA: Virginia,VA,Homo sapiens,,2020-04
MT558664,2020-06-03T00:00:00Z,Severe acute respiratory syndrome-related coronavirus,29873,USA: Virginia,VA,Homo sapiens,,2020-04
MT558665,2020-06-03T00:00:00Z,Severe acute respiratory syndrome-related coronavirus,29854,USA: Virginia,VA,Homo sapiens,,2020-04
MT558666,2020-06-03T00:00:00Z,Severe acute respiratory syndrome-related coronavirus,29897,USA: Virginia,VA,Homo sapiens,,2020-04
MT558667,2020-06-03T00:00:00Z,Severe acute respiratory syndrome-related coronavirus,29854,USA: Virginia,VA,Homo sapiens,,2020-04
MT558668,2020-06-03T00:00:00Z,Severe acute respiratory syndrome-related coronavirus,29896,USA: Virginia,VA,Homo sapiens,,2020-04
MT558669,2020-06-03T00:00:00Z,Severe acute respiratory syndrome-related coronavirus,29893,USA: Virginia,VA,Homo sapiens,,2020-04
MT558670,2020-06-03T00:00:00Z,Severe acute respiratory syndrome-related coronavirus,29896,USA: Virginia,VA,Homo sapiens,,2020-04
MT558671,2020-06-03T00:00:00Z,Severe acute respiratory syndrome-related coronavirus,29828,USA: Virginia,VA,Homo sapiens,,2020-04
MT558672,2020-06-03T00:00:00Z,Severe acute respiratory syndrome-related coronavirus,29848,USA: Virginia,VA,Homo sapiens,,2020-04
MT558673,2020-06-03T00:00:00Z,Severe acute respiratory syndrome-related coronavirus,29817,USA: Virginia,VA,Homo sapiens,,2020-04
MT558674,2020-06-03T00:00:00Z,Severe acute respiratory syndrome-related coronavirus,29857,USA: Virginia,VA,Homo sapiens,,2020-04
MT558675,2020-06-03T00:00:00Z,Severe acute respiratory syndrome-related coronavirus,29894,USA: Virginia,VA,Homo sapiens,,2020-04
MT558676,2020-06-03T00:00:00Z,Severe acute respiratory syndrome-related coronavirus,29901,USA: Virginia,VA,Homo sapiens,,2020-04
MT558677,2020-06-03T00:00:00Z,Severe acute respiratory syndrome-related coronavirus,29895,USA: Virginia,VA,Homo sapiens,,2020-04
MT558678,2020-06-03T00:00:00Z,Severe acute respiratory syndrome-related coronavirus,29900,USA: Virginia,VA,Homo sapiens,,2020-04
MT558679,2020-06-03T00:00:00Z,Severe acute respiratory syndrome-related coronavirus,29899,USA: Virginia,VA,Homo sapiens,,2020-04
MT558680,2020-06-03T00:00:00Z,Severe acute respiratory syndrome-related coronavirus,29860,USA: Virginia,VA,Homo sapiens,,2020-04
MT558681,2020-06-03T00:00:00Z,Severe acute respiratory syndrome-related coronavirus,29861,USA: Virginia,VA,Homo sapiens,,2020-04
MT558682,2020-06-03T00:00:00Z,Severe acute respiratory syndrome-related coronavirus,29865,USA: Virginia,VA,Homo sapiens,,2020-04
MT558683,2020-06-03T00:00:00Z,Severe acute respiratory syndrome-related coronavirus,29858,USA: Virginia,VA,Homo sapiens,,2020-04
MT558684,2020-06-03T00:00:00Z,Severe acute respiratory syndrome-related coronavirus,29901,USA: Virginia,VA,Homo sapiens,,2020-04
MT558685,2020-06-03T00:00:00Z,Severe acute respiratory syndrome-related coronavirus,29894,USA: Virginia,VA,Homo sapiens,,2020-04
MT558686,2020-06-03T00:00:00Z,Severe acute respiratory syndrome-related coronavirus,29895,USA: Virginia,VA,Homo sapiens,,2020-04
MT558687,2020-06-03T00:00:00Z,Severe acute respiratory syndrome-related coronavirus,29897,USA: Virginia,VA,Homo sapiens,,2020-04
MT558688,2020-06-03T00:00:00Z,Severe acute respiratory syndrome-related coronavirus,29895,USA: Virginia,VA,Homo sapiens,,2020-04
MT558689,2020-06-03T00:00:00Z,Severe acute respiratory syndrome-related coronavirus,29826,USA: Virginia,VA,Homo sapiens,,2020-04
MT558690,2020-06-03T00:00:00Z,Severe acute respiratory syndrome-related coronavirus,29894,USA: Virginia,VA,Homo sapiens,,2020-04
MT558691,2020-06-03T00:00:00Z,Severe acute respiratory syndrome-related coronavirus,29870,USA: Virginia,VA,Homo sapiens,,2020-04
MT558692,2020-06-03T00:00:00Z,Severe acute respiratory syndrome-related coronavirus,29888,USA: Virginia,VA,Homo sapiens,,2020-04
MT558693,2020-06-03T00:00:00Z,Severe acute respiratory syndrome-related coronavirus,29865,USA: Virginia,VA,Homo sapiens,,2020-04
MT558694,2020-06-03T00:00:00Z,Severe acute respiratory syndrome-related coronavirus,29883,USA: Virginia,VA,Homo sapiens,,2020-04
MT558695,2020-06-03T00:00:00Z,Severe acute respiratory syndrome-related coronavirus,29860,USA: Virginia,VA,Homo sapiens,,2020-04
MT558696,2020-06-03T00:00:00Z,Severe acute respiratory syndrome-related coronavirus,29862,USA: Virginia,VA,Homo sapiens,,2020-04
MT558697,2020-06-03T00:00:00Z,Severe acute respiratory syndrome-related coronavirus,29899,USA: Virginia,VA,Homo sapiens,,2020-04
MT558698,2020-06-03T00:00:00Z,Severe acute respiratory syndrome-related coronavirus,29829,USA: Virginia,VA,Homo sapiens,,2020-04
MT558699,2020-06-03T00:00:00Z,Severe acute respiratory syndrome-related coronavirus,29863,USA: Virginia,VA,Homo sapiens,,2020-04
MT558700,2020-06-03T00:00:00Z,Severe acute respiratory syndrome-related coronavirus,29865,USA: Virginia,VA,Homo sapiens,,2020-04
MT558701,2020-06-03T00:00:00Z,Severe acute respiratory syndrome-related coronavirus,29865,USA: Virginia,VA,Homo sapiens,,2020-04
MT558702,2020-06-03T00:00:00Z,Severe acute respiratory syndrome-related coronavirus,29854,USA: Virginia,VA,Homo sapiens,,2020-04
MT558703,2020-06-03T00:00:00Z,Severe acute respiratory syndrome-related coronavirus,29837,USA: Virginia,VA,Homo sapiens,,2020-04
MT558704,2020-06-03T00:00:00Z,Severe acute respiratory syndrome-related coronavirus,29836,USA: Virginia,VA,Homo sapiens,,2020-04
MT558705,2020-06-03T00:00:00Z,Severe acute respiratory syndrome-related coronavirus,29860,USA: Virginia,VA,Homo sapiens,,2020-04
MT558706,2020-06-03T00:00:00Z,Severe acute respiratory syndrome-related coronavirus,29902,USA: Virginia,VA,Homo sapiens,,2020-04
MT558707,2020-06-03T00:00:00Z,Severe acute respiratory syndrome-related coronavirus,29899,USA: Virginia,VA,Homo sapiens,,2020-04
MT559800,2020-06-03T00:00:00Z,Severe acute respiratory syndrome-related coronavirus,29834,USA,,Homo sapiens,oronasopharynx,2020-04
MT559801,2020-06-03T00:00:00Z,Severe acute respiratory syndrome-related coronavirus,29836,USA,,Homo sapiens,oronasopharynx,2020-04
MT559802,2020-06-03T00:00:00Z,Severe acute respiratory syndrome-related coronavirus,29834,USA,,Homo sapiens,oronasopharynx,2020-04
MT559803,2020-06-03T00:00:00Z,Severe acute respiratory syndrome-related coronavirus,29834,USA,,Homo sapiens,oronasopharynx,2020-04
MT551604,2020-06-02T00:00:00Z,Severe acute respiratory syndrome-related coronavirus,29834,USA,,Homo sapiens,oronasopharynx,2020-04
MT551605,2020-06-02T00:00:00Z,Severe acute respiratory syndrome-related coronavirus,29835,USA,,Homo sapiens,oronasopharynx,2020-04
MT551606,2020-06-02T00:00:00Z,Severe acute respiratory syndrome-related coronavirus,29835,USA,,Homo sapiens,oronasopharynx,2020-04
MT551607,2020-06-02T00:00:00Z,Severe acute respiratory syndrome-related coronavirus,29834,USA,,Homo sapiens,oronasopharynx,2020-04
MT551608,2020-06-02T00:00:00Z,Severe acute respiratory syndrome-related coronavirus,29834,USA,,Homo sapiens,oronasopharynx,2020-04
MT551609,2020-06-02T00:00:00Z,Severe acute respiratory syndrome-related coronavirus,29834,USA,,Homo sapiens,oronasopharynx,2020-04
MT554052,2020-06-02T00:00:00Z,Severe acute respiratory syndrome-related coronavirus,29834,USA,,Homo sapiens,oronasopharynx,2020-04
MT539729,2020-05-31T00:00:00Z,Severe acute respiratory syndrome-related coronavirus,29895,USA,,,,4/23/2020
MT539161,2020-05-30T00:00:00Z,Severe acute respiratory syndrome-related coronavirus,29669,USA: Georgia,GA,Homo sapiens,oronasopharynx,3/4/2020
MT539162,2020-05-30T00:00:00Z,Severe acute respiratory syndrome-related coronavirus,29872,USA: Georgia,GA,Homo sapiens,oronasopharynx,3/13/2020
MT539163,2020-05-30T00:00:00Z,Severe acute respiratory syndrome-related coronavirus,29815,USA: Georgia,GA,Homo sapiens,oronasopharynx,3/10/2020
MT534303,2020-05-29T00:00:00Z,Severe acute respiratory syndrome-related coronavirus,29755,USA: CA,CA,Homo sapiens,,4/10/2020
MT534304,2020-05-29T00:00:00Z,Severe acute respiratory syndrome-related coronavirus,29891,USA: CA,CA,Homo sapiens,,4/10/2020
MT534305,2020-05-29T00:00:00Z,Severe acute respiratory syndrome-related coronavirus,29863,USA: CA,CA,Homo sapiens,,4/11/2020
MT534306,2020-05-29T00:00:00Z,Severe acute respiratory syndrome-related coronavirus,29899,USA: CA,CA,Homo sapiens,,5/12/2020
MT534307,2020-05-29T00:00:00Z,Severe acute respiratory syndrome-related coronavirus,29901,USA: CA,CA,Homo sapiens,,5/12/2020
MT534308,2020-05-29T00:00:00Z,Severe acute respiratory syndrome-related coronavirus,29862,USA: CA,CA,Homo sapiens,,4/11/2020
MT534309,2020-05-29T00:00:00Z,Severe acute respiratory syndrome-related coronavirus,29900,USA: CA,CA,Homo sapiens,,5/12/2020
MT534310,2020-05-29T00:00:00Z,Severe acute respiratory syndrome-related coronavirus,29847,USA: CA,CA,Homo sapiens,,4/14/2020
MT534311,2020-05-29T00:00:00Z,Severe acute respiratory syndrome-related coronavirus,29901,USA: CA,CA,Homo sapiens,,4/14/2020
MT534312,2020-05-29T00:00:00Z,Severe acute respiratory syndrome-related coronavirus,29892,USA: CA,CA,Homo sapiens,,4/14/2020
MT534313,2020-05-29T00:00:00Z,Severe acute respiratory syndrome-related coronavirus,29903,USA: CA,CA,Homo sapiens,,4/14/2020
MT534314,2020-05-29T00:00:00Z,Severe acute respiratory syndrome-related coronavirus,29900,USA: CA,CA,Homo sapiens,,4/14/2020
MT534315,2020-05-29T00:00:00Z,Severe acute respiratory syndrome-related coronavirus,29902,USA: CA,CA,Homo sapiens,,4/14/2020
MT534316,2020-05-29T00:00:00Z,Severe acute respiratory syndrome-related coronavirus,29875,USA: CA,CA,Homo sapiens,,4/14/2020
MT534317,2020-05-29T00:00:00Z,Severe acute respiratory syndrome-related coronavirus,29899,USA: CA,CA,Homo sapiens,,4/12/2020
MT534318,2020-05-29T00:00:00Z,Severe acute respiratory syndrome-related coronavirus,29896,USA: CA,CA,Homo sapiens,,4/12/2020
MT534319,2020-05-29T00:00:00Z,Severe acute respiratory syndrome-related coronavirus,29652,USA: CA,CA,Homo sapiens,,5/12/2020
MT534320,2020-05-29T00:00:00Z,Severe acute respiratory syndrome-related coronavirus,29901,USA: CA,CA,Homo sapiens,,4/12/2020
MT534321,2020-05-29T00:00:00Z,Severe acute respiratory syndrome-related coronavirus,29852,USA: CA,CA,Homo sapiens,,4/12/2020
MT534322,2020-05-29T00:00:00Z,Severe acute respiratory syndrome-related coronavirus,29901,USA: CA,CA,Homo sapiens,,5/12/2020
MT534323,2020-05-29T00:00:00Z,Severe acute respiratory syndrome-related coronavirus,29861,USA: CA,CA,Homo sapiens,,4/12/2020
MT534324,2020-05-29T00:00:00Z,Severe acute respiratory syndrome-related coronavirus,29900,USA: CA,CA,Homo sapiens,,4/12/2020
MT534325,2020-05-29T00:00:00Z,Severe acute respiratory syndrome-related coronavirus,29861,USA: CA,CA,Homo sapiens,,5/12/2020
MT534326,2020-05-29T00:00:00Z,Severe acute respiratory syndrome-related coronavirus,29857,USA: CA,CA,Homo sapiens,,5/12/2020
MT534327,2020-05-29T00:00:00Z,Severe acute respiratory syndrome-related coronavirus,29899,USA: CA,CA,Homo sapiens,,5/12/2020
MT534328,2020-05-29T00:00:00Z,Severe acute respiratory syndrome-related coronavirus,29899,USA: CA,CA,Homo sapiens,,5/12/2020
MT534329,2020-05-29T00:00:00Z,Severe acute respiratory syndrome-related coronavirus,29890,USA: CA,CA,Homo sapiens,,4/12/2020
MT534330,2020-05-29T00:00:00Z,Severe acute respiratory syndrome-related coronavirus,29903,USA: CA,CA,Homo sapiens,,5/12/2020
MT534331,2020-05-29T00:00:00Z,Severe acute respiratory syndrome-related coronavirus,29856,USA: CA,CA,Homo sapiens,,5/12/2020
MT534332,2020-05-29T00:00:00Z,Severe acute respiratory syndrome-related coronavirus,29858,USA: CA,CA,Homo sapiens,,5/12/2020
MT534333,2020-05-29T00:00:00Z,Severe acute respiratory syndrome-related coronavirus,29883,USA: CA,CA,Homo sapiens,,5/12/2020
MT534334,2020-05-29T00:00:00Z,Severe acute respiratory syndrome-related coronavirus,29861,USA: CA,CA,Homo sapiens,,4/12/2020
MT534335,2020-05-29T00:00:00Z,Severe acute respiratory syndrome-related coronavirus,29900,USA: CA,CA,Homo sapiens,,5/12/2020
MT534336,2020-05-29T00:00:00Z,Severe acute respiratory syndrome-related coronavirus,29890,USA: CA,CA,Homo sapiens,,4/12/2020
MT534337,2020-05-29T00:00:00Z,Severe acute respiratory syndrome-related coronavirus,29860,USA: CA,CA,Homo sapiens,,5/12/2020
MT534338,2020-05-29T00:00:00Z,Severe acute respiratory syndrome-related coronavirus,29867,USA: CA,CA,Homo sapiens,,4/27/2020
MT534339,2020-05-29T00:00:00Z,Severe acute respiratory syndrome-related coronavirus,29898,USA: CA,CA,Homo sapiens,,4/27/2020
MT535472,2020-05-29T00:00:00Z,Severe acute respiratory syndrome-related coronavirus,29903,USA,,Homo sapiens,,3/26/2020
MT535473,2020-05-29T00:00:00Z,Severe acute respiratory syndrome-related coronavirus,29846,USA,,Homo sapiens,,3/26/2020
MT535474,2020-05-29T00:00:00Z,Severe acute respiratory syndrome-related coronavirus,29873,USA,,Homo sapiens,,3/25/2020
MT535475,2020-05-29T00:00:00Z,Severe acute respiratory syndrome-related coronavirus,29814,USA,,Homo sapiens,,3/26/2020
MT535476,2020-05-29T00:00:00Z,Severe acute respiratory syndrome-related coronavirus,29886,USA,,Homo sapiens,,3/27/2020
MT535477,2020-05-29T00:00:00Z,Severe acute respiratory syndrome-related coronavirus,29901,USA,,Homo sapiens,,3/26/2020
MT535478,2020-05-29T00:00:00Z,Severe acute respiratory syndrome-related coronavirus,29864,USA,,Homo sapiens,,3/26/2020
MT535479,2020-05-29T00:00:00Z,Severe acute respiratory syndrome-related coronavirus,29832,USA,,Homo sapiens,,3/27/2020
MT535480,2020-05-29T00:00:00Z,Severe acute respiratory syndrome-related coronavirus,29901,USA,,Homo sapiens,,3/27/2020
MT535481,2020-05-29T00:00:00Z,Severe acute respiratory syndrome-related coronavirus,29899,USA,,Homo sapiens,,3/30/2020
MT535482,2020-05-29T00:00:00Z,Severe acute respiratory syndrome-related coronavirus,29864,USA,,Homo sapiens,,4/1/2020
MT535483,2020-05-29T00:00:00Z,Severe acute respiratory syndrome-related coronavirus,29901,USA,,Homo sapiens,,4/1/2020
MT535484,2020-05-29T00:00:00Z,Severe acute respiratory syndrome-related coronavirus,29842,USA,,Homo sapiens,,4/1/2020
MT535485,2020-05-29T00:00:00Z,Severe acute respiratory syndrome-related coronavirus,28426,USA,,Homo sapiens,,4/7/2020
MT535486,2020-05-29T00:00:00Z,Severe acute respiratory syndrome-related coronavirus,29903,USA,,Homo sapiens,,4/7/2020
MT535487,2020-05-29T00:00:00Z,Severe acute respiratory syndrome-related coronavirus,29903,USA,,Homo sapiens,,4/7/2020
MT535488,2020-05-29T00:00:00Z,Severe acute respiratory syndrome-related coronavirus,29903,USA,,Homo sapiens,,4/7/2020
MT535489,2020-05-29T00:00:00Z,Severe acute respiratory syndrome-related coronavirus,29903,USA,,Homo sapiens,,4/7/2020
MT535490,2020-05-29T00:00:00Z,Severe acute respiratory syndrome-related coronavirus,29903,USA,,Homo sapiens,,4/7/2020
MT535491,2020-05-29T00:00:00Z,Severe acute respiratory syndrome-related coronavirus,29903,USA,,Homo sapiens,,4/7/2020
MT535492,2020-05-29T00:00:00Z,Severe acute respiratory syndrome-related coronavirus,29903,USA,,Homo sapiens,,4/7/2020
MT535493,2020-05-29T00:00:00Z,Severe acute respiratory syndrome-related coronavirus,29903,USA,,Homo sapiens,,4/7/2020
MT535494,2020-05-29T00:00:00Z,Severe acute respiratory syndrome-related coronavirus,29903,USA,,Homo sapiens,,4/7/2020
MT535495,2020-05-29T00:00:00Z,Severe acute respiratory syndrome-related coronavirus,29852,USA,,Homo sapiens,,4/7/2020
MT535496,2020-05-29T00:00:00Z,Severe acute respiratory syndrome-related coronavirus,29892,USA,,Homo sapiens,,4/7/2020
MT535497,2020-05-29T00:00:00Z,Severe acute respiratory syndrome-related coronavirus,29850,USA,,Homo sapiens,,4/7/2020
MT535498,2020-05-29T00:00:00Z,Severe acute respiratory syndrome-related coronavirus,29816,USA,,Homo sapiens,,4/7/2020
MT535499,2020-05-29T00:00:00Z,Severe acute respiratory syndrome-related coronavirus,29850,USA,,Homo sapiens,,4/7/2020
MT535500,2020-05-29T00:00:00Z,Severe acute respiratory syndrome-related coronavirus,29829,USA,,Homo sapiens,,4/7/2020
MT535501,2020-05-29T00:00:00Z,Severe acute respiratory syndrome-related coronavirus,29903,USA,,Homo sapiens,,4/7/2020
MT535502,2020-05-29T00:00:00Z,Severe acute respiratory syndrome-related coronavirus,29807,USA,,Homo sapiens,,4/7/2020
MT535503,2020-05-29T00:00:00Z,Severe acute respiratory syndrome-related coronavirus,29841,USA,,Homo sapiens,,4/9/2020
MT535504,2020-05-29T00:00:00Z,Severe acute respiratory syndrome-related coronavirus,29891,USA,,Homo sapiens,,4/6/2020
MT535505,2020-05-29T00:00:00Z,Severe acute respiratory syndrome-related coronavirus,29903,USA,,Homo sapiens,,4/6/2020
MT535506,2020-05-29T00:00:00Z,Severe acute respiratory syndrome-related coronavirus,29820,USA,,Homo sapiens,,4/6/2020
MT535507,2020-05-29T00:00:00Z,Severe acute respiratory syndrome-related coronavirus,29873,USA,,Homo sapiens,,4/5/2020
MT535508,2020-05-29T00:00:00Z,Severe acute respiratory syndrome-related coronavirus,29903,USA,,Homo sapiens,,4/6/2020
MT535509,2020-05-29T00:00:00Z,Severe acute respiratory syndrome-related coronavirus,29903,USA,,Homo sapiens,,4/6/2020
MT536176,2020-05-29T00:00:00Z,Severe acute respiratory syndrome-related coronavirus,29777,"USA: NAPOLEONVILLE, LA",LA,Homo sapiens,oronasopharynx,4/6/2020
MT536177,2020-05-29T00:00:00Z,Severe acute respiratory syndrome-related coronavirus,29777,"USA: New Orleans, LA",LA,Homo sapiens,oronasopharynx,4/7/2020
MT536178,2020-05-29T00:00:00Z,Severe acute respiratory syndrome-related coronavirus,29776,"USA: LACOMBE, LA",LA,Homo sapiens,oronasopharynx,4/6/2020
MT536179,2020-05-29T00:00:00Z,Severe acute respiratory syndrome-related coronavirus,29776,"USA: MARRERO, LA",LA,Homo sapiens,oronasopharynx,4/7/2020
MT536180,2020-05-29T00:00:00Z,Severe acute respiratory syndrome-related coronavirus,29777,"USA: New Orleans, LA",LA,Homo sapiens,oronasopharynx,4/7/2020
MT536181,2020-05-29T00:00:00Z,Severe acute respiratory syndrome-related coronavirus,29777,"USA: METAIRIE, LA",LA,Homo sapiens,oronasopharynx,4/8/2020
MT536182,2020-05-29T00:00:00Z,Severe acute respiratory syndrome-related coronavirus,29776,"USA: CHALMETTE, LA",LA,Homo sapiens,oronasopharynx,4/6/2020
MT536183,2020-05-29T00:00:00Z,Severe acute respiratory syndrome-related coronavirus,29776,"USA: VIOLET, LA",LA,Homo sapiens,oronasopharynx,4/7/2020
MT536184,2020-05-29T00:00:00Z,Severe acute respiratory syndrome-related coronavirus,29777,"USA: SLIDELL, LA",LA,Homo sapiens,oronasopharynx,4/3/2020
MT536185,2020-05-29T00:00:00Z,Severe acute respiratory syndrome-related coronavirus,29777,"USA: New Orleans, LA",LA,Homo sapiens,oronasopharynx,4/8/2020
MT536186,2020-05-29T00:00:00Z,Severe acute respiratory syndrome-related coronavirus,29776,"USA: New Orleans, LA",LA,Homo sapiens,oronasopharynx,4/6/2020
MT536187,2020-05-29T00:00:00Z,Severe acute respiratory syndrome-related coronavirus,29776,"USA: HAMMOND, LA",LA,Homo sapiens,oronasopharynx,4/6/2020
MT536188,2020-05-29T00:00:00Z,Severe acute respiratory syndrome-related coronavirus,29776,"USA: KENNER, LA",LA,Homo sapiens,oronasopharynx,4/4/2020
MT536189,2020-05-29T00:00:00Z,Severe acute respiratory syndrome-related coronavirus,29777,"USA: AVONDALE, LA",LA,Homo sapiens,oronasopharynx,4/7/2020
MT536190,2020-05-29T00:00:00Z,Severe acute respiratory syndrome-related coronavirus,29777,"USA: METAIRIE, LA",LA,Homo sapiens,oronasopharynx,4/6/2020
MT536954,2020-05-29T00:00:00Z,Severe acute respiratory syndrome-related coronavirus,29903,USA,,Homo sapiens,,4/13/2020
MT536955,2020-05-29T00:00:00Z,Severe acute respiratory syndrome-related coronavirus,29899,USA,,Homo sapiens,,4/13/2020
MT536956,2020-05-29T00:00:00Z,Severe acute respiratory syndrome-related coronavirus,29900,USA,,Homo sapiens,,4/13/2020
MT536957,2020-05-29T00:00:00Z,Severe acute respiratory syndrome-related coronavirus,29863,USA,,Homo sapiens,,4/13/2020
MT536958,2020-05-29T00:00:00Z,Severe acute respiratory syndrome-related coronavirus,29899,USA,,Homo sapiens,,4/13/2020
MT536959,2020-05-29T00:00:00Z,Severe acute respiratory syndrome-related coronavirus,29873,USA,,Homo sapiens,,4/13/2020
MT536960,2020-05-29T00:00:00Z,Severe acute respiratory syndrome-related coronavirus,29869,USA,,Homo sapiens,,4/13/2020
MT536961,2020-05-29T00:00:00Z,Severe acute respiratory syndrome-related coronavirus,29898,USA,,Homo sapiens,,4/13/2020
MT536962,2020-05-29T00:00:00Z,Severe acute respiratory syndrome-related coronavirus,29886,USA,,Homo sapiens,,4/13/2020
MT536963,2020-05-29T00:00:00Z,Severe acute respiratory syndrome-related coronavirus,29869,USA,,Homo sapiens,,4/13/2020
MT536964,2020-05-29T00:00:00Z,Severe acute respiratory syndrome-related coronavirus,29902,USA,,Homo sapiens,,4/13/2020
MT536965,2020-05-29T00:00:00Z,Severe acute respiratory syndrome-related coronavirus,29899,USA,,Homo sapiens,,4/13/2020
MT536966,2020-05-29T00:00:00Z,Severe acute respiratory syndrome-related coronavirus,29864,USA,,Homo sapiens,,4/13/2020
MT536967,2020-05-29T00:00:00Z,Severe acute respiratory syndrome-related coronavirus,29872,USA,,Homo sapiens,,4/13/2020
MT536968,2020-05-29T00:00:00Z,Severe acute respiratory syndrome-related coronavirus,29881,USA,,Homo sapiens,,4/13/2020
MT536969,2020-05-29T00:00:00Z,Severe acute respiratory syndrome-related coronavirus,29893,USA,,Homo sapiens,,4/13/2020
MT536970,2020-05-29T00:00:00Z,Severe acute respiratory syndrome-related coronavirus,29902,USA,,Homo sapiens,,4/16/2020
MT536971,2020-05-29T00:00:00Z,Severe acute respiratory syndrome-related coronavirus,29903,USA,,Homo sapiens,,4/15/2020
MT536972,2020-05-29T00:00:00Z,Severe acute respiratory syndrome-related coronavirus,29901,USA,,Homo sapiens,,4/17/2020
MT536973,2020-05-29T00:00:00Z,Severe acute respiratory syndrome-related coronavirus,29903,USA,,Homo sapiens,,4/16/2020
MT536974,2020-05-29T00:00:00Z,Severe acute respiratory syndrome-related coronavirus,29903,USA,,Homo sapiens,,4/17/2020
MT536975,2020-05-29T00:00:00Z,Severe acute respiratory syndrome-related coronavirus,29903,USA,,Homo sapiens,,4/16/2020
MT536976,2020-05-29T00:00:00Z,Severe acute respiratory syndrome-related coronavirus,29903,USA,,Homo sapiens,,4/17/2020
MT536977,2020-05-29T00:00:00Z,Severe acute respiratory syndrome-related coronavirus,29903,USA,,Homo sapiens,,4/17/2020
MT528598,2020-05-28T00:00:00Z,Severe acute respiratory syndrome-related coronavirus,29834,USA,,Homo sapiens,oronasopharynx,2020-04
MT528599,2020-05-28T00:00:00Z,Severe acute respiratory syndrome-related coronavirus,29834,USA,,Homo sapiens,oronasopharynx,2020-04
MT528600,2020-05-28T00:00:00Z,Severe acute respiratory syndrome-related coronavirus,29834,USA,,Homo sapiens,oronasopharynx,2020-04
MT528601,2020-05-28T00:00:00Z,Severe acute respiratory syndrome-related coronavirus,29834,USA,,Homo sapiens,oronasopharynx,2020-04
MT528602,2020-05-28T00:00:00Z,Severe acute respiratory syndrome-related coronavirus,29834,USA,,Homo sapiens,oronasopharynx,2020-04
MT528603,2020-05-28T00:00:00Z,Severe acute respiratory syndrome-related coronavirus,29834,USA,,Homo sapiens,oronasopharynx,2020-04
MT528604,2020-05-28T00:00:00Z,Severe acute respiratory syndrome-related coronavirus,29834,USA,,Homo sapiens,oronasopharynx,2020-04
MT528605,2020-05-28T00:00:00Z,Severe acute respiratory syndrome-related coronavirus,29835,USA,,Homo sapiens,oronasopharynx,2020-04
MT528606,2020-05-28T00:00:00Z,Severe acute respiratory syndrome-related coronavirus,29834,USA,,Homo sapiens,oronasopharynx,2020-04
MT528607,2020-05-28T00:00:00Z,Severe acute respiratory syndrome-related coronavirus,29834,USA,,Homo sapiens,oronasopharynx,2020-04
MT528608,2020-05-28T00:00:00Z,Severe acute respiratory syndrome-related coronavirus,29847,USA,,Homo sapiens,oronasopharynx,2020-04
MT528609,2020-05-28T00:00:00Z,Severe acute respiratory syndrome-related coronavirus,29835,USA,,Homo sapiens,oronasopharynx,2020-04
MT528610,2020-05-28T00:00:00Z,Severe acute respiratory syndrome-related coronavirus,29834,USA,,Homo sapiens,oronasopharynx,2020-04
MT528611,2020-05-28T00:00:00Z,Severe acute respiratory syndrome-related coronavirus,29834,USA,,Homo sapiens,oronasopharynx,2020-04
MT528612,2020-05-28T00:00:00Z,Severe acute respiratory syndrome-related coronavirus,29835,USA,,Homo sapiens,oronasopharynx,2020-04
MT528613,2020-05-28T00:00:00Z,Severe acute respiratory syndrome-related coronavirus,29834,USA,,Homo sapiens,oronasopharynx,2020-04
MT528614,2020-05-28T00:00:00Z,Severe acute respiratory syndrome-related coronavirus,29834,USA,,Homo sapiens,oronasopharynx,2020-04
MT528615,2020-05-28T00:00:00Z,Severe acute respiratory syndrome-related coronavirus,29836,USA,,Homo sapiens,oronasopharynx,2020-04
MT528616,2020-05-28T00:00:00Z,Severe acute respiratory syndrome-related coronavirus,29834,USA,,Homo sapiens,oronasopharynx,2020-04
MT528617,2020-05-28T00:00:00Z,Severe acute respiratory syndrome-related coronavirus,29834,USA,,Homo sapiens,oronasopharynx,2020-04
MT528618,2020-05-28T00:00:00Z,Severe acute respiratory syndrome-related coronavirus,29834,USA,,Homo sapiens,oronasopharynx,2020-04
MT528619,2020-05-28T00:00:00Z,Severe acute respiratory syndrome-related coronavirus,29834,USA,,Homo sapiens,oronasopharynx,2020-04
MT528620,2020-05-28T00:00:00Z,Severe acute respiratory syndrome-related coronavirus,29835,USA,,Homo sapiens,oronasopharynx,2020-04
MT528621,2020-05-28T00:00:00Z,Severe acute respiratory syndrome-related coronavirus,29835,USA,,Homo sapiens,oronasopharynx,2020-04
MT528622,2020-05-28T00:00:00Z,Severe acute respiratory syndrome-related coronavirus,29834,USA,,Homo sapiens,oronasopharynx,2020-04
MT528623,2020-05-28T00:00:00Z,Severe acute respiratory syndrome-related coronavirus,29835,USA,,Homo sapiens,oronasopharynx,2020-04
MT528624,2020-05-28T00:00:00Z,Severe acute respiratory syndrome-related coronavirus,29834,USA,,Homo sapiens,oronasopharynx,2020-04
MT528625,2020-05-28T00:00:00Z,Severe acute respiratory syndrome-related coronavirus,29834,USA,,Homo sapiens,oronasopharynx,2020-04
MT528626,2020-05-28T00:00:00Z,Severe acute respiratory syndrome-related coronavirus,29835,USA,,Homo sapiens,oronasopharynx,2020-04
MT528627,2020-05-28T00:00:00Z,Severe acute respiratory syndrome-related coronavirus,29834,USA,,Homo sapiens,oronasopharynx,2020-04
MT528628,2020-05-28T00:00:00Z,Severe acute respiratory syndrome-related coronavirus,29845,USA,,Homo sapiens,oronasopharynx,2020-04
MT528629,2020-05-28T00:00:00Z,Severe acute respiratory syndrome-related coronavirus,29834,USA,,Homo sapiens,oronasopharynx,2020-04
MT528630,2020-05-28T00:00:00Z,Severe acute respiratory syndrome-related coronavirus,29834,USA,,Homo sapiens,oronasopharynx,2020-04
MT528631,2020-05-28T00:00:00Z,Severe acute respiratory syndrome-related coronavirus,29834,USA,,Homo sapiens,oronasopharynx,2020-04
MT532435,2020-05-28T00:00:00Z,Severe acute respiratory syndrome-related coronavirus,29879,USA,,Homo sapiens,oronasopharynx,4/27/2020
MT532436,2020-05-28T00:00:00Z,Severe acute respiratory syndrome-related coronavirus,29882,USA,,Homo sapiens,oronasopharynx,4/21/2020
MT532437,2020-05-28T00:00:00Z,Severe acute respiratory syndrome-related coronavirus,29882,USA,,Homo sapiens,oronasopharynx,4/7/2020
MT532438,2020-05-28T00:00:00Z,Severe acute respiratory syndrome-related coronavirus,29882,USA,,Homo sapiens,oronasopharynx,4/17/2020
MT532557,2020-05-28T00:00:00Z,Severe acute respiratory syndrome-related coronavirus,29882,USA,,Homo sapiens,,3/30/2020
MT533197,2020-05-28T00:00:00Z,Severe acute respiratory syndrome-related coronavirus,29882,USA,,Homo sapiens,oronasopharynx,4/27/2020
MT533198,2020-05-28T00:00:00Z,Severe acute respiratory syndrome-related coronavirus,29882,USA,,Homo sapiens,oronasopharynx,4/26/2020
MT533199,2020-05-28T00:00:00Z,Severe acute respiratory syndrome-related coronavirus,29882,USA,,Homo sapiens,oronasopharynx,4/25/2020
MT533200,2020-05-28T00:00:00Z,Severe acute respiratory syndrome-related coronavirus,29882,USA,,Homo sapiens,oronasopharynx,4/27/2020
MT533201,2020-05-28T00:00:00Z,Severe acute respiratory syndrome-related coronavirus,29882,USA,,Homo sapiens,oronasopharynx,4/27/2020
MT533202,2020-05-28T00:00:00Z,Severe acute respiratory syndrome-related coronavirus,29882,USA,,Homo sapiens,oronasopharynx,4/27/2020
MT533203,2020-05-28T00:00:00Z,Severe acute respiratory syndrome-related coronavirus,29882,USA,,Homo sapiens,oronasopharynx,4/27/2020
MT533204,2020-05-28T00:00:00Z,Severe acute respiratory syndrome-related coronavirus,29814,USA: CA,CA,Homo sapiens,,3/19/2020
MT533205,2020-05-28T00:00:00Z,Severe acute respiratory syndrome-related coronavirus,29811,USA: CA,CA,Homo sapiens,,3/19/2020
MT533206,2020-05-28T00:00:00Z,Severe acute respiratory syndrome-related coronavirus,29805,USA: CA,CA,Homo sapiens,,3/24/2020
MT533207,2020-05-28T00:00:00Z,Severe acute respiratory syndrome-related coronavirus,29628,USA: CA,CA,Homo sapiens,,4/14/2020
MT533208,2020-05-28T00:00:00Z,Severe acute respiratory syndrome-related coronavirus,29815,USA: CA,CA,Homo sapiens,,4/16/2020
MT533209,2020-05-28T00:00:00Z,Severe acute respiratory syndrome-related coronavirus,29808,USA: CA,CA,Homo sapiens,,4/16/2020
MT533210,2020-05-28T00:00:00Z,Severe acute respiratory syndrome-related coronavirus,29849,USA: CA,CA,Homo sapiens,,4/16/2020
MT533211,2020-05-28T00:00:00Z,Severe acute respiratory syndrome-related coronavirus,29798,USA: CA,CA,Homo sapiens,,4/29/2020
MT533212,2020-05-28T00:00:00Z,Severe acute respiratory syndrome-related coronavirus,29824,USA: CA,CA,Homo sapiens,,4/26/2020
MT533213,2020-05-28T00:00:00Z,Severe acute respiratory syndrome-related coronavirus,29798,USA: CA,CA,Homo sapiens,,4/26/2020
MT533214,2020-05-28T00:00:00Z,Severe acute respiratory syndrome-related coronavirus,29799,USA: CA,CA,Homo sapiens,,4/26/2020
MT533215,2020-05-28T00:00:00Z,Severe acute respiratory syndrome-related coronavirus,29813,USA: CA,CA,Homo sapiens,,4/26/2020
MT533216,2020-05-28T00:00:00Z,Severe acute respiratory syndrome-related coronavirus,29800,USA: CA,CA,Homo sapiens,,4/26/2020
MT533217,2020-05-28T00:00:00Z,Severe acute respiratory syndrome-related coronavirus,29799,USA: CA,CA,Homo sapiens,,4/27/2020
MT533218,2020-05-28T00:00:00Z,Severe acute respiratory syndrome-related coronavirus,29852,USA: CA,CA,Homo sapiens,,4/27/2020
MT533219,2020-05-28T00:00:00Z,Severe acute respiratory syndrome-related coronavirus,29800,USA: CA,CA,Homo sapiens,,4/27/2020
MT533220,2020-05-28T00:00:00Z,Severe acute respiratory syndrome-related coronavirus,29834,USA: CA,CA,Homo sapiens,,4/29/2020
MT533221,2020-05-28T00:00:00Z,Severe acute respiratory syndrome-related coronavirus,29834,USA: CA,CA,Homo sapiens,,4/30/2020
MT533222,2020-05-28T00:00:00Z,Severe acute respiratory syndrome-related coronavirus,29841,USA: CA,CA,Homo sapiens,,4/30/2020
MT533223,2020-05-28T00:00:00Z,Severe acute respiratory syndrome-related coronavirus,29842,USA: CA,CA,Homo sapiens,,4/30/2020
MT533224,2020-05-28T00:00:00Z,Severe acute respiratory syndrome-related coronavirus,29798,USA: CA,CA,Homo sapiens,,4/30/2020
MT533225,2020-05-28T00:00:00Z,Severe acute respiratory syndrome-related coronavirus,29802,USA: CA,CA,Homo sapiens,,4/30/2020
MT533226,2020-05-28T00:00:00Z,Severe acute respiratory syndrome-related coronavirus,29830,USA: CA,CA,Homo sapiens,,4/30/2020
MT533227,2020-05-28T00:00:00Z,Severe acute respiratory syndrome-related coronavirus,29798,USA: CA,CA,Homo sapiens,,4/30/2020
MT533228,2020-05-28T00:00:00Z,Severe acute respiratory syndrome-related coronavirus,29815,USA: CA,CA,Homo sapiens,,4/29/2020
MT533229,2020-05-28T00:00:00Z,Severe acute respiratory syndrome-related coronavirus,29803,USA: CA,CA,Homo sapiens,,4/29/2020
MT533230,2020-05-28T00:00:00Z,Severe acute respiratory syndrome-related coronavirus,29805,USA: CA,CA,Homo sapiens,,4/29/2020
MT533231,2020-05-28T00:00:00Z,Severe acute respiratory syndrome-related coronavirus,29799,USA: CA,CA,Homo sapiens,,4/29/2020
MT533232,2020-05-28T00:00:00Z,Severe acute respiratory syndrome-related coronavirus,29842,USA: CA,CA,Homo sapiens,,3/15/2020
MT533233,2020-05-28T00:00:00Z,Severe acute respiratory syndrome-related coronavirus,29854,USA: CA,CA,Homo sapiens,,3/27/2020
MT533234,2020-05-28T00:00:00Z,Severe acute respiratory syndrome-related coronavirus,29880,USA: CA,CA,Homo sapiens,,3/28/2020
MT533235,2020-05-28T00:00:00Z,Severe acute respiratory syndrome-related coronavirus,29804,USA: CA,CA,Homo sapiens,,3/31/2020
MT533236,2020-05-28T00:00:00Z,Severe acute respiratory syndrome-related coronavirus,29860,USA: CA,CA,Homo sapiens,,4/1/2020
MT533237,2020-05-28T00:00:00Z,Severe acute respiratory syndrome-related coronavirus,29806,USA: CA,CA,Homo sapiens,,4/1/2020
MT533238,2020-05-28T00:00:00Z,Severe acute respiratory syndrome-related coronavirus,29827,USA: CA,CA,Homo sapiens,,4/2/2020
MT506974,2020-05-27T00:00:00Z,Severe acute respiratory syndrome-related coronavirus,29828,USA: FL,FL,Homo sapiens,,4/5/2020
MT506975,2020-05-27T00:00:00Z,Severe acute respiratory syndrome-related coronavirus,29865,USA: FL,FL,Homo sapiens,,4/5/2020
MT506976,2020-05-27T00:00:00Z,Severe acute respiratory syndrome-related coronavirus,29870,USA: FL,FL,Homo sapiens,,4/5/2020
MT506977,2020-05-27T00:00:00Z,Severe acute respiratory syndrome-related coronavirus,29833,USA: FL,FL,Homo sapiens,,4/3/2020
MT506978,2020-05-27T00:00:00Z,Severe acute respiratory syndrome-related coronavirus,29864,USA: FL,FL,Homo sapiens,,4/5/2020
MT506979,2020-05-27T00:00:00Z,Severe acute respiratory syndrome-related coronavirus,29831,USA: FL,FL,Homo sapiens,,4/4/2020
MT506980,2020-05-27T00:00:00Z,Severe acute respiratory syndrome-related coronavirus,29825,USA: FL,FL,Homo sapiens,,4/4/2020
MT506981,2020-05-27T00:00:00Z,Severe acute respiratory syndrome-related coronavirus,29864,USA: FL,FL,Homo sapiens,,4/3/2020
MT506982,2020-05-27T00:00:00Z,Severe acute respiratory syndrome-related coronavirus,29835,USA: FL,FL,Homo sapiens,,4/4/2020
MT506983,2020-05-27T00:00:00Z,Severe acute respiratory syndrome-related coronavirus,29794,USA: FL,FL,Homo sapiens,,4/6/2020
MT506984,2020-05-27T00:00:00Z,Severe acute respiratory syndrome-related coronavirus,29833,USA: FL,FL,Homo sapiens,,4/4/2020
MT506985,2020-05-27T00:00:00Z,Severe acute respiratory syndrome-related coronavirus,29832,USA: FL,FL,Homo sapiens,,4/4/2020
MT506986,2020-05-27T00:00:00Z,Severe acute respiratory syndrome-related coronavirus,29856,USA: FL,FL,Homo sapiens,,4/8/2020
MT506987,2020-05-27T00:00:00Z,Severe acute respiratory syndrome-related coronavirus,29831,USA: FL,FL,Homo sapiens,,4/8/2020
MT506988,2020-05-27T00:00:00Z,Severe acute respiratory syndrome-related coronavirus,29831,USA: FL,FL,Homo sapiens,,4/9/2020
MT506989,2020-05-27T00:00:00Z,Severe acute respiratory syndrome-related coronavirus,29832,USA: FL,FL,Homo sapiens,,4/9/2020
MT506990,2020-05-27T00:00:00Z,Severe acute respiratory syndrome-related coronavirus,29831,USA: FL,FL,Homo sapiens,,4/8/2020
MT506991,2020-05-27T00:00:00Z,Severe acute respiratory syndrome-related coronavirus,29850,USA: FL,FL,Homo sapiens,,4/9/2020
MT506992,2020-05-27T00:00:00Z,Severe acute respiratory syndrome-related coronavirus,29829,USA: FL,FL,Homo sapiens,,4/15/2020
MT506993,2020-05-27T00:00:00Z,Severe acute respiratory syndrome-related coronavirus,29863,USA: FL,FL,Homo sapiens,,4/15/2020
MT506994,2020-05-27T00:00:00Z,Severe acute respiratory syndrome-related coronavirus,29832,USA: FL,FL,Homo sapiens,,4/15/2020
MT506995,2020-05-27T00:00:00Z,Severe acute respiratory syndrome-related coronavirus,29832,USA: FL,FL,Homo sapiens,,4/15/2020
MT506996,2020-05-27T00:00:00Z,Severe acute respiratory syndrome-related coronavirus,29803,USA: FL,FL,Homo sapiens,,4/15/2020
MT506997,2020-05-27T00:00:00Z,Severe acute respiratory syndrome-related coronavirus,29832,USA: FL,FL,Homo sapiens,,4/16/2020
MT506998,2020-05-27T00:00:00Z,Severe acute respiratory syndrome-related coronavirus,29802,USA: FL,FL,Homo sapiens,,4/16/2020
MT506999,2020-05-27T00:00:00Z,Severe acute respiratory syndrome-related coronavirus,29827,USA: FL,FL,Homo sapiens,,4/16/2020
MT507000,2020-05-27T00:00:00Z,Severe acute respiratory syndrome-related coronavirus,29870,USA: FL,FL,Homo sapiens,,4/16/2020
MT507001,2020-05-27T00:00:00Z,Severe acute respiratory syndrome-related coronavirus,29831,USA: FL,FL,Homo sapiens,,4/16/2020
MT507002,2020-05-27T00:00:00Z,Severe acute respiratory syndrome-related coronavirus,29860,USA: FL,FL,Homo sapiens,,4/16/2020
MT507003,2020-05-27T00:00:00Z,Severe acute respiratory syndrome-related coronavirus,29836,USA: FL,FL,Homo sapiens,,4/16/2020
MT507004,2020-05-27T00:00:00Z,Severe acute respiratory syndrome-related coronavirus,29831,USA: FL,FL,Homo sapiens,,4/16/2020
MT507005,2020-05-27T00:00:00Z,Severe acute respiratory syndrome-related coronavirus,29796,USA: FL,FL,Homo sapiens,,4/16/2020
MT507006,2020-05-27T00:00:00Z,Severe acute respiratory syndrome-related coronavirus,29863,USA: FL,FL,Homo sapiens,,4/16/2020
MT507007,2020-05-27T00:00:00Z,Severe acute respiratory syndrome-related coronavirus,29832,USA: FL,FL,Homo sapiens,,4/16/2020
MT507008,2020-05-27T00:00:00Z,Severe acute respiratory syndrome-related coronavirus,29834,USA: FL,FL,Homo sapiens,,4/16/2020
MT507009,2020-05-27T00:00:00Z,Severe acute respiratory syndrome-related coronavirus,29831,USA: FL,FL,Homo sapiens,,4/16/2020
MT507010,2020-05-27T00:00:00Z,Severe acute respiratory syndrome-related coronavirus,29828,USA: FL,FL,Homo sapiens,,4/16/2020
MT507011,2020-05-27T00:00:00Z,Severe acute respiratory syndrome-related coronavirus,29782,USA: FL,FL,Homo sapiens,,4/17/2020
MT507012,2020-05-27T00:00:00Z,Severe acute respiratory syndrome-related coronavirus,29831,USA: FL,FL,Homo sapiens,,4/17/2020
MT507013,2020-05-27T00:00:00Z,Severe acute respiratory syndrome-related coronavirus,29828,USA: FL,FL,Homo sapiens,,4/17/2020
MT507014,2020-05-27T00:00:00Z,Severe acute respiratory syndrome-related coronavirus,29893,USA: FL,FL,Homo sapiens,,4/17/2020
MT507015,2020-05-27T00:00:00Z,Severe acute respiratory syndrome-related coronavirus,29827,USA: FL,FL,Homo sapiens,,4/17/2020
MT507016,2020-05-27T00:00:00Z,Severe acute respiratory syndrome-related coronavirus,29802,USA: FL,FL,Homo sapiens,,4/17/2020
MT507017,2020-05-27T00:00:00Z,Severe acute respiratory syndrome-related coronavirus,29782,USA: FL,FL,Homo sapiens,,4/17/2020
MT507018,2020-05-27T00:00:00Z,Severe acute respiratory syndrome-related coronavirus,29864,USA: FL,FL,Homo sapiens,,4/17/2020
MT507019,2020-05-27T00:00:00Z,Severe acute respiratory syndrome-related coronavirus,29862,USA: FL,FL,Homo sapiens,,4/17/2020
MT507020,2020-05-27T00:00:00Z,Severe acute respiratory syndrome-related coronavirus,29857,USA: FL,FL,Homo sapiens,,4/17/2020
MT507021,2020-05-27T00:00:00Z,Severe acute respiratory syndrome-related coronavirus,29863,USA: FL,FL,Homo sapiens,,4/17/2020
MT507022,2020-05-27T00:00:00Z,Severe acute respiratory syndrome-related coronavirus,29803,USA: FL,FL,Homo sapiens,,4/17/2020
MT507023,2020-05-27T00:00:00Z,Severe acute respiratory syndrome-related coronavirus,29803,USA: FL,FL,Homo sapiens,,4/17/2020
MT507024,2020-05-27T00:00:00Z,Severe acute respiratory syndrome-related coronavirus,29829,USA: FL,FL,Homo sapiens,,4/17/2020
MT507025,2020-05-27T00:00:00Z,Severe acute respiratory syndrome-related coronavirus,29803,USA: FL,FL,Homo sapiens,,4/20/2020
MT507026,2020-05-27T00:00:00Z,Severe acute respiratory syndrome-related coronavirus,29006,USA: FL,FL,Homo sapiens,,4/20/2020
MT507027,2020-05-27T00:00:00Z,Severe acute respiratory syndrome-related coronavirus,29805,USA: FL,FL,Homo sapiens,,4/20/2020
MT507028,2020-05-27T00:00:00Z,Severe acute respiratory syndrome-related coronavirus,29819,USA: FL,FL,Homo sapiens,,4/21/2020
MT507029,2020-05-27T00:00:00Z,Severe acute respiratory syndrome-related coronavirus,29803,USA: FL,FL,Homo sapiens,,4/21/2020
MT507030,2020-05-27T00:00:00Z,Severe acute respiratory syndrome-related coronavirus,29811,USA: FL,FL,Homo sapiens,,4/21/2020
MT507031,2020-05-27T00:00:00Z,Severe acute respiratory syndrome-related coronavirus,29834,USA: FL,FL,Homo sapiens,,4/21/2020
MT507032,2020-05-27T00:00:00Z,Severe acute respiratory syndrome-related coronavirus,29834,USA: FL,FL,Homo sapiens,,4/21/2020
MT522852,2020-05-27T00:00:00Z,Severe acute respiratory syndrome-related coronavirus,29834,USA,,Homo sapiens,oronasopharynx,2020-04
MT522853,2020-05-27T00:00:00Z,Severe acute respiratory syndrome-related coronavirus,29834,USA,,Homo sapiens,oronasopharynx,2020-04
MT522854,2020-05-27T00:00:00Z,Severe acute respiratory syndrome-related coronavirus,29835,USA,,Homo sapiens,oronasopharynx,2020-04
MT522855,2020-05-27T00:00:00Z,Severe acute respiratory syndrome-related coronavirus,29834,USA,,Homo sapiens,oronasopharynx,2020-04
MT510718,2020-05-26T00:00:00Z,Severe acute respiratory syndrome-related coronavirus,29799,USA,,Homo sapiens,oronasopharynx,3/15/2020
MT510719,2020-05-26T00:00:00Z,Severe acute respiratory syndrome-related coronavirus,29745,USA,,Homo sapiens,oronasopharynx,3/14/2020
MT510720,2020-05-26T00:00:00Z,Severe acute respiratory syndrome-related coronavirus,29446,USA,,Homo sapiens,oronasopharynx,3/14/2020
MT510721,2020-05-26T00:00:00Z,Severe acute respiratory syndrome-related coronavirus,29645,USA,,Homo sapiens,oronasopharynx,3/14/2020
MT510722,2020-05-26T00:00:00Z,Severe acute respiratory syndrome-related coronavirus,29799,USA,,Homo sapiens,oronasopharynx,3/19/2020
MT510723,2020-05-26T00:00:00Z,Severe acute respiratory syndrome-related coronavirus,29719,USA,,Homo sapiens,oronasopharynx,3/19/2020
MT510724,2020-05-26T00:00:00Z,Severe acute respiratory syndrome-related coronavirus,29310,USA,,Homo sapiens,oronasopharynx,3/17/2020
MT510725,2020-05-26T00:00:00Z,Severe acute respiratory syndrome-related coronavirus,29799,USA,,Homo sapiens,oronasopharynx,3/20/2020
MT510726,2020-05-26T00:00:00Z,Severe acute respiratory syndrome-related coronavirus,29799,USA,,Homo sapiens,oronasopharynx,3/20/2020
MT511673,2020-05-26T00:00:00Z,Severe acute respiratory syndrome-related coronavirus,29901,USA: FL,FL,Homo sapiens,,4/7/2020
MT511674,2020-05-26T00:00:00Z,Severe acute respiratory syndrome-related coronavirus,29894,USA: FL,FL,Homo sapiens,,4/7/2020
MT511675,2020-05-26T00:00:00Z,Severe acute respiratory syndrome-related coronavirus,29902,USA: FL,FL,Homo sapiens,,4/7/2020
MT511676,2020-05-26T00:00:00Z,Severe acute respiratory syndrome-related coronavirus,29899,USA: FL,FL,Homo sapiens,,4/9/2020
MT511677,2020-05-26T00:00:00Z,Severe acute respiratory syndrome-related coronavirus,29784,USA: FL,FL,Homo sapiens,,4/9/2020
MT511678,2020-05-26T00:00:00Z,Severe acute respiratory syndrome-related coronavirus,29901,USA: FL,FL,Homo sapiens,,4/9/2020
MT511679,2020-05-26T00:00:00Z,Severe acute respiratory syndrome-related coronavirus,29903,USA: FL,FL,Homo sapiens,,4/9/2020
MT511680,2020-05-26T00:00:00Z,Severe acute respiratory syndrome-related coronavirus,29892,USA: FL,FL,Homo sapiens,,4/9/2020
MT511681,2020-05-26T00:00:00Z,Severe acute respiratory syndrome-related coronavirus,29782,USA: FL,FL,Homo sapiens,,4/9/2020
MT511682,2020-05-26T00:00:00Z,Severe acute respiratory syndrome-related coronavirus,29795,USA: FL,FL,Homo sapiens,,4/10/2020
MT511683,2020-05-26T00:00:00Z,Severe acute respiratory syndrome-related coronavirus,29782,USA: FL,FL,Homo sapiens,,4/9/2020
MT511684,2020-05-26T00:00:00Z,Severe acute respiratory syndrome-related coronavirus,29833,USA: FL,FL,Homo sapiens,,4/10/2020
MT511685,2020-05-26T00:00:00Z,Severe acute respiratory syndrome-related coronavirus,29828,USA: FL,FL,Homo sapiens,,4/10/2020
MT511686,2020-05-26T00:00:00Z,Severe acute respiratory syndrome-related coronavirus,29815,USA: FL,FL,Homo sapiens,,4/10/2020
MT511687,2020-05-26T00:00:00Z,Severe acute respiratory syndrome-related coronavirus,29795,USA: FL,FL,Homo sapiens,,4/10/2020
MT511688,2020-05-26T00:00:00Z,Severe acute respiratory syndrome-related coronavirus,29800,USA: FL,FL,Homo sapiens,,4/10/2020
MT511689,2020-05-26T00:00:00Z,Severe acute respiratory syndrome-related coronavirus,29623,USA: FL,FL,Homo sapiens,,4/10/2020
MT511690,2020-05-26T00:00:00Z,Severe acute respiratory syndrome-related coronavirus,29797,USA: FL,FL,Homo sapiens,,4/10/2020
MT511691,2020-05-26T00:00:00Z,Severe acute respiratory syndrome-related coronavirus,29832,USA: FL,FL,Homo sapiens,,4/10/2020
MT511692,2020-05-26T00:00:00Z,Severe acute respiratory syndrome-related coronavirus,29795,USA: FL,FL,Homo sapiens,,4/11/2020
MT511693,2020-05-26T00:00:00Z,Severe acute respiratory syndrome-related coronavirus,29818,USA: FL,FL,Homo sapiens,,4/11/2020
MT511694,2020-05-26T00:00:00Z,Severe acute respiratory syndrome-related coronavirus,29797,USA: FL,FL,Homo sapiens,,4/11/2020
MT511695,2020-05-26T00:00:00Z,Severe acute respiratory syndrome-related coronavirus,29803,USA: FL,FL,Homo sapiens,,4/11/2020
MT511696,2020-05-26T00:00:00Z,Severe acute respiratory syndrome-related coronavirus,29803,USA: FL,FL,Homo sapiens,,4/11/2020
MT511697,2020-05-26T00:00:00Z,Severe acute respiratory syndrome-related coronavirus,29649,USA: FL,FL,Homo sapiens,,4/11/2020
MT511698,2020-05-26T00:00:00Z,Severe acute respiratory syndrome-related coronavirus,29829,USA: FL,FL,Homo sapiens,,4/11/2020
MT511699,2020-05-26T00:00:00Z,Severe acute respiratory syndrome-related coronavirus,29803,USA: FL,FL,Homo sapiens,,4/11/2020
MT511700,2020-05-26T00:00:00Z,Severe acute respiratory syndrome-related coronavirus,29832,USA: FL,FL,Homo sapiens,,4/11/2020
MT511701,2020-05-26T00:00:00Z,Severe acute respiratory syndrome-related coronavirus,29800,USA: FL,FL,Homo sapiens,,4/12/2020
MT512415,2020-05-26T00:00:00Z,Severe acute respiratory syndrome-related coronavirus,29876,USA,,Homo sapiens,oronasopharynx,3/9/2020
MT512416,2020-05-26T00:00:00Z,Severe acute respiratory syndrome-related coronavirus,29882,USA,,Homo sapiens,oronasopharynx,3/10/2020
MT512417,2020-05-26T00:00:00Z,Severe acute respiratory syndrome-related coronavirus,29882,USA,,Homo sapiens,oronasopharynx,3/5/2020
MT512418,2020-05-26T00:00:00Z,Severe acute respiratory syndrome-related coronavirus,29861,USA,,Homo sapiens,oronasopharynx,3/9/2020
MT512419,2020-05-26T00:00:00Z,Severe acute respiratory syndrome-related coronavirus,29861,USA,,Homo sapiens,oronasopharynx,3/9/2020
MT512420,2020-05-26T00:00:00Z,Severe acute respiratory syndrome-related coronavirus,29882,USA,,Homo sapiens,oronasopharynx,3/21/2020
MT512421,2020-05-26T00:00:00Z,Severe acute respiratory syndrome-related coronavirus,29882,USA,,Homo sapiens,oronasopharynx,3/23/2020
MT512422,2020-05-26T00:00:00Z,Severe acute respiratory syndrome-related coronavirus,29882,USA,,Homo sapiens,oronasopharynx,3/23/2020
MT512423,2020-05-26T00:00:00Z,Severe acute respiratory syndrome-related coronavirus,29882,USA,,Homo sapiens,oronasopharynx,3/23/2020
MT512424,2020-05-26T00:00:00Z,Severe acute respiratory syndrome-related coronavirus,29882,USA,,Homo sapiens,oronasopharynx,3/3/2020
MT512425,2020-05-26T00:00:00Z,Severe acute respiratory syndrome-related coronavirus,29882,USA,,Homo sapiens,oronasopharynx,3/7/2020
MT512426,2020-05-26T00:00:00Z,Severe acute respiratory syndrome-related coronavirus,29882,USA,,Homo sapiens,oronasopharynx,3/8/2020
MT512427,2020-05-26T00:00:00Z,Severe acute respiratory syndrome-related coronavirus,29882,USA,,Homo sapiens,oronasopharynx,3/7/2020
MT512428,2020-05-26T00:00:00Z,Severe acute respiratory syndrome-related coronavirus,29882,USA,,Homo sapiens,oronasopharynx,3/8/2020
MT512429,2020-05-26T00:00:00Z,Severe acute respiratory syndrome-related coronavirus,29882,USA,,Homo sapiens,oronasopharynx,3/9/2020
MT512430,2020-05-26T00:00:00Z,Severe acute respiratory syndrome-related coronavirus,29882,USA,,Homo sapiens,oronasopharynx,3/7/2020
MT512431,2020-05-26T00:00:00Z,Severe acute respiratory syndrome-related coronavirus,29882,USA,,Homo sapiens,oronasopharynx,3/9/2020
MT512433,2020-05-26T00:00:00Z,Severe acute respiratory syndrome-related coronavirus,29882,USA,,Homo sapiens,oronasopharynx,3/10/2020
MT512434,2020-05-26T00:00:00Z,Severe acute respiratory syndrome-related coronavirus,29882,USA,,Homo sapiens,oronasopharynx,3/10/2020
MT512435,2020-05-26T00:00:00Z,Severe acute respiratory syndrome-related coronavirus,29882,USA,,Homo sapiens,oronasopharynx,3/10/2020
MT512436,2020-05-26T00:00:00Z,Severe acute respiratory syndrome-related coronavirus,29882,USA,,Homo sapiens,oronasopharynx,3/10/2020
MT512437,2020-05-26T00:00:00Z,Severe acute respiratory syndrome-related coronavirus,29882,USA,,Homo sapiens,oronasopharynx,3/9/2020
MT512438,2020-05-26T00:00:00Z,Severe acute respiratory syndrome-related coronavirus,29882,USA,,Homo sapiens,oronasopharynx,3/9/2020
MT512439,2020-05-26T00:00:00Z,Severe acute respiratory syndrome-related coronavirus,29882,USA,,Homo sapiens,oronasopharynx,3/9/2020
MT512440,2020-05-26T00:00:00Z,Severe acute respiratory syndrome-related coronavirus,29882,USA,,Homo sapiens,oronasopharynx,3/10/2020
MT512441,2020-05-26T00:00:00Z,Severe acute respiratory syndrome-related coronavirus,29882,USA,,Homo sapiens,oronasopharynx,3/10/2020
MT512442,2020-05-26T00:00:00Z,Severe acute respiratory syndrome-related coronavirus,29882,USA,,Homo sapiens,oronasopharynx,3/10/2020
MT512443,2020-05-26T00:00:00Z,Severe acute respiratory syndrome-related coronavirus,29882,USA,,Homo sapiens,oronasopharynx,3/11/2020
MT512444,2020-05-26T00:00:00Z,Severe acute respiratory syndrome-related coronavirus,29882,USA,,Homo sapiens,swab,3/3/2020
MT512445,2020-05-26T00:00:00Z,Severe acute respiratory syndrome-related coronavirus,29882,USA,,Homo sapiens,oronasopharynx,3/10/2020
MT512446,2020-05-26T00:00:00Z,Severe acute respiratory syndrome-related coronavirus,29882,USA,,Homo sapiens,oronasopharynx,3/13/2020
MT512447,2020-05-26T00:00:00Z,Severe acute respiratory syndrome-related coronavirus,29882,USA,,Homo sapiens,oronasopharynx,3/17/2020
MT512644,2020-05-26T00:00:00Z,Severe acute respiratory syndrome-related coronavirus,29882,USA,,Homo sapiens,oronasopharynx,4/28/2020
MT512645,2020-05-26T00:00:00Z,Severe acute respiratory syndrome-related coronavirus,29882,USA,,Homo sapiens,oronasopharynx,5/5/2020
MT509669,2020-05-24T00:00:00Z,Severe acute respiratory syndrome-related coronavirus,29802,USA: Michigan,MI,Homo sapiens,,3/11/2020
MT509670,2020-05-24T00:00:00Z,Severe acute respiratory syndrome-related coronavirus,29798,USA: Michigan,MI,Homo sapiens,,3/15/2020
MT509671,2020-05-24T00:00:00Z,Severe acute respiratory syndrome-related coronavirus,29798,USA: Michigan,MI,Homo sapiens,,3/14/2020
MT509672,2020-05-24T00:00:00Z,Severe acute respiratory syndrome-related coronavirus,29804,USA: Michigan,MI,Homo sapiens,,3/15/2020
MT509673,2020-05-24T00:00:00Z,Severe acute respiratory syndrome-related coronavirus,29804,USA: Michigan,MI,Homo sapiens,,3/14/2020
MT509674,2020-05-24T00:00:00Z,Severe acute respiratory syndrome-related coronavirus,29820,USA: Michigan,MI,Homo sapiens,,3/15/2020
MT509675,2020-05-24T00:00:00Z,Severe acute respiratory syndrome-related coronavirus,29793,USA: Michigan,MI,Homo sapiens,,3/18/2020
MT509676,2020-05-24T00:00:00Z,Severe acute respiratory syndrome-related coronavirus,29798,USA: Michigan,MI,Homo sapiens,,3/18/2020
MT509677,2020-05-24T00:00:00Z,Severe acute respiratory syndrome-related coronavirus,29798,USA: Michigan,MI,Homo sapiens,,3/19/2020
MT509678,2020-05-24T00:00:00Z,Severe acute respiratory syndrome-related coronavirus,29804,USA: Michigan,MI,Homo sapiens,,3/19/2020
MT509679,2020-05-24T00:00:00Z,Severe acute respiratory syndrome-related coronavirus,29780,USA: Michigan,MI,Homo sapiens,,3/19/2020
MT509680,2020-05-24T00:00:00Z,Severe acute respiratory syndrome-related coronavirus,29803,USA: Michigan,MI,Homo sapiens,,3/19/2020
MT509681,2020-05-24T00:00:00Z,Severe acute respiratory syndrome-related coronavirus,29797,USA: Michigan,MI,Homo sapiens,,3/20/2020
MT509682,2020-05-24T00:00:00Z,Severe acute respiratory syndrome-related coronavirus,29797,USA: Michigan,MI,Homo sapiens,,3/24/2020
MT509683,2020-05-24T00:00:00Z,Severe acute respiratory syndrome-related coronavirus,29804,USA: Michigan,MI,Homo sapiens,,3/24/2020
MT509684,2020-05-24T00:00:00Z,Severe acute respiratory syndrome-related coronavirus,29794,USA: Michigan,MI,Homo sapiens,,3/23/2020
MT509685,2020-05-24T00:00:00Z,Severe acute respiratory syndrome-related coronavirus,29796,USA: Michigan,MI,Homo sapiens,,3/25/2020
MT509686,2020-05-24T00:00:00Z,Severe acute respiratory syndrome-related coronavirus,29804,USA: Michigan,MI,Homo sapiens,,3/25/2020
MT509687,2020-05-24T00:00:00Z,Severe acute respiratory syndrome-related coronavirus,29812,USA: Michigan,MI,Homo sapiens,,3/27/2020
MT509688,2020-05-24T00:00:00Z,Severe acute respiratory syndrome-related coronavirus,29817,USA: Michigan,MI,Homo sapiens,,3/26/2020
MT509689,2020-05-24T00:00:00Z,Severe acute respiratory syndrome-related coronavirus,29796,USA: Michigan,MI,Homo sapiens,,3/28/2020
MT509690,2020-05-24T00:00:00Z,Severe acute respiratory syndrome-related coronavirus,29805,USA: Michigan,MI,Homo sapiens,,3/30/2020
MT509691,2020-05-24T00:00:00Z,Severe acute respiratory syndrome-related coronavirus,29812,USA: Michigan,MI,Homo sapiens,,3/29/2020
MT509692,2020-05-24T00:00:00Z,Severe acute respiratory syndrome-related coronavirus,29799,USA: Michigan,MI,Homo sapiens,,3/30/2020
MT509693,2020-05-24T00:00:00Z,Severe acute respiratory syndrome-related coronavirus,29782,USA: Michigan,MI,Homo sapiens,,3/30/2020
MT509694,2020-05-24T00:00:00Z,Severe acute respiratory syndrome-related coronavirus,29789,USA: Michigan,MI,Homo sapiens,,3/29/2020
MT509695,2020-05-24T00:00:00Z,Severe acute respiratory syndrome-related coronavirus,29798,USA: Michigan,MI,Homo sapiens,,3/29/2020
MT509696,2020-05-24T00:00:00Z,Severe acute respiratory syndrome-related coronavirus,29806,USA: Michigan,MI,Homo sapiens,,3/30/2020
MT509697,2020-05-24T00:00:00Z,Severe acute respiratory syndrome-related coronavirus,29792,USA: Michigan,MI,Homo sapiens,,3/30/2020
MT509698,2020-05-24T00:00:00Z,Severe acute respiratory syndrome-related coronavirus,29804,USA: Michigan,MI,Homo sapiens,,3/30/2020
MT509699,2020-05-24T00:00:00Z,Severe acute respiratory syndrome-related coronavirus,29788,USA: Michigan,MI,Homo sapiens,,3/30/2020
MT509700,2020-05-24T00:00:00Z,Severe acute respiratory syndrome-related coronavirus,29800,USA: Michigan,MI,Homo sapiens,,3/30/2020
MT509701,2020-05-24T00:00:00Z,Severe acute respiratory syndrome-related coronavirus,29804,USA: Michigan,MI,Homo sapiens,,3/30/2020
MT509702,2020-05-24T00:00:00Z,Severe acute respiratory syndrome-related coronavirus,29803,USA: Michigan,MI,Homo sapiens,,3/30/2020
MT509703,2020-05-24T00:00:00Z,Severe acute respiratory syndrome-related coronavirus,29806,USA: Michigan,MI,Homo sapiens,,3/30/2020
MT509704,2020-05-24T00:00:00Z,Severe acute respiratory syndrome-related coronavirus,29797,USA: Michigan,MI,Homo sapiens,,3/30/2020
MT509452,2020-05-23T00:00:00Z,Severe acute respiratory syndrome-related coronavirus,29782,USA,,Homo sapiens,oronasopharynx,3/21/2020
MT509453,2020-05-23T00:00:00Z,Severe acute respiratory syndrome-related coronavirus,29782,USA,,Homo sapiens,oronasopharynx,3/14/2020
MT509454,2020-05-23T00:00:00Z,Severe acute respiratory syndrome-related coronavirus,29782,USA,,Homo sapiens,oronasopharynx,3/13/2020
MT509455,2020-05-23T00:00:00Z,Severe acute respiratory syndrome-related coronavirus,29782,USA,,Homo sapiens,oronasopharynx,3/20/2020
MT509456,2020-05-23T00:00:00Z,Severe acute respiratory syndrome-related coronavirus,29782,USA,,Homo sapiens,oronasopharynx,3/20/2020
MT509457,2020-05-23T00:00:00Z,Severe acute respiratory syndrome-related coronavirus,29782,USA,,Homo sapiens,oronasopharynx,3/19/2020
MT509458,2020-05-23T00:00:00Z,Severe acute respiratory syndrome-related coronavirus,29782,USA,,Homo sapiens,oronasopharynx,3/24/2020
MT509459,2020-05-23T00:00:00Z,Severe acute respiratory syndrome-related coronavirus,29782,USA,,Homo sapiens,oronasopharynx,3/14/2020
MT509460,2020-05-23T00:00:00Z,Severe acute respiratory syndrome-related coronavirus,29782,USA,,Homo sapiens,oronasopharynx,3/19/2020
MT509461,2020-05-23T00:00:00Z,Severe acute respiratory syndrome-related coronavirus,29782,USA,,Homo sapiens,oronasopharynx,3/22/2020
MT509462,2020-05-23T00:00:00Z,Severe acute respiratory syndrome-related coronavirus,29782,USA,,Homo sapiens,oronasopharynx,3/24/2020
MT509463,2020-05-23T00:00:00Z,Severe acute respiratory syndrome-related coronavirus,29782,USA,,Homo sapiens,oronasopharynx,3/7/2020
MT509464,2020-05-23T00:00:00Z,Severe acute respiratory syndrome-related coronavirus,29782,USA,,Homo sapiens,oronasopharynx,3/14/2020
MT509465,2020-05-23T00:00:00Z,Severe acute respiratory syndrome-related coronavirus,29782,USA,,Homo sapiens,oronasopharynx,3/15/2020
MT509466,2020-05-23T00:00:00Z,Severe acute respiratory syndrome-related coronavirus,29782,USA,,Homo sapiens,oronasopharynx,3/17/2020
MT509467,2020-05-23T00:00:00Z,Severe acute respiratory syndrome-related coronavirus,29782,USA,,Homo sapiens,oronasopharynx,3/22/2020
MT509468,2020-05-23T00:00:00Z,Severe acute respiratory syndrome-related coronavirus,29782,USA,,Homo sapiens,oronasopharynx,3/21/2020
MT509469,2020-05-23T00:00:00Z,Severe acute respiratory syndrome-related coronavirus,29782,USA,,Homo sapiens,oronasopharynx,3/14/2020
MT509470,2020-05-23T00:00:00Z,Severe acute respiratory syndrome-related coronavirus,29782,USA,,Homo sapiens,oronasopharynx,3/21/2020
MT509471,2020-05-23T00:00:00Z,Severe acute respiratory syndrome-related coronavirus,29782,USA,,Homo sapiens,oronasopharynx,3/17/2020
MT509472,2020-05-23T00:00:00Z,Severe acute respiratory syndrome-related coronavirus,29782,USA,,Homo sapiens,oronasopharynx,3/11/2020
MT509473,2020-05-23T00:00:00Z,Severe acute respiratory syndrome-related coronavirus,29782,USA,,Homo sapiens,oronasopharynx,3/20/2020
MT509474,2020-05-23T00:00:00Z,Severe acute respiratory syndrome-related coronavirus,29782,USA,,Homo sapiens,oronasopharynx,3/8/2020
MT509475,2020-05-23T00:00:00Z,Severe acute respiratory syndrome-related coronavirus,29782,USA,,Homo sapiens,oronasopharynx,3/11/2020
MT509476,2020-05-23T00:00:00Z,Severe acute respiratory syndrome-related coronavirus,29782,USA,,Homo sapiens,oronasopharynx,3/17/2020
MT509477,2020-05-23T00:00:00Z,Severe acute respiratory syndrome-related coronavirus,29782,USA,,Homo sapiens,oronasopharynx,3/20/2020
MT509478,2020-05-23T00:00:00Z,Severe acute respiratory syndrome-related coronavirus,29782,USA,,Homo sapiens,oronasopharynx,3/8/2020
MT509479,2020-05-23T00:00:00Z,Severe acute respiratory syndrome-related coronavirus,29782,USA,,Homo sapiens,oronasopharynx,3/24/2020
MT509480,2020-05-23T00:00:00Z,Severe acute respiratory syndrome-related coronavirus,29782,USA,,Homo sapiens,oronasopharynx,3/26/2020
MT509481,2020-05-23T00:00:00Z,Severe acute respiratory syndrome-related coronavirus,29782,USA,,Homo sapiens,oronasopharynx,3/30/2020
MT509482,2020-05-23T00:00:00Z,Severe acute respiratory syndrome-related coronavirus,29782,USA,,Homo sapiens,oronasopharynx,3/31/2020
MT509483,2020-05-23T00:00:00Z,Severe acute respiratory syndrome-related coronavirus,29782,USA,,Homo sapiens,oronasopharynx,3/27/2020
MT509484,2020-05-23T00:00:00Z,Severe acute respiratory syndrome-related coronavirus,29782,USA,,Homo sapiens,oronasopharynx,3/26/2020
MT509485,2020-05-23T00:00:00Z,Severe acute respiratory syndrome-related coronavirus,29782,USA,,Homo sapiens,oronasopharynx,3/14/2020
MT509486,2020-05-23T00:00:00Z,Severe acute respiratory syndrome-related coronavirus,29782,USA,,Homo sapiens,oronasopharynx,3/18/2020
MT509487,2020-05-23T00:00:00Z,Severe acute respiratory syndrome-related coronavirus,29782,USA,,Homo sapiens,oronasopharynx,3/17/2020
MT509488,2020-05-23T00:00:00Z,Severe acute respiratory syndrome-related coronavirus,29782,USA,,Homo sapiens,oronasopharynx,3/16/2020
MT509489,2020-05-23T00:00:00Z,Severe acute respiratory syndrome-related coronavirus,29782,USA,,Homo sapiens,oronasopharynx,3/17/2020
MT509490,2020-05-23T00:00:00Z,Severe acute respiratory syndrome-related coronavirus,29782,USA,,Homo sapiens,oronasopharynx,3/14/2020
MT509491,2020-05-23T00:00:00Z,Severe acute respiratory syndrome-related coronavirus,29782,USA,,Homo sapiens,oronasopharynx,3/26/2020
MT509492,2020-05-23T00:00:00Z,Severe acute respiratory syndrome-related coronavirus,29782,USA,,Homo sapiens,oronasopharynx,3/17/2020
MT509493,2020-05-23T00:00:00Z,Severe acute respiratory syndrome-related coronavirus,29782,USA,,Homo sapiens,oronasopharynx,3/23/2020
MT506199,2020-05-22T00:00:00Z,Severe acute respiratory syndrome-related coronavirus,29813,USA: Michigan,MI,Homo sapiens,,3/10/2020
MT506200,2020-05-22T00:00:00Z,Severe acute respiratory syndrome-related coronavirus,29803,USA: Michigan,MI,Homo sapiens,,3/13/2020
MT506201,2020-05-22T00:00:00Z,Severe acute respiratory syndrome-related coronavirus,29847,USA: Michigan,MI,Homo sapiens,,3/14/2020
MT506202,2020-05-22T00:00:00Z,Severe acute respiratory syndrome-related coronavirus,29804,USA: Michigan,MI,Homo sapiens,,3/13/2020
MT506203,2020-05-22T00:00:00Z,Severe acute respiratory syndrome-related coronavirus,29810,USA: Michigan,MI,Homo sapiens,,3/14/2020
MT506204,2020-05-22T00:00:00Z,Severe acute respiratory syndrome-related coronavirus,29798,USA: Michigan,MI,Homo sapiens,,3/14/2020
MT506205,2020-05-22T00:00:00Z,Severe acute respiratory syndrome-related coronavirus,29809,USA: Michigan,MI,Homo sapiens,,3/14/2020
MT506206,2020-05-22T00:00:00Z,Severe acute respiratory syndrome-related coronavirus,29796,USA: Michigan,MI,Homo sapiens,,3/14/2020
MT506207,2020-05-22T00:00:00Z,Severe acute respiratory syndrome-related coronavirus,29797,USA: Michigan,MI,Homo sapiens,,3/15/2020
MT506208,2020-05-22T00:00:00Z,Severe acute respiratory syndrome-related coronavirus,29770,USA: Michigan,MI,Homo sapiens,,3/13/2020
MT506209,2020-05-22T00:00:00Z,Severe acute respiratory syndrome-related coronavirus,29805,USA: Michigan,MI,Homo sapiens,,3/15/2020
MT506210,2020-05-22T00:00:00Z,Severe acute respiratory syndrome-related coronavirus,29793,USA: Ohio,OH,Homo sapiens,,3/13/2020
MT506211,2020-05-22T00:00:00Z,Severe acute respiratory syndrome-related coronavirus,29793,USA: Michigan,MI,Homo sapiens,,3/16/2020
MT506212,2020-05-22T00:00:00Z,Severe acute respiratory syndrome-related coronavirus,29787,USA: Michigan,MI,Homo sapiens,,3/17/2020
MT506213,2020-05-22T00:00:00Z,Severe acute respiratory syndrome-related coronavirus,29799,USA: Michigan,MI,Homo sapiens,,3/17/2020
MT506214,2020-05-22T00:00:00Z,Severe acute respiratory syndrome-related coronavirus,29814,USA: Michigan,MI,Homo sapiens,,3/23/2020
MT506215,2020-05-22T00:00:00Z,Severe acute respiratory syndrome-related coronavirus,29845,USA: Michigan,MI,Homo sapiens,,3/24/2020
MT506216,2020-05-22T00:00:00Z,Severe acute respiratory syndrome-related coronavirus,29814,USA: Michigan,MI,Homo sapiens,,3/15/2020
MT506217,2020-05-22T00:00:00Z,Severe acute respiratory syndrome-related coronavirus,29812,USA: Michigan,MI,Homo sapiens,,3/25/2020
MT506218,2020-05-22T00:00:00Z,Severe acute respiratory syndrome-related coronavirus,29681,USA: Michigan,MI,Homo sapiens,,3/24/2020
MT506219,2020-05-22T00:00:00Z,Severe acute respiratory syndrome-related coronavirus,29813,USA: Michigan,MI,Homo sapiens,,3/23/2020
MT506220,2020-05-22T00:00:00Z,Severe acute respiratory syndrome-related coronavirus,29813,USA: Michigan,MI,Homo sapiens,,3/24/2020
MT506221,2020-05-22T00:00:00Z,Severe acute respiratory syndrome-related coronavirus,29841,USA: Michigan,MI,Homo sapiens,,3/25/2020
MT506222,2020-05-22T00:00:00Z,Severe acute respiratory syndrome-related coronavirus,29857,USA: Michigan,MI,Homo sapiens,,3/24/2020
MT506223,2020-05-22T00:00:00Z,Severe acute respiratory syndrome-related coronavirus,29807,USA: Michigan,MI,Homo sapiens,,3/25/2020
MT506224,2020-05-22T00:00:00Z,Severe acute respiratory syndrome-related coronavirus,29812,USA: Michigan,MI,Homo sapiens,,3/24/2020
MT506225,2020-05-22T00:00:00Z,Severe acute respiratory syndrome-related coronavirus,29813,USA: Michigan,MI,Homo sapiens,,3/24/2020
MT506226,2020-05-22T00:00:00Z,Severe acute respiratory syndrome-related coronavirus,29813,USA: Michigan,MI,Homo sapiens,,3/25/2020
MT506227,2020-05-22T00:00:00Z,Severe acute respiratory syndrome-related coronavirus,29815,USA: Michigan,MI,Homo sapiens,,3/26/2020
MT506228,2020-05-22T00:00:00Z,Severe acute respiratory syndrome-related coronavirus,29813,USA: Michigan,MI,Homo sapiens,,3/27/2020
MT506229,2020-05-22T00:00:00Z,Severe acute respiratory syndrome-related coronavirus,29813,USA: Michigan,MI,Homo sapiens,,4/30/2020
MT506526,2020-05-22T00:00:00Z,Severe acute respiratory syndrome-related coronavirus,29812,USA: Michigan,MI,Homo sapiens,,3/13/2020
MT506527,2020-05-22T00:00:00Z,Severe acute respiratory syndrome-related coronavirus,29785,USA: Michigan,MI,Homo sapiens,,3/12/2020
MT506528,2020-05-22T00:00:00Z,Severe acute respiratory syndrome-related coronavirus,29815,USA: Michigan,MI,Homo sapiens,,3/12/2020
MT506529,2020-05-22T00:00:00Z,Severe acute respiratory syndrome-related coronavirus,29803,USA: Michigan,MI,Homo sapiens,,3/13/2020
MT506530,2020-05-22T00:00:00Z,Severe acute respiratory syndrome-related coronavirus,29804,USA: Michigan,MI,Homo sapiens,,3/15/2020
MT506531,2020-05-22T00:00:00Z,Severe acute respiratory syndrome-related coronavirus,29793,USA: Michigan,MI,Homo sapiens,,3/12/2020
MT506532,2020-05-22T00:00:00Z,Severe acute respiratory syndrome-related coronavirus,29807,USA: Michigan,MI,Homo sapiens,,3/14/2020
MT506533,2020-05-22T00:00:00Z,Severe acute respiratory syndrome-related coronavirus,29807,USA: Michigan,MI,Homo sapiens,,3/14/2020
MT506534,2020-05-22T00:00:00Z,Severe acute respiratory syndrome-related coronavirus,29808,USA: Michigan,MI,Homo sapiens,,3/14/2020
MT506535,2020-05-22T00:00:00Z,Severe acute respiratory syndrome-related coronavirus,29793,USA: Michigan,MI,Homo sapiens,,3/16/2020
MT506536,2020-05-22T00:00:00Z,Severe acute respiratory syndrome-related coronavirus,29800,USA: Michigan,MI,Homo sapiens,,3/16/2020
MT506537,2020-05-22T00:00:00Z,Severe acute respiratory syndrome-related coronavirus,29819,USA: Michigan,MI,Homo sapiens,,3/15/2020
MT506538,2020-05-22T00:00:00Z,Severe acute respiratory syndrome-related coronavirus,29804,USA: Michigan,MI,Homo sapiens,,3/18/2020
MT506539,2020-05-22T00:00:00Z,Severe acute respiratory syndrome-related coronavirus,29823,USA: Michigan,MI,Homo sapiens,,3/20/2020
MT506540,2020-05-22T00:00:00Z,Severe acute respiratory syndrome-related coronavirus,29808,USA: Michigan,MI,Homo sapiens,,3/20/2020
MT506541,2020-05-22T00:00:00Z,Severe acute respiratory syndrome-related coronavirus,29811,USA: Michigan,MI,Homo sapiens,,3/19/2020
MT506542,2020-05-22T00:00:00Z,Severe acute respiratory syndrome-related coronavirus,29802,USA: Michigan,MI,Homo sapiens,,3/20/2020
MT506543,2020-05-22T00:00:00Z,Severe acute respiratory syndrome-related coronavirus,29817,USA: Michigan,MI,Homo sapiens,,3/21/2020
MT506544,2020-05-22T00:00:00Z,Severe acute respiratory syndrome-related coronavirus,29799,USA: Michigan,MI,Homo sapiens,,3/25/2020
MT506545,2020-05-22T00:00:00Z,Severe acute respiratory syndrome-related coronavirus,29796,USA: Michigan,MI,Homo sapiens,,3/25/2020
MT506546,2020-05-22T00:00:00Z,Severe acute respiratory syndrome-related coronavirus,29804,USA: Michigan,MI,Homo sapiens,,3/27/2020
MT506547,2020-05-22T00:00:00Z,Severe acute respiratory syndrome-related coronavirus,29798,USA: Michigan,MI,Homo sapiens,,3/26/2020
MT506548,2020-05-22T00:00:00Z,Severe acute respiratory syndrome-related coronavirus,29804,USA: Michigan,MI,Homo sapiens,,3/25/2020
MT506549,2020-05-22T00:00:00Z,Severe acute respiratory syndrome-related coronavirus,29815,USA: Michigan,MI,Homo sapiens,,3/25/2020
MT506550,2020-05-22T00:00:00Z,Severe acute respiratory syndrome-related coronavirus,29810,USA: Michigan,MI,Homo sapiens,,3/27/2020
MT506551,2020-05-22T00:00:00Z,Severe acute respiratory syndrome-related coronavirus,29813,USA: Michigan,MI,Homo sapiens,,3/27/2020
MT506552,2020-05-22T00:00:00Z,Severe acute respiratory syndrome-related coronavirus,29798,USA: Michigan,MI,Homo sapiens,,3/26/2020
MT506553,2020-05-22T00:00:00Z,Severe acute respiratory syndrome-related coronavirus,29813,USA: Michigan,MI,Homo sapiens,,3/27/2020
MT506554,2020-05-22T00:00:00Z,Severe acute respiratory syndrome-related coronavirus,29805,USA: Michigan,MI,Homo sapiens,,3/27/2020
MT506555,2020-05-22T00:00:00Z,Severe acute respiratory syndrome-related coronavirus,29803,USA: Michigan,MI,Homo sapiens,,3/27/2020
MT506556,2020-05-22T00:00:00Z,Severe acute respiratory syndrome-related coronavirus,29824,USA: Michigan,MI,Homo sapiens,,3/27/2020
MT506557,2020-05-22T00:00:00Z,Severe acute respiratory syndrome-related coronavirus,29812,USA: Michigan,MI,Homo sapiens,,3/28/2020
MT506558,2020-05-22T00:00:00Z,Severe acute respiratory syndrome-related coronavirus,29802,USA: Michigan,MI,Homo sapiens,,3/27/2020
MT506559,2020-05-22T00:00:00Z,Severe acute respiratory syndrome-related coronavirus,29823,USA: Michigan,MI,Homo sapiens,,3/27/2020
MT506560,2020-05-22T00:00:00Z,Severe acute respiratory syndrome-related coronavirus,29812,USA: Michigan,MI,Homo sapiens,,3/28/2020
MT506561,2020-05-22T00:00:00Z,Severe acute respiratory syndrome-related coronavirus,29807,USA: Michigan,MI,Homo sapiens,,3/28/2020
MT506562,2020-05-22T00:00:00Z,Severe acute respiratory syndrome-related coronavirus,29825,USA: Michigan,MI,Homo sapiens,,3/28/2020
MT506563,2020-05-22T00:00:00Z,Severe acute respiratory syndrome-related coronavirus,29772,USA: Michigan,MI,Homo sapiens,,3/28/2020
MT506564,2020-05-22T00:00:00Z,Severe acute respiratory syndrome-related coronavirus,29806,USA: Michigan,MI,Homo sapiens,,3/28/2020
MT506565,2020-05-22T00:00:00Z,Severe acute respiratory syndrome-related coronavirus,29803,USA: Michigan,MI,Homo sapiens,,4/1/2020
MT506566,2020-05-22T00:00:00Z,Severe acute respiratory syndrome-related coronavirus,29806,USA: Michigan,MI,Homo sapiens,,4/2/2020
MT506567,2020-05-22T00:00:00Z,Severe acute respiratory syndrome-related coronavirus,29797,USA: Michigan,MI,Homo sapiens,,4/2/2020
MT506568,2020-05-22T00:00:00Z,Severe acute respiratory syndrome-related coronavirus,29804,USA: Michigan,MI,Homo sapiens,,4/2/2020
MT506569,2020-05-22T00:00:00Z,Severe acute respiratory syndrome-related coronavirus,29803,USA: Michigan,MI,Homo sapiens,,4/2/2020
MT506570,2020-05-22T00:00:00Z,Severe acute respiratory syndrome-related coronavirus,29831,USA: Michigan,MI,Homo sapiens,,4/3/2020
MT506571,2020-05-22T00:00:00Z,Severe acute respiratory syndrome-related coronavirus,29810,USA: Michigan,MI,Homo sapiens,,4/3/2020
MT506572,2020-05-22T00:00:00Z,Severe acute respiratory syndrome-related coronavirus,29804,USA: Michigan,MI,Homo sapiens,,4/3/2020
MT506573,2020-05-22T00:00:00Z,Severe acute respiratory syndrome-related coronavirus,29832,USA: Michigan,MI,Homo sapiens,,4/3/2020
MT506574,2020-05-22T00:00:00Z,Severe acute respiratory syndrome-related coronavirus,29803,USA: Michigan,MI,Homo sapiens,,4/4/2020
MT506575,2020-05-22T00:00:00Z,Severe acute respiratory syndrome-related coronavirus,29804,USA: Michigan,MI,Homo sapiens,,4/4/2020
MT506576,2020-05-22T00:00:00Z,Severe acute respiratory syndrome-related coronavirus,29809,USA: Michigan,MI,Homo sapiens,,4/4/2020
MT506577,2020-05-22T00:00:00Z,Severe acute respiratory syndrome-related coronavirus,29805,USA: Michigan,MI,Homo sapiens,,4/3/2020
MT506578,2020-05-22T00:00:00Z,Severe acute respiratory syndrome-related coronavirus,29808,USA: Michigan,MI,Homo sapiens,,4/6/2020
MT506579,2020-05-22T00:00:00Z,Severe acute respiratory syndrome-related coronavirus,29823,USA: Michigan,MI,Homo sapiens,,4/6/2020
MT506580,2020-05-22T00:00:00Z,Severe acute respiratory syndrome-related coronavirus,29805,USA: Michigan,MI,Homo sapiens,,4/6/2020
MT506581,2020-05-22T00:00:00Z,Severe acute respiratory syndrome-related coronavirus,29814,USA: Michigan,MI,Homo sapiens,,4/6/2020
MT506582,2020-05-22T00:00:00Z,Severe acute respiratory syndrome-related coronavirus,29804,USA: Michigan,MI,Homo sapiens,,4/20/2020
MT506583,2020-05-22T00:00:00Z,Severe acute respiratory syndrome-related coronavirus,29793,USA: Michigan,MI,Homo sapiens,,4/18/2020
MT506584,2020-05-22T00:00:00Z,Severe acute respiratory syndrome-related coronavirus,29805,USA: Michigan,MI,Homo sapiens,,4/20/2020
MT506585,2020-05-22T00:00:00Z,Severe acute respiratory syndrome-related coronavirus,29817,USA: Michigan,MI,Homo sapiens,,4/27/2020
MT506586,2020-05-22T00:00:00Z,Severe acute respiratory syndrome-related coronavirus,29825,USA: Michigan,MI,Homo sapiens,,4/27/2020
MT506587,2020-05-22T00:00:00Z,Severe acute respiratory syndrome-related coronavirus,29813,USA: Michigan,MI,Homo sapiens,,4/23/2020
MT506636,2020-05-22T00:00:00Z,Severe acute respiratory syndrome-related coronavirus,29803,USA: Michigan,MI,Homo sapiens,,3/13/2020
MT506637,2020-05-22T00:00:00Z,Severe acute respiratory syndrome-related coronavirus,29808,USA: Michigan,MI,Homo sapiens,,3/12/2020
MT506638,2020-05-22T00:00:00Z,Severe acute respiratory syndrome-related coronavirus,29812,USA: Michigan,MI,Homo sapiens,,3/16/2020
MT506639,2020-05-22T00:00:00Z,Severe acute respiratory syndrome-related coronavirus,29816,USA: Michigan,MI,Homo sapiens,,3/15/2020
MT506640,2020-05-22T00:00:00Z,Severe acute respiratory syndrome-related coronavirus,29812,USA: Michigan,MI,Homo sapiens,,3/17/2020
MT506641,2020-05-22T00:00:00Z,Severe acute respiratory syndrome-related coronavirus,29803,USA: Michigan,MI,Homo sapiens,,3/15/2020
MT506642,2020-05-22T00:00:00Z,Severe acute respiratory syndrome-related coronavirus,29812,USA: Michigan,MI,Homo sapiens,,3/15/2020
MT506643,2020-05-22T00:00:00Z,Severe acute respiratory syndrome-related coronavirus,29813,USA: Michigan,MI,Homo sapiens,,3/17/2020
MT506644,2020-05-22T00:00:00Z,Severe acute respiratory syndrome-related coronavirus,29812,USA: Michigan,MI,Homo sapiens,,3/17/2020
MT506645,2020-05-22T00:00:00Z,Severe acute respiratory syndrome-related coronavirus,29813,USA: Michigan,MI,Homo sapiens,,3/18/2020
MT506646,2020-05-22T00:00:00Z,Severe acute respiratory syndrome-related coronavirus,29805,USA: Michigan,MI,Homo sapiens,,3/13/2020
MT506647,2020-05-22T00:00:00Z,Severe acute respiratory syndrome-related coronavirus,29804,USA: Michigan,MI,Homo sapiens,,3/18/2020
MT506648,2020-05-22T00:00:00Z,Severe acute respiratory syndrome-related coronavirus,29812,USA: Michigan,MI,Homo sapiens,,3/17/2020
MT506649,2020-05-22T00:00:00Z,Severe acute respiratory syndrome-related coronavirus,29814,USA: Michigan,MI,Homo sapiens,,3/18/2020
MT506650,2020-05-22T00:00:00Z,Severe acute respiratory syndrome-related coronavirus,29833,USA: Michigan,MI,Homo sapiens,,3/17/2020
MT506651,2020-05-22T00:00:00Z,Severe acute respiratory syndrome-related coronavirus,29813,USA: Michigan,MI,Homo sapiens,,3/18/2020
MT506652,2020-05-22T00:00:00Z,Severe acute respiratory syndrome-related coronavirus,29814,USA: Michigan,MI,Homo sapiens,,3/17/2020
MT506653,2020-05-22T00:00:00Z,Severe acute respiratory syndrome-related coronavirus,29805,USA: Michigan,MI,Homo sapiens,,3/19/2020
MT506654,2020-05-22T00:00:00Z,Severe acute respiratory syndrome-related coronavirus,29813,USA: Michigan,MI,Homo sapiens,,3/19/2020
MT506655,2020-05-22T00:00:00Z,Severe acute respiratory syndrome-related coronavirus,29798,USA: Michigan,MI,Homo sapiens,,3/19/2020
MT506656,2020-05-22T00:00:00Z,Severe acute respiratory syndrome-related coronavirus,29804,USA: Michigan,MI,Homo sapiens,,3/19/2020
MT506657,2020-05-22T00:00:00Z,Severe acute respiratory syndrome-related coronavirus,29813,USA: Michigan,MI,Homo sapiens,,3/18/2020
MT506658,2020-05-22T00:00:00Z,Severe acute respiratory syndrome-related coronavirus,29805,USA: Michigan,MI,Homo sapiens,,3/19/2020
MT506659,2020-05-22T00:00:00Z,Severe acute respiratory syndrome-related coronavirus,29813,USA: Michigan,MI,Homo sapiens,,3/19/2020
MT506660,2020-05-22T00:00:00Z,Severe acute respiratory syndrome-related coronavirus,29815,USA: Michigan,MI,Homo sapiens,,3/19/2020
MT506661,2020-05-22T00:00:00Z,Severe acute respiratory syndrome-related coronavirus,29812,USA: Michigan,MI,Homo sapiens,,3/22/2020
MT506662,2020-05-22T00:00:00Z,Severe acute respiratory syndrome-related coronavirus,29816,USA: Michigan,MI,Homo sapiens,,3/22/2020
MT506663,2020-05-22T00:00:00Z,Severe acute respiratory syndrome-related coronavirus,29824,USA: Michigan,MI,Homo sapiens,,3/22/2020
MT506664,2020-05-22T00:00:00Z,Severe acute respiratory syndrome-related coronavirus,29823,USA: Michigan,MI,Homo sapiens,,3/21/2020
MT506665,2020-05-22T00:00:00Z,Severe acute respiratory syndrome-related coronavirus,29823,USA: Michigan,MI,Homo sapiens,,3/22/2020
MT506666,2020-05-22T00:00:00Z,Severe acute respiratory syndrome-related coronavirus,29824,USA: Michigan,MI,Homo sapiens,,3/22/2020
MT506667,2020-05-22T00:00:00Z,Severe acute respiratory syndrome-related coronavirus,29814,USA: Michigan,MI,Homo sapiens,,3/22/2020
MT506668,2020-05-22T00:00:00Z,Severe acute respiratory syndrome-related coronavirus,29813,USA: Michigan,MI,Homo sapiens,,3/22/2020
MT506669,2020-05-22T00:00:00Z,Severe acute respiratory syndrome-related coronavirus,29798,USA: Michigan,MI,Homo sapiens,,3/21/2020
MT506670,2020-05-22T00:00:00Z,Severe acute respiratory syndrome-related coronavirus,29813,USA: Michigan,MI,Homo sapiens,,3/21/2020
MT506671,2020-05-22T00:00:00Z,Severe acute respiratory syndrome-related coronavirus,29816,USA: Michigan,MI,Homo sapiens,,3/21/2020
MT506672,2020-05-22T00:00:00Z,Severe acute respiratory syndrome-related coronavirus,29812,USA: Michigan,MI,Homo sapiens,,3/21/2020
MT506673,2020-05-22T00:00:00Z,Severe acute respiratory syndrome-related coronavirus,29805,USA: Michigan,MI,Homo sapiens,,3/20/2020
MT506674,2020-05-22T00:00:00Z,Severe acute respiratory syndrome-related coronavirus,29823,USA: Michigan,MI,Homo sapiens,,3/22/2020
MT506675,2020-05-22T00:00:00Z,Severe acute respiratory syndrome-related coronavirus,29813,USA: Michigan,MI,Homo sapiens,,3/21/2020
MT506676,2020-05-22T00:00:00Z,Severe acute respiratory syndrome-related coronavirus,29813,USA: Michigan,MI,Homo sapiens,,3/21/2020
MT506677,2020-05-22T00:00:00Z,Severe acute respiratory syndrome-related coronavirus,29813,USA: Michigan,MI,Homo sapiens,,3/21/2020
MT506678,2020-05-22T00:00:00Z,Severe acute respiratory syndrome-related coronavirus,29813,USA: Michigan,MI,Homo sapiens,,3/21/2020
MT506679,2020-05-22T00:00:00Z,Severe acute respiratory syndrome-related coronavirus,29845,USA: Michigan,MI,Homo sapiens,,3/21/2020
MT506680,2020-05-22T00:00:00Z,Severe acute respiratory syndrome-related coronavirus,29823,USA: Michigan,MI,Homo sapiens,,3/19/2020
MT506681,2020-05-22T00:00:00Z,Severe acute respiratory syndrome-related coronavirus,29824,USA: Michigan,MI,Homo sapiens,,3/23/2020
MT506682,2020-05-22T00:00:00Z,Severe acute respiratory syndrome-related coronavirus,29805,USA: Michigan,MI,Homo sapiens,,3/22/2020
MT506683,2020-05-22T00:00:00Z,Severe acute respiratory syndrome-related coronavirus,29813,USA: Michigan,MI,Homo sapiens,,3/24/2020
MT506684,2020-05-22T00:00:00Z,Severe acute respiratory syndrome-related coronavirus,29815,USA: Michigan,MI,Homo sapiens,,3/24/2020
MT506685,2020-05-22T00:00:00Z,Severe acute respiratory syndrome-related coronavirus,29813,USA: Michigan,MI,Homo sapiens,,3/23/2020
MT506686,2020-05-22T00:00:00Z,Severe acute respiratory syndrome-related coronavirus,29813,USA: Michigan,MI,Homo sapiens,,3/24/2020
MT506687,2020-05-22T00:00:00Z,Severe acute respiratory syndrome-related coronavirus,29815,USA: Michigan,MI,Homo sapiens,,3/24/2020
MT506688,2020-05-22T00:00:00Z,Severe acute respiratory syndrome-related coronavirus,29856,USA: Michigan,MI,Homo sapiens,,3/24/2020
MT506689,2020-05-22T00:00:00Z,Severe acute respiratory syndrome-related coronavirus,29815,USA: Michigan,MI,Homo sapiens,,3/26/2020
MT506690,2020-05-22T00:00:00Z,Severe acute respiratory syndrome-related coronavirus,29812,USA: Michigan,MI,Homo sapiens,,3/26/2020
MT506691,2020-05-22T00:00:00Z,Severe acute respiratory syndrome-related coronavirus,29803,USA: Michigan,MI,Homo sapiens,,3/28/2020
MT506692,2020-05-22T00:00:00Z,Severe acute respiratory syndrome-related coronavirus,29802,USA: Michigan,MI,Homo sapiens,,3/29/2020
MT506693,2020-05-22T00:00:00Z,Severe acute respiratory syndrome-related coronavirus,29821,USA: Michigan,MI,Homo sapiens,,3/26/2020
MT506694,2020-05-22T00:00:00Z,Severe acute respiratory syndrome-related coronavirus,29813,USA: Michigan,MI,Homo sapiens,,3/30/2020
MT506695,2020-05-22T00:00:00Z,Severe acute respiratory syndrome-related coronavirus,29828,USA: Michigan,MI,Homo sapiens,,4/8/2020
MT506696,2020-05-22T00:00:00Z,Severe acute respiratory syndrome-related coronavirus,29823,USA: Michigan,MI,Homo sapiens,,4/19/2020
MT506697,2020-05-22T00:00:00Z,Severe acute respiratory syndrome-related coronavirus,29823,USA: Michigan,MI,Homo sapiens,,4/22/2020
MT506698,2020-05-22T00:00:00Z,Severe acute respiratory syndrome-related coronavirus,29812,USA: Michigan,MI,Homo sapiens,,4/22/2020
MT506699,2020-05-22T00:00:00Z,Severe acute respiratory syndrome-related coronavirus,29812,USA: Michigan,MI,Homo sapiens,,4/22/2020
MT506700,2020-05-22T00:00:00Z,Severe acute respiratory syndrome-related coronavirus,29865,USA: Michigan,MI,Homo sapiens,,4/22/2020
MT506701,2020-05-22T00:00:00Z,Severe acute respiratory syndrome-related coronavirus,29812,USA: Michigan,MI,Homo sapiens,,4/22/2020
MT506702,2020-05-22T00:00:00Z,Severe acute respiratory syndrome-related coronavirus,29804,USA: Michigan,MI,Homo sapiens,,4/24/2020
MT506707,2020-05-22T00:00:00Z,Severe acute respiratory syndrome-related coronavirus,29883,USA,,Homo sapiens,,3/31/2020
MT506885,2020-05-22T00:00:00Z,Severe acute respiratory syndrome-related coronavirus,29782,USA: Wisconsin,WI,Homo sapiens,oronasopharynx,3/16/2020
MT506886,2020-05-22T00:00:00Z,Severe acute respiratory syndrome-related coronavirus,29782,"USA: Oregon, Wisconsin",OR,Homo sapiens,oronasopharynx,4/18/2020
MT506887,2020-05-22T00:00:00Z,Severe acute respiratory syndrome-related coronavirus,29782,"USA: Dane County, Wisconsin",WI,Homo sapiens,oronasopharynx,4/15/2020
MT506888,2020-05-22T00:00:00Z,Severe acute respiratory syndrome-related coronavirus,29782,USA: Illinois,IL,Homo sapiens,oronasopharynx,4/15/2020
MT506889,2020-05-22T00:00:00Z,Severe acute respiratory syndrome-related coronavirus,29782,USA: Illinois,IL,Homo sapiens,oronasopharynx,4/18/2020
MT506890,2020-05-22T00:00:00Z,Severe acute respiratory syndrome-related coronavirus,29782,"USA: Madison, Wisconsin",WI,Homo sapiens,oronasopharynx,4/14/2020
MT506891,2020-05-22T00:00:00Z,Severe acute respiratory syndrome-related coronavirus,29782,USA: Illinois,IL,Homo sapiens,oronasopharynx,4/18/2020
MT506892,2020-05-22T00:00:00Z,Severe acute respiratory syndrome-related coronavirus,29782,USA: Illinois,IL,Homo sapiens,oronasopharynx,4/14/2020
MT506893,2020-05-22T00:00:00Z,Severe acute respiratory syndrome-related coronavirus,29782,"USA: Dane County, Wisconsin",WI,Homo sapiens,oronasopharynx,4/1/2020
MT506894,2020-05-22T00:00:00Z,Severe acute respiratory syndrome-related coronavirus,29782,USA: Illinois,IL,Homo sapiens,oronasopharynx,4/17/2020
MT506895,2020-05-22T00:00:00Z,Severe acute respiratory syndrome-related coronavirus,29782,"USA: Mount Horeb, Wisconsin",WI,Homo sapiens,oronasopharynx,4/14/2020
MT506896,2020-05-22T00:00:00Z,Severe acute respiratory syndrome-related coronavirus,29782,USA: Illinois,IL,Homo sapiens,oronasopharynx,4/14/2020
MT506897,2020-05-22T00:00:00Z,Severe acute respiratory syndrome-related coronavirus,29782,USA: Illinois,IL,Homo sapiens,oronasopharynx,4/15/2020
MT506898,2020-05-22T00:00:00Z,Severe acute respiratory syndrome-related coronavirus,29782,"USA: Verona, Wisconsin",WI,Homo sapiens,oronasopharynx,4/18/2020
MT506899,2020-05-22T00:00:00Z,Severe acute respiratory syndrome-related coronavirus,29782,USA: Illinois,IL,Homo sapiens,oronasopharynx,4/18/2020
MT506900,2020-05-22T00:00:00Z,Severe acute respiratory syndrome-related coronavirus,29782,USA: Illinois,IL,Homo sapiens,oronasopharynx,4/18/2020
MT506901,2020-05-22T00:00:00Z,Severe acute respiratory syndrome-related coronavirus,29782,"USA: Mount Horeb, Wisconsin",WI,Homo sapiens,oronasopharynx,4/17/2020
MT506902,2020-05-22T00:00:00Z,Severe acute respiratory syndrome-related coronavirus,29782,USA: Illinois,IL,Homo sapiens,oronasopharynx,4/17/2020
MT506903,2020-05-22T00:00:00Z,Severe acute respiratory syndrome-related coronavirus,29782,USA: Illinois,IL,Homo sapiens,oronasopharynx,4/16/2020
MT506904,2020-05-22T00:00:00Z,Severe acute respiratory syndrome-related coronavirus,29782,USA: Illinois,IL,Homo sapiens,oronasopharynx,4/15/2020
MT506905,2020-05-22T00:00:00Z,Severe acute respiratory syndrome-related coronavirus,29782,USA: Illinois,IL,Homo sapiens,oronasopharynx,4/14/2020
MT506906,2020-05-22T00:00:00Z,Severe acute respiratory syndrome-related coronavirus,29782,"USA: Dane County, Wisconsin",WI,Homo sapiens,oronasopharynx,4/1/2020
MT506907,2020-05-22T00:00:00Z,Severe acute respiratory syndrome-related coronavirus,29782,USA: Illinois,IL,Homo sapiens,oronasopharynx,4/14/2020
MT507277,2020-05-22T00:00:00Z,Severe acute respiratory syndrome-related coronavirus,29882,USA,,Homo sapiens,oronasopharynx,3/31/2020
MT507278,2020-05-22T00:00:00Z,Severe acute respiratory syndrome-related coronavirus,29882,USA,,Homo sapiens,oronasopharynx,4/8/2020
MT507279,2020-05-22T00:00:00Z,Severe acute respiratory syndrome-related coronavirus,29882,USA,,Homo sapiens,oronasopharynx,4/2/2020
MT507280,2020-05-22T00:00:00Z,Severe acute respiratory syndrome-related coronavirus,29882,USA,,Homo sapiens,oronasopharynx,4/3/2020
MT507281,2020-05-22T00:00:00Z,Severe acute respiratory syndrome-related coronavirus,29882,USA,,Homo sapiens,swab,3/15/2020
MT507282,2020-05-22T00:00:00Z,Severe acute respiratory syndrome-related coronavirus,29882,USA,,Homo sapiens,oronasopharynx,3/31/2020
MT507795,2020-05-22T00:00:00Z,Severe acute respiratory syndrome-related coronavirus,29840,USA,,Homo sapiens,oronasopharynx,4/6/2020
MT507796,2020-05-22T00:00:00Z,Severe acute respiratory syndrome-related coronavirus,29875,USA,,Homo sapiens,oronasopharynx,4/1/2020
MT499171,2020-05-21T00:00:00Z,Severe acute respiratory syndrome-related coronavirus,29892,USA: CA,CA,Homo sapiens,,3/29/2020
MT499172,2020-05-21T00:00:00Z,Severe acute respiratory syndrome-related coronavirus,29896,USA: CA,CA,Homo sapiens,,3/28/2020
MT499173,2020-05-21T00:00:00Z,Severe acute respiratory syndrome-related coronavirus,29867,USA: CA,CA,Homo sapiens,,3/28/2020
MT499174,2020-05-21T00:00:00Z,Severe acute respiratory syndrome-related coronavirus,29875,USA: CA,CA,Homo sapiens,,3/28/2020
MT499175,2020-05-21T00:00:00Z,Severe acute respiratory syndrome-related coronavirus,29896,USA: CA,CA,Homo sapiens,,3/25/2020
MT499176,2020-05-21T00:00:00Z,Severe acute respiratory syndrome-related coronavirus,29902,USA: CA,CA,Homo sapiens,,3/25/2020
MT499177,2020-05-21T00:00:00Z,Severe acute respiratory syndrome-related coronavirus,29899,USA: CA,CA,Homo sapiens,,3/25/2020
MT499178,2020-05-21T00:00:00Z,Severe acute respiratory syndrome-related coronavirus,29862,USA: CA,CA,Homo sapiens,,3/25/2020
MT499179,2020-05-21T00:00:00Z,Severe acute respiratory syndrome-related coronavirus,29837,USA: CA,CA,Homo sapiens,,3/24/2020
MT499180,2020-05-21T00:00:00Z,Severe acute respiratory syndrome-related coronavirus,29895,USA: CA,CA,Homo sapiens,,3/24/2020
MT499181,2020-05-21T00:00:00Z,Severe acute respiratory syndrome-related coronavirus,29858,USA: CA,CA,Homo sapiens,,3/24/2020
MT499182,2020-05-21T00:00:00Z,Severe acute respiratory syndrome-related coronavirus,29834,USA: CA,CA,Homo sapiens,,3/27/2020
MT499183,2020-05-21T00:00:00Z,Severe acute respiratory syndrome-related coronavirus,29902,USA: CA,CA,Homo sapiens,,3/21/2020
MT499184,2020-05-21T00:00:00Z,Severe acute respiratory syndrome-related coronavirus,29893,USA: CA,CA,Homo sapiens,,3/26/2020
MT499185,2020-05-21T00:00:00Z,Severe acute respiratory syndrome-related coronavirus,29892,USA: CA,CA,Homo sapiens,,3/25/2020
MT499186,2020-05-21T00:00:00Z,Severe acute respiratory syndrome-related coronavirus,29899,USA: CA,CA,Homo sapiens,,3/24/2020
MT499187,2020-05-21T00:00:00Z,Severe acute respiratory syndrome-related coronavirus,29837,USA: CA,CA,Homo sapiens,,3/23/2020
MT499188,2020-05-21T00:00:00Z,Severe acute respiratory syndrome-related coronavirus,29892,USA: CA,CA,Homo sapiens,,3/23/2020
MT499189,2020-05-21T00:00:00Z,Severe acute respiratory syndrome-related coronavirus,29900,USA: CA,CA,Homo sapiens,,3/23/2020
MT499190,2020-05-21T00:00:00Z,Severe acute respiratory syndrome-related coronavirus,29899,USA: CA,CA,Homo sapiens,,3/23/2020
MT499191,2020-05-21T00:00:00Z,Severe acute respiratory syndrome-related coronavirus,29893,USA: CA,CA,Homo sapiens,,3/23/2020
MT499192,2020-05-21T00:00:00Z,Severe acute respiratory syndrome-related coronavirus,29895,USA: CA,CA,Homo sapiens,,3/23/2020
MT499193,2020-05-21T00:00:00Z,Severe acute respiratory syndrome-related coronavirus,29902,USA: CA,CA,Homo sapiens,,3/23/2020
MT499194,2020-05-21T00:00:00Z,Severe acute respiratory syndrome-related coronavirus,29837,USA: CA,CA,Homo sapiens,,3/18/2020
MT499195,2020-05-21T00:00:00Z,Severe acute respiratory syndrome-related coronavirus,29893,USA: CA,CA,Homo sapiens,,3/17/2020
MT499196,2020-05-21T00:00:00Z,Severe acute respiratory syndrome-related coronavirus,29836,USA: CA,CA,Homo sapiens,,3/20/2020
MT499197,2020-05-21T00:00:00Z,Severe acute respiratory syndrome-related coronavirus,29837,USA: CA,CA,Homo sapiens,,3/19/2020
MT499198,2020-05-21T00:00:00Z,Severe acute respiratory syndrome-related coronavirus,29901,USA: CA,CA,Homo sapiens,,3/19/2020
MT499199,2020-05-21T00:00:00Z,Severe acute respiratory syndrome-related coronavirus,29894,USA: CA,CA,Homo sapiens,,3/20/2020
MT499200,2020-05-21T00:00:00Z,Severe acute respiratory syndrome-related coronavirus,29863,USA: CA,CA,Homo sapiens,,3/17/2020
MT499201,2020-05-21T00:00:00Z,Severe acute respiratory syndrome-related coronavirus,29902,USA: CA,CA,Homo sapiens,,3/19/2020
MT499202,2020-05-21T00:00:00Z,Severe acute respiratory syndrome-related coronavirus,29827,USA: CA,CA,Homo sapiens,,3/25/2020
MT499203,2020-05-21T00:00:00Z,Severe acute respiratory syndrome-related coronavirus,29903,USA: CA,CA,Homo sapiens,,3/17/2020
MT499204,2020-05-21T00:00:00Z,Severe acute respiratory syndrome-related coronavirus,29903,USA: CA,CA,Homo sapiens,,3/17/2020
MT499205,2020-05-21T00:00:00Z,Severe acute respiratory syndrome-related coronavirus,29903,USA: CA,CA,Homo sapiens,,3/17/2020
MT499206,2020-05-21T00:00:00Z,Severe acute respiratory syndrome-related coronavirus,29902,USA: CA,CA,Homo sapiens,,3/17/2020
MT499207,2020-05-21T00:00:00Z,Severe acute respiratory syndrome-related coronavirus,29837,USA: CA,CA,Homo sapiens,,3/18/2020
MT483563,2020-05-19T00:00:00Z,Severe acute respiratory syndrome-related coronavirus,29863,USA: CA,CA,Homo sapiens,,4/6/2020
MT483564,2020-05-19T00:00:00Z,Severe acute respiratory syndrome-related coronavirus,29859,USA: CA,CA,Homo sapiens,,4/6/2020
MT483565,2020-05-19T00:00:00Z,Severe acute respiratory syndrome-related coronavirus,29859,USA: CA,CA,Homo sapiens,,4/5/2020
MT477835,2020-05-18T00:00:00Z,Severe acute respiratory syndrome-related coronavirus,29850,USA: AK,AK,Homo sapiens,,3/15/2020
MT477836,2020-05-18T00:00:00Z,Severe acute respiratory syndrome-related coronavirus,29815,USA: AK,AK,Homo sapiens,,3/16/2020
MT477837,2020-05-18T00:00:00Z,Severe acute respiratory syndrome-related coronavirus,29857,USA: AK,AK,Homo sapiens,,3/17/2020
MT477838,2020-05-18T00:00:00Z,Severe acute respiratory syndrome-related coronavirus,29862,USA: AK,AK,Homo sapiens,,3/17/2020
MT477839,2020-05-18T00:00:00Z,Severe acute respiratory syndrome-related coronavirus,29863,USA: AK,AK,Homo sapiens,,3/19/2020
MT477840,2020-05-18T00:00:00Z,Severe acute respiratory syndrome-related coronavirus,29877,USA: AK,AK,Homo sapiens,,3/18/2020
MT477841,2020-05-18T00:00:00Z,Severe acute respiratory syndrome-related coronavirus,29853,USA: AK,AK,Homo sapiens,,3/18/2020
MT477842,2020-05-18T00:00:00Z,Severe acute respiratory syndrome-related coronavirus,29896,USA: AK,AK,Homo sapiens,,3/23/2020
MT477843,2020-05-18T00:00:00Z,Severe acute respiratory syndrome-related coronavirus,29857,USA: AK,AK,Homo sapiens,,3/21/2020
MT477844,2020-05-18T00:00:00Z,Severe acute respiratory syndrome-related coronavirus,29860,USA: AK,AK,Homo sapiens,,3/24/2020
MT477845,2020-05-18T00:00:00Z,Severe acute respiratory syndrome-related coronavirus,29858,USA: AK,AK,Homo sapiens,,3/23/2020
MT477846,2020-05-18T00:00:00Z,Severe acute respiratory syndrome-related coronavirus,29861,USA: AK,AK,Homo sapiens,,4/7/2020
MT477847,2020-05-18T00:00:00Z,Severe acute respiratory syndrome-related coronavirus,29861,USA: AK,AK,Homo sapiens,,3/28/2020
MT477848,2020-05-18T00:00:00Z,Severe acute respiratory syndrome-related coronavirus,29855,USA: AK,AK,Homo sapiens,,3/27/2020
MT477849,2020-05-18T00:00:00Z,Severe acute respiratory syndrome-related coronavirus,29857,USA: AK,AK,Homo sapiens,,3/29/2020
MT477850,2020-05-18T00:00:00Z,Severe acute respiratory syndrome-related coronavirus,29858,USA: AK,AK,Homo sapiens,,4/2/2020
MT477851,2020-05-18T00:00:00Z,Severe acute respiratory syndrome-related coronavirus,29854,USA: AK,AK,Homo sapiens,,4/4/2020
MT477852,2020-05-18T00:00:00Z,Severe acute respiratory syndrome-related coronavirus,29863,USA: AK,AK,Homo sapiens,,3/25/2020
MT477853,2020-05-18T00:00:00Z,Severe acute respiratory syndrome-related coronavirus,29857,USA: AK,AK,Homo sapiens,,3/24/2020
MT477854,2020-05-18T00:00:00Z,Severe acute respiratory syndrome-related coronavirus,29851,USA: AK,AK,Homo sapiens,,3/24/2020
MT477855,2020-05-18T00:00:00Z,Severe acute respiratory syndrome-related coronavirus,29857,USA: AK,AK,Homo sapiens,,4/7/2020
MT477856,2020-05-18T00:00:00Z,Severe acute respiratory syndrome-related coronavirus,29860,USA: AK,AK,Homo sapiens,,4/7/2020
MT477857,2020-05-18T00:00:00Z,Severe acute respiratory syndrome-related coronavirus,29861,USA: AK,AK,Homo sapiens,,4/7/2020
MT477858,2020-05-18T00:00:00Z,Severe acute respiratory syndrome-related coronavirus,29854,USA: AK,AK,Homo sapiens,,4/8/2020
MT477859,2020-05-18T00:00:00Z,Severe acute respiratory syndrome-related coronavirus,29858,USA: AK,AK,Homo sapiens,,4/8/2020
MT477860,2020-05-18T00:00:00Z,Severe acute respiratory syndrome-related coronavirus,29855,USA: AK,AK,Homo sapiens,,4/9/2020
MT477861,2020-05-18T00:00:00Z,Severe acute respiratory syndrome-related coronavirus,29860,USA: AK,AK,Homo sapiens,,4/12/2020
MT477862,2020-05-18T00:00:00Z,Severe acute respiratory syndrome-related coronavirus,29874,USA: AK,AK,Homo sapiens,,4/26/2020
MT477903,2020-05-18T00:00:00Z,Severe acute respiratory syndrome-related coronavirus,29892,USA: FL,FL,Homo sapiens,,4/7/2020
MT477904,2020-05-18T00:00:00Z,Severe acute respiratory syndrome-related coronavirus,29892,USA: FL,FL,Homo sapiens,,4/29/2020
MT481927,2020-05-18T00:00:00Z,Severe acute respiratory syndrome-related coronavirus,29897,USA: CA,CA,Homo sapiens,,3/27/2020
MT481928,2020-05-18T00:00:00Z,Severe acute respiratory syndrome-related coronavirus,29889,USA: CA,CA,Homo sapiens,,3/25/2020
MT481929,2020-05-18T00:00:00Z,Severe acute respiratory syndrome-related coronavirus,29859,USA: CA,CA,Homo sapiens,,4/1/2020
MT481930,2020-05-18T00:00:00Z,Severe acute respiratory syndrome-related coronavirus,29857,USA: CA,CA,Homo sapiens,,4/2/2020
MT481931,2020-05-18T00:00:00Z,Severe acute respiratory syndrome-related coronavirus,29859,USA: CA,CA,Homo sapiens,,4/1/2020
MT481932,2020-05-18T00:00:00Z,Severe acute respiratory syndrome-related coronavirus,29841,USA: CA,CA,Homo sapiens,,4/4/2020
MT481933,2020-05-18T00:00:00Z,Severe acute respiratory syndrome-related coronavirus,29864,USA: CA,CA,Homo sapiens,,4/3/2020
MT481934,2020-05-18T00:00:00Z,Severe acute respiratory syndrome-related coronavirus,29862,USA: CA,CA,Homo sapiens,,4/6/2020
MT481935,2020-05-18T00:00:00Z,Severe acute respiratory syndrome-related coronavirus,29862,USA: CA,CA,Homo sapiens,,4/8/2020
MT481936,2020-05-18T00:00:00Z,Severe acute respiratory syndrome-related coronavirus,29891,USA: CA,CA,Homo sapiens,,4/7/2020
MT481992,2020-05-18T00:00:00Z,Severe acute respiratory syndrome-related coronavirus,29903,USA,,Homo sapiens,lung,3/23/2020
MT482110,2020-05-18T00:00:00Z,Severe acute respiratory syndrome-related coronavirus,29865,USA: VA,VA,Homo sapiens,,2020-04
MT482111,2020-05-18T00:00:00Z,Severe acute respiratory syndrome-related coronavirus,29860,USA: VA,VA,Homo sapiens,,2020-04
MT482112,2020-05-18T00:00:00Z,Severe acute respiratory syndrome-related coronavirus,29854,USA: VA,VA,Homo sapiens,,2020-04
MT482113,2020-05-18T00:00:00Z,Severe acute respiratory syndrome-related coronavirus,29892,USA: VA,VA,Homo sapiens,,2020-04
MT482114,2020-05-18T00:00:00Z,Severe acute respiratory syndrome-related coronavirus,29865,USA: VA,VA,Homo sapiens,,2020-04
MT482115,2020-05-18T00:00:00Z,Severe acute respiratory syndrome-related coronavirus,29897,USA: VA,VA,Homo sapiens,,2020-04
MT482116,2020-05-18T00:00:00Z,Severe acute respiratory syndrome-related coronavirus,29902,USA: VA,VA,Homo sapiens,,2020-04
MT482117,2020-05-18T00:00:00Z,Severe acute respiratory syndrome-related coronavirus,29896,USA: VA,VA,Homo sapiens,,2020-04
MT482118,2020-05-18T00:00:00Z,Severe acute respiratory syndrome-related coronavirus,29901,USA: VA,VA,Homo sapiens,,2020-04
MT482119,2020-05-18T00:00:00Z,Severe acute respiratory syndrome-related coronavirus,29899,USA: VA,VA,Homo sapiens,,2020-04
MT482120,2020-05-18T00:00:00Z,Severe acute respiratory syndrome-related coronavirus,29848,USA: VA,VA,Homo sapiens,,2020-04
MT482121,2020-05-18T00:00:00Z,Severe acute respiratory syndrome-related coronavirus,29892,USA: VA,VA,Homo sapiens,,2020-04
MT482122,2020-05-18T00:00:00Z,Severe acute respiratory syndrome-related coronavirus,29807,USA: VA,VA,Homo sapiens,,2020-04
MT482123,2020-05-18T00:00:00Z,Severe acute respiratory syndrome-related coronavirus,29887,USA: VA,VA,Homo sapiens,,2020-04
MT482124,2020-05-18T00:00:00Z,Severe acute respiratory syndrome-related coronavirus,29903,USA: VA,VA,Homo sapiens,,2020-04
MT482125,2020-05-18T00:00:00Z,Severe acute respiratory syndrome-related coronavirus,29894,USA: VA,VA,Homo sapiens,,2020-04
MT482126,2020-05-18T00:00:00Z,Severe acute respiratory syndrome-related coronavirus,29902,USA: VA,VA,Homo sapiens,,2020-04
MT482127,2020-05-18T00:00:00Z,Severe acute respiratory syndrome-related coronavirus,29901,USA: VA,VA,Homo sapiens,,2020-04
MT482128,2020-05-18T00:00:00Z,Severe acute respiratory syndrome-related coronavirus,29852,USA: VA,VA,Homo sapiens,,2020-04
MT482129,2020-05-18T00:00:00Z,Severe acute respiratory syndrome-related coronavirus,29901,USA: VA,VA,Homo sapiens,,2020-04
MT482130,2020-05-18T00:00:00Z,Severe acute respiratory syndrome-related coronavirus,29867,USA: VA,VA,Homo sapiens,,2020-04
MT482131,2020-05-18T00:00:00Z,Severe acute respiratory syndrome-related coronavirus,29824,USA: VA,VA,Homo sapiens,,2020-04
MT482132,2020-05-18T00:00:00Z,Severe acute respiratory syndrome-related coronavirus,29860,USA: VA,VA,Homo sapiens,,2020-04
MT482133,2020-05-18T00:00:00Z,Severe acute respiratory syndrome-related coronavirus,29867,USA: VA,VA,Homo sapiens,,2020-04
MT482134,2020-05-18T00:00:00Z,Severe acute respiratory syndrome-related coronavirus,29848,USA: VA,VA,Homo sapiens,,2020-04
MT482135,2020-05-18T00:00:00Z,Severe acute respiratory syndrome-related coronavirus,29866,USA: VA,VA,Homo sapiens,,2020-04
MT482136,2020-05-18T00:00:00Z,Severe acute respiratory syndrome-related coronavirus,29898,USA: VA,VA,Homo sapiens,,2020-04
MT482137,2020-05-18T00:00:00Z,Severe acute respiratory syndrome-related coronavirus,29893,USA: VA,VA,Homo sapiens,,2020-04
MT482138,2020-05-18T00:00:00Z,Severe acute respiratory syndrome-related coronavirus,29894,USA: VA,VA,Homo sapiens,,2020-04
MT482139,2020-05-18T00:00:00Z,Severe acute respiratory syndrome-related coronavirus,29865,USA: VA,VA,Homo sapiens,,2020-04
MT482140,2020-05-18T00:00:00Z,Severe acute respiratory syndrome-related coronavirus,29819,USA: VA,VA,Homo sapiens,,2020-04
MT482141,2020-05-18T00:00:00Z,Severe acute respiratory syndrome-related coronavirus,29865,USA: VA,VA,Homo sapiens,,2020-04
MT482142,2020-05-18T00:00:00Z,Severe acute respiratory syndrome-related coronavirus,29901,USA: VA,VA,Homo sapiens,,2020-04
MT482143,2020-05-18T00:00:00Z,Severe acute respiratory syndrome-related coronavirus,29824,USA: VA,VA,Homo sapiens,,2020-04
MT482144,2020-05-18T00:00:00Z,Severe acute respiratory syndrome-related coronavirus,29855,USA: VA,VA,Homo sapiens,,2020-04
MT482145,2020-05-18T00:00:00Z,Severe acute respiratory syndrome-related coronavirus,29861,USA: VA,VA,Homo sapiens,,2020-04
MT482146,2020-05-18T00:00:00Z,Severe acute respiratory syndrome-related coronavirus,29865,USA: VA,VA,Homo sapiens,,2020-04
MT482147,2020-05-18T00:00:00Z,Severe acute respiratory syndrome-related coronavirus,29865,USA: VA,VA,Homo sapiens,,2020-04
MT482148,2020-05-18T00:00:00Z,Severe acute respiratory syndrome-related coronavirus,29873,USA: VA,VA,Homo sapiens,,2020-04
MT482149,2020-05-18T00:00:00Z,Severe acute respiratory syndrome-related coronavirus,29850,USA: VA,VA,Homo sapiens,,2020-04
MT472621,2020-05-15T00:00:00Z,Severe acute respiratory syndrome-related coronavirus,29882,USA: PA,PA,Homo sapiens,oronasopharynx,3/8/2020
MT472622,2020-05-15T00:00:00Z,Severe acute respiratory syndrome-related coronavirus,29882,USA: MD,MD,Homo sapiens,oronasopharynx,3/4/2020
MT472623,2020-05-15T00:00:00Z,Severe acute respiratory syndrome-related coronavirus,29882,USA: VT,VT,Homo sapiens,"lung, oronasopharynx",3/5/2020
MT472624,2020-05-15T00:00:00Z,Severe acute respiratory syndrome-related coronavirus,29882,USA: FL,FL,Homo sapiens,oronasopharynx,3/6/2020
MT472625,2020-05-15T00:00:00Z,Severe acute respiratory syndrome-related coronavirus,29882,USA: PR,PR,Homo sapiens,oronasopharynx,3/8/2020
MT472626,2020-05-15T00:00:00Z,Severe acute respiratory syndrome-related coronavirus,29882,USA: IA,IA,Homo sapiens,oronasopharynx,3/7/2020
MT472627,2020-05-15T00:00:00Z,Severe acute respiratory syndrome-related coronavirus,29882,USA: DC,DC,Homo sapiens,oronasopharynx,3/8/2020
MT474126,2020-05-15T00:00:00Z,Severe acute respiratory syndrome-related coronavirus,29871,USA: CA,CA,Homo sapiens,,3/28/2020
MT474127,2020-05-15T00:00:00Z,Severe acute respiratory syndrome-related coronavirus,29846,USA: CA,CA,Homo sapiens,,3/27/2020
MT474128,2020-05-15T00:00:00Z,Severe acute respiratory syndrome-related coronavirus,29858,USA: CA,CA,Homo sapiens,,3/27/2020
MT474129,2020-05-15T00:00:00Z,Severe acute respiratory syndrome-related coronavirus,29875,USA: CA,CA,Homo sapiens,,3/25/2020
MT474130,2020-05-15T00:00:00Z,Severe acute respiratory syndrome-related coronavirus,29859,USA: CA,CA,Homo sapiens,,3/31/2020
MT474131,2020-05-15T00:00:00Z,Severe acute respiratory syndrome-related coronavirus,29869,USA: CA,CA,Homo sapiens,,3/31/2020
MT474132,2020-05-15T00:00:00Z,Severe acute respiratory syndrome-related coronavirus,29873,USA: CA,CA,Homo sapiens,,4/5/2020
MT474133,2020-05-15T00:00:00Z,Severe acute respiratory syndrome-related coronavirus,29867,USA: CA,CA,Homo sapiens,,4/5/2020
MT474134,2020-05-15T00:00:00Z,Severe acute respiratory syndrome-related coronavirus,29862,USA: CA,CA,Homo sapiens,,3/31/2020
MT474135,2020-05-15T00:00:00Z,Severe acute respiratory syndrome-related coronavirus,29863,USA: CA,CA,Homo sapiens,,3/31/2020
MT474136,2020-05-15T00:00:00Z,Severe acute respiratory syndrome-related coronavirus,29872,USA: CA,CA,Homo sapiens,,3/30/2020
MT474137,2020-05-15T00:00:00Z,Severe acute respiratory syndrome-related coronavirus,29900,USA: CA,CA,Homo sapiens,,4/8/2020
MT474138,2020-05-15T00:00:00Z,Severe acute respiratory syndrome-related coronavirus,29900,USA: CA,CA,Homo sapiens,,4/12/2020
MT476384,2020-05-15T00:00:00Z,Severe acute respiratory syndrome-related coronavirus,29894,USA: FL,FL,,,2/21/2020
MT466583,2020-05-14T00:00:00Z,Severe acute respiratory syndrome-related coronavirus,29847,USA: AK,AK,Homo sapiens,,3/15/2020
MT459988,2020-05-13T00:00:00Z,Severe acute respiratory syndrome-related coronavirus,29890,USA: SC,SC,Homo sapiens,oronasopharynx,3/27/2020
MT459989,2020-05-13T00:00:00Z,Severe acute respiratory syndrome-related coronavirus,29891,USA: SC,SC,Homo sapiens,oronasopharynx,3/27/2020
MT459990,2020-05-13T00:00:00Z,Severe acute respiratory syndrome-related coronavirus,29890,USA: SC,SC,Homo sapiens,oronasopharynx,3/26/2020
MT460089,2020-05-13T00:00:00Z,Severe acute respiratory syndrome-related coronavirus,29863,USA: CA,CA,Homo sapiens,,5/1/2020
MT460090,2020-05-13T00:00:00Z,Severe acute respiratory syndrome-related coronavirus,29896,USA: CA,CA,Homo sapiens,,5/1/2020
MT460091,2020-05-13T00:00:00Z,Severe acute respiratory syndrome-related coronavirus,29858,USA: CA,CA,Homo sapiens,,5/1/2020
MT460092,2020-05-13T00:00:00Z,Severe acute respiratory syndrome-related coronavirus,29857,USA: CA,CA,Homo sapiens,,5/1/2020
MT460113,2020-05-13T00:00:00Z,Severe acute respiratory syndrome-related coronavirus,29891,USA: CA,CA,Homo sapiens,,4/27/2020
MT460114,2020-05-13T00:00:00Z,Severe acute respiratory syndrome-related coronavirus,29860,USA: CA,CA,Homo sapiens,,4/27/2020
MT460115,2020-05-13T00:00:00Z,Severe acute respiratory syndrome-related coronavirus,29858,USA: CA,CA,Homo sapiens,,4/27/2020
MT460116,2020-05-13T00:00:00Z,Severe acute respiratory syndrome-related coronavirus,29902,USA: CA,CA,Homo sapiens,,4/29/2020
MT460117,2020-05-13T00:00:00Z,Severe acute respiratory syndrome-related coronavirus,29863,USA: CA,CA,Homo sapiens,,4/26/2020
MT460118,2020-05-13T00:00:00Z,Severe acute respiratory syndrome-related coronavirus,29859,USA: CA,CA,Homo sapiens,,4/26/2020
MT460119,2020-05-13T00:00:00Z,Severe acute respiratory syndrome-related coronavirus,29900,USA: CA,CA,Homo sapiens,,4/28/2020
MT460120,2020-05-13T00:00:00Z,Severe acute respiratory syndrome-related coronavirus,29867,USA: CA,CA,Homo sapiens,,4/28/2020
MT460121,2020-05-13T00:00:00Z,Severe acute respiratory syndrome-related coronavirus,29856,USA: CA,CA,Homo sapiens,,4/27/2020
MT460122,2020-05-13T00:00:00Z,Severe acute respiratory syndrome-related coronavirus,29859,USA: CA,CA,Homo sapiens,,4/27/2020
MT460123,2020-05-13T00:00:00Z,Severe acute respiratory syndrome-related coronavirus,29858,USA: CA,CA,Homo sapiens,,4/27/2020
MT460124,2020-05-13T00:00:00Z,Severe acute respiratory syndrome-related coronavirus,29851,USA: CA,CA,Homo sapiens,,4/28/2020
MT460125,2020-05-13T00:00:00Z,Severe acute respiratory syndrome-related coronavirus,29858,USA: CA,CA,Homo sapiens,,4/30/2020
MT460126,2020-05-13T00:00:00Z,Severe acute respiratory syndrome-related coronavirus,29860,USA: CA,CA,Homo sapiens,,4/30/2020
MT460127,2020-05-13T00:00:00Z,Severe acute respiratory syndrome-related coronavirus,29868,USA: CA,CA,Homo sapiens,,4/30/2020
MT460128,2020-05-13T00:00:00Z,Severe acute respiratory syndrome-related coronavirus,29900,USA: CA,CA,Homo sapiens,,4/30/2020
MT460129,2020-05-13T00:00:00Z,Severe acute respiratory syndrome-related coronavirus,29862,USA: CA,CA,Homo sapiens,,4/30/2020
MT460130,2020-05-13T00:00:00Z,Severe acute respiratory syndrome-related coronavirus,29870,USA: CA,CA,Homo sapiens,,4/30/2020
MT460131,2020-05-13T00:00:00Z,Severe acute respiratory syndrome-related coronavirus,29858,USA: CA,CA,Homo sapiens,,4/30/2020
MT460132,2020-05-13T00:00:00Z,Severe acute respiratory syndrome-related coronavirus,29869,USA: CA,CA,Homo sapiens,,4/30/2020
MT460133,2020-05-13T00:00:00Z,Severe acute respiratory syndrome-related coronavirus,29903,USA: CA,CA,Homo sapiens,,4/30/2020
MT460134,2020-05-13T00:00:00Z,Severe acute respiratory syndrome-related coronavirus,29850,USA: CA,CA,Homo sapiens,,4/30/2020
MT460135,2020-05-13T00:00:00Z,Severe acute respiratory syndrome-related coronavirus,29862,USA: CA,CA,Homo sapiens,,4/30/2020
MT460136,2020-05-13T00:00:00Z,Severe acute respiratory syndrome-related coronavirus,29872,USA: CA,CA,Homo sapiens,,4/30/2020
MT460137,2020-05-13T00:00:00Z,Severe acute respiratory syndrome-related coronavirus,29858,USA: CA,CA,Homo sapiens,,4/30/2020
MT460138,2020-05-13T00:00:00Z,Severe acute respiratory syndrome-related coronavirus,29862,USA: CA,CA,Homo sapiens,,4/30/2020
MT460139,2020-05-13T00:00:00Z,Severe acute respiratory syndrome-related coronavirus,29861,USA: CA,CA,Homo sapiens,,4/30/2020
MT460140,2020-05-13T00:00:00Z,Severe acute respiratory syndrome-related coronavirus,29903,USA: CA,CA,Homo sapiens,,4/29/2020
MT461603,2020-05-13T00:00:00Z,Severe acute respiratory syndrome-related coronavirus,29912,USA,,Homo sapiens,,3/29/2020
MT461604,2020-05-13T00:00:00Z,Severe acute respiratory syndrome-related coronavirus,29910,USA: WA,WA,Homo sapiens,,3/29/2020
MT461605,2020-05-13T00:00:00Z,Severe acute respiratory syndrome-related coronavirus,29902,USA: WA,WA,Homo sapiens,,3/28/2020
MT461606,2020-05-13T00:00:00Z,Severe acute respiratory syndrome-related coronavirus,29898,USA: WA,WA,Homo sapiens,,3/28/2020
MT461607,2020-05-13T00:00:00Z,Severe acute respiratory syndrome-related coronavirus,29921,USA: WA,WA,Homo sapiens,,3/29/2020
MT461608,2020-05-13T00:00:00Z,Severe acute respiratory syndrome-related coronavirus,29895,USA: WA,WA,Homo sapiens,,3/29/2020
MT461609,2020-05-13T00:00:00Z,Severe acute respiratory syndrome-related coronavirus,29921,USA: WA,WA,Homo sapiens,,3/29/2020
MT461610,2020-05-13T00:00:00Z,Severe acute respiratory syndrome-related coronavirus,29901,USA: WA,WA,Homo sapiens,,3/29/2020
MT461611,2020-05-13T00:00:00Z,Severe acute respiratory syndrome-related coronavirus,29902,USA: WA,WA,Homo sapiens,,3/29/2020
MT461612,2020-05-13T00:00:00Z,Severe acute respiratory syndrome-related coronavirus,29912,USA: WA,WA,Homo sapiens,,3/28/2020
MT461613,2020-05-13T00:00:00Z,Severe acute respiratory syndrome-related coronavirus,29896,USA: WA,WA,Homo sapiens,,4/1/2020
MT461614,2020-05-13T00:00:00Z,Severe acute respiratory syndrome-related coronavirus,29903,USA: WA,WA,Homo sapiens,,4/1/2020
MT461615,2020-05-13T00:00:00Z,Severe acute respiratory syndrome-related coronavirus,29903,USA: WA,WA,Homo sapiens,,4/1/2020
MT461616,2020-05-13T00:00:00Z,Severe acute respiratory syndrome-related coronavirus,29888,USA: WA,WA,Homo sapiens,,4/1/2020
MT461617,2020-05-13T00:00:00Z,Severe acute respiratory syndrome-related coronavirus,29909,USA: WA,WA,Homo sapiens,,4/1/2020
MT461618,2020-05-13T00:00:00Z,Severe acute respiratory syndrome-related coronavirus,29917,USA,,Homo sapiens,,4/1/2020
MT461619,2020-05-13T00:00:00Z,Severe acute respiratory syndrome-related coronavirus,29903,USA,,Homo sapiens,,4/1/2020
MT461620,2020-05-13T00:00:00Z,Severe acute respiratory syndrome-related coronavirus,29867,USA: WA,WA,Homo sapiens,,3/31/2020
MT461621,2020-05-13T00:00:00Z,Severe acute respiratory syndrome-related coronavirus,29903,USA: WA,WA,Homo sapiens,,3/31/2020
MT461622,2020-05-13T00:00:00Z,Severe acute respiratory syndrome-related coronavirus,29905,USA: WA,WA,Homo sapiens,,3/31/2020
MT461623,2020-05-13T00:00:00Z,Severe acute respiratory syndrome-related coronavirus,29919,USA: WA,WA,Homo sapiens,,3/31/2020
MT461624,2020-05-13T00:00:00Z,Severe acute respiratory syndrome-related coronavirus,29891,USA: CT,CT,Homo sapiens,,3/30/2020
MT461625,2020-05-13T00:00:00Z,Severe acute respiratory syndrome-related coronavirus,29906,USA: ID,ID,Homo sapiens,,3/30/2020
MT461626,2020-05-13T00:00:00Z,Severe acute respiratory syndrome-related coronavirus,29899,USA: WA,WA,Homo sapiens,,3/31/2020
MT461627,2020-05-13T00:00:00Z,Severe acute respiratory syndrome-related coronavirus,29915,USA: WA,WA,Homo sapiens,,3/31/2020
MT461628,2020-05-13T00:00:00Z,Severe acute respiratory syndrome-related coronavirus,29920,USA: ID,ID,Homo sapiens,,3/30/2020
MT461629,2020-05-13T00:00:00Z,Severe acute respiratory syndrome-related coronavirus,29913,USA: WA,WA,Homo sapiens,,3/31/2020
MT461630,2020-05-13T00:00:00Z,Severe acute respiratory syndrome-related coronavirus,29902,USA: WA,WA,Homo sapiens,,3/31/2020
MT461631,2020-05-13T00:00:00Z,Severe acute respiratory syndrome-related coronavirus,29859,USA: ID,ID,Homo sapiens,,4/2/2020
MT461632,2020-05-13T00:00:00Z,Severe acute respiratory syndrome-related coronavirus,29857,USA: ID,ID,Homo sapiens,,4/2/2020
MT461633,2020-05-13T00:00:00Z,Severe acute respiratory syndrome-related coronavirus,29638,USA: ID,ID,Homo sapiens,,4/2/2020
MT461634,2020-05-13T00:00:00Z,Severe acute respiratory syndrome-related coronavirus,29866,USA: ID,ID,Homo sapiens,,4/3/2020
MT461635,2020-05-13T00:00:00Z,Severe acute respiratory syndrome-related coronavirus,29852,USA: ID,ID,Homo sapiens,,4/2/2020
MT461636,2020-05-13T00:00:00Z,Severe acute respiratory syndrome-related coronavirus,29845,USA: ID,ID,Homo sapiens,,4/2/2020
MT461637,2020-05-13T00:00:00Z,Severe acute respiratory syndrome-related coronavirus,29841,USA: ID,ID,Homo sapiens,,4/2/2020
MT461638,2020-05-13T00:00:00Z,Severe acute respiratory syndrome-related coronavirus,29854,USA: ID,ID,Homo sapiens,,4/2/2020
MT461639,2020-05-13T00:00:00Z,Severe acute respiratory syndrome-related coronavirus,29886,USA: WA,WA,Homo sapiens,,4/5/2020
MT461640,2020-05-13T00:00:00Z,Severe acute respiratory syndrome-related coronavirus,29919,USA: WA,WA,Homo sapiens,,4/3/2020
MT461641,2020-05-13T00:00:00Z,Severe acute respiratory syndrome-related coronavirus,29858,USA: WA,WA,Homo sapiens,,4/3/2020
MT461642,2020-05-13T00:00:00Z,Severe acute respiratory syndrome-related coronavirus,29749,USA: WA,WA,Homo sapiens,,4/4/2020
MT461643,2020-05-13T00:00:00Z,Severe acute respiratory syndrome-related coronavirus,29872,USA: WA,WA,Homo sapiens,,4/5/2020
MT461644,2020-05-13T00:00:00Z,Severe acute respiratory syndrome-related coronavirus,29893,USA: WA,WA,Homo sapiens,,4/5/2020
MT461645,2020-05-13T00:00:00Z,Severe acute respiratory syndrome-related coronavirus,29813,USA: WA,WA,Homo sapiens,,4/4/2020
MT461646,2020-05-13T00:00:00Z,Severe acute respiratory syndrome-related coronavirus,29919,USA: WA,WA,Homo sapiens,,4/3/2020
MT461647,2020-05-13T00:00:00Z,Severe acute respiratory syndrome-related coronavirus,29880,USA: WA,WA,Homo sapiens,,4/3/2020
MT461648,2020-05-13T00:00:00Z,Severe acute respiratory syndrome-related coronavirus,29920,USA: WA,WA,Homo sapiens,,4/3/2020
MT461649,2020-05-13T00:00:00Z,Severe acute respiratory syndrome-related coronavirus,29834,USA,,Homo sapiens,,4/5/2020
MT461650,2020-05-13T00:00:00Z,Severe acute respiratory syndrome-related coronavirus,29915,USA: WA,WA,Homo sapiens,,4/4/2020
MT461651,2020-05-13T00:00:00Z,Severe acute respiratory syndrome-related coronavirus,29843,USA: WA,WA,Homo sapiens,,4/4/2020
MT461652,2020-05-13T00:00:00Z,Severe acute respiratory syndrome-related coronavirus,29869,USA: WA,WA,Homo sapiens,,4/4/2020
MT461653,2020-05-13T00:00:00Z,Severe acute respiratory syndrome-related coronavirus,29895,USA: WA,WA,Homo sapiens,,4/5/2020
MT461654,2020-05-13T00:00:00Z,Severe acute respiratory syndrome-related coronavirus,29901,USA: WA,WA,Homo sapiens,,4/5/2020
MT461655,2020-05-13T00:00:00Z,Severe acute respiratory syndrome-related coronavirus,29714,USA: WA,WA,Homo sapiens,,4/5/2020
MT461656,2020-05-13T00:00:00Z,Severe acute respiratory syndrome-related coronavirus,29820,USA: WA,WA,Homo sapiens,,4/4/2020
MT461657,2020-05-13T00:00:00Z,Severe acute respiratory syndrome-related coronavirus,29879,USA: WA,WA,Homo sapiens,,4/4/2020
MT461658,2020-05-13T00:00:00Z,Severe acute respiratory syndrome-related coronavirus,29890,USA: WA,WA,Homo sapiens,,4/4/2020
MT461659,2020-05-13T00:00:00Z,Severe acute respiratory syndrome-related coronavirus,29755,USA: WA,WA,Homo sapiens,,4/4/2020
MT461660,2020-05-13T00:00:00Z,Severe acute respiratory syndrome-related coronavirus,29841,USA: WA,WA,Homo sapiens,,4/5/2020
MT461661,2020-05-13T00:00:00Z,Severe acute respiratory syndrome-related coronavirus,29575,USA: WA,WA,Homo sapiens,,4/5/2020
MT461662,2020-05-13T00:00:00Z,Severe acute respiratory syndrome-related coronavirus,29699,USA: CT,CT,Homo sapiens,,4/2/2020
MT461663,2020-05-13T00:00:00Z,Severe acute respiratory syndrome-related coronavirus,29834,USA: CT,CT,Homo sapiens,,4/2/2020
MT461664,2020-05-13T00:00:00Z,Severe acute respiratory syndrome-related coronavirus,29839,USA: CT,CT,Homo sapiens,,4/2/2020
MT461665,2020-05-13T00:00:00Z,Severe acute respiratory syndrome-related coronavirus,29578,USA: CT,CT,Homo sapiens,,4/3/2020
MT461666,2020-05-13T00:00:00Z,Severe acute respiratory syndrome-related coronavirus,29872,USA: CT,CT,Homo sapiens,,4/2/2020
MT461667,2020-05-13T00:00:00Z,Severe acute respiratory syndrome-related coronavirus,29895,USA: CT,CT,Homo sapiens,,4/3/2020
MT461668,2020-05-13T00:00:00Z,Severe acute respiratory syndrome-related coronavirus,29881,USA: CT,CT,Homo sapiens,,4/2/2020
MT449636,2020-05-11T00:00:00Z,Severe acute respiratory syndrome-related coronavirus,29712,USA: CA,CA,Homo sapiens,,4/1/2020
MT449637,2020-05-11T00:00:00Z,Severe acute respiratory syndrome-related coronavirus,29861,USA: CA,CA,Homo sapiens,,3/31/2020
MT449638,2020-05-11T00:00:00Z,Severe acute respiratory syndrome-related coronavirus,29894,USA: CA,CA,Homo sapiens,,4/4/2020
MT449639,2020-05-11T00:00:00Z,Severe acute respiratory syndrome-related coronavirus,29903,USA: CA,CA,Homo sapiens,,4/4/2020
MT449640,2020-05-11T00:00:00Z,Severe acute respiratory syndrome-related coronavirus,29870,USA: CA,CA,Homo sapiens,,4/3/2020
MT449641,2020-05-11T00:00:00Z,Severe acute respiratory syndrome-related coronavirus,29900,USA: CA,CA,Homo sapiens,,4/4/2020
MT449642,2020-05-11T00:00:00Z,Severe acute respiratory syndrome-related coronavirus,29861,USA: CA,CA,Homo sapiens,,4/5/2020
MT449643,2020-05-11T00:00:00Z,Severe acute respiratory syndrome-related coronavirus,29901,USA: CA,CA,Homo sapiens,,4/4/2020
MT449644,2020-05-11T00:00:00Z,Severe acute respiratory syndrome-related coronavirus,29893,USA: CA,CA,Homo sapiens,,4/6/2020
MT449645,2020-05-11T00:00:00Z,Severe acute respiratory syndrome-related coronavirus,29858,USA: CA,CA,Homo sapiens,,4/6/2020
MT449646,2020-05-11T00:00:00Z,Severe acute respiratory syndrome-related coronavirus,29859,USA: CA,CA,Homo sapiens,,4/5/2020
MT449647,2020-05-11T00:00:00Z,Severe acute respiratory syndrome-related coronavirus,29883,USA: CA,CA,Homo sapiens,,4/7/2020
MT449648,2020-05-11T00:00:00Z,Severe acute respiratory syndrome-related coronavirus,29859,USA: CA,CA,Homo sapiens,,4/7/2020
MT449649,2020-05-11T00:00:00Z,Severe acute respiratory syndrome-related coronavirus,29859,USA: CA,CA,Homo sapiens,,4/6/2020
MT449650,2020-05-11T00:00:00Z,Severe acute respiratory syndrome-related coronavirus,29858,USA: CA,CA,Homo sapiens,,4/8/2020
MT449651,2020-05-11T00:00:00Z,Severe acute respiratory syndrome-related coronavirus,29861,USA: CA,CA,Homo sapiens,,4/8/2020
MT449652,2020-05-11T00:00:00Z,Severe acute respiratory syndrome-related coronavirus,29861,USA: CA,CA,Homo sapiens,,4/9/2020
MT449653,2020-05-11T00:00:00Z,Severe acute respiratory syndrome-related coronavirus,29861,USA: CA,CA,Homo sapiens,,4/10/2020
MT449654,2020-05-11T00:00:00Z,Severe acute respiratory syndrome-related coronavirus,29863,USA: CA,CA,Homo sapiens,,4/11/2020
MT449655,2020-05-11T00:00:00Z,Severe acute respiratory syndrome-related coronavirus,29859,USA: CA,CA,Homo sapiens,,4/12/2020
MT449656,2020-05-11T00:00:00Z,Severe acute respiratory syndrome-related coronavirus,29866,USA: CA,CA,Homo sapiens,,4/13/2020
MT449657,2020-05-11T00:00:00Z,Severe acute respiratory syndrome-related coronavirus,29870,USA: CA,CA,Homo sapiens,,4/16/2020
MT449658,2020-05-11T00:00:00Z,Severe acute respiratory syndrome-related coronavirus,29890,USA: CA,CA,Homo sapiens,,4/16/2020
MT449659,2020-05-11T00:00:00Z,Severe acute respiratory syndrome-related coronavirus,29862,USA: CA,CA,Homo sapiens,,4/21/2020
MT449660,2020-05-11T00:00:00Z,Severe acute respiratory syndrome-related coronavirus,29843,USA: CA,CA,Homo sapiens,,4/20/2020
MT449661,2020-05-11T00:00:00Z,Severe acute respiratory syndrome-related coronavirus,29862,USA: CA,CA,Homo sapiens,,4/22/2020
MT449662,2020-05-11T00:00:00Z,Severe acute respiratory syndrome-related coronavirus,29862,USA: CA,CA,Homo sapiens,,4/23/2020
MT449663,2020-05-11T00:00:00Z,Severe acute respiratory syndrome-related coronavirus,29862,USA: CA,CA,Homo sapiens,,4/21/2020
MT449664,2020-05-11T00:00:00Z,Severe acute respiratory syndrome-related coronavirus,29862,USA: CA,CA,Homo sapiens,,4/21/2020
MT449665,2020-05-11T00:00:00Z,Severe acute respiratory syndrome-related coronavirus,29892,USA: CA,CA,Homo sapiens,,4/21/2020
MT449666,2020-05-11T00:00:00Z,Severe acute respiratory syndrome-related coronavirus,29863,USA: CA,CA,Homo sapiens,,4/22/2020
MT449667,2020-05-11T00:00:00Z,Severe acute respiratory syndrome-related coronavirus,29892,USA: CA,CA,Homo sapiens,,4/7/2020
MT449668,2020-05-11T00:00:00Z,Severe acute respiratory syndrome-related coronavirus,29864,USA: CA,CA,Homo sapiens,,4/7/2020
MT449669,2020-05-11T00:00:00Z,Severe acute respiratory syndrome-related coronavirus,29862,USA: CA,CA,Homo sapiens,,4/7/2020
MT449670,2020-05-11T00:00:00Z,Severe acute respiratory syndrome-related coronavirus,29868,USA: CA,CA,Homo sapiens,,4/26/2020
MT449671,2020-05-11T00:00:00Z,Severe acute respiratory syndrome-related coronavirus,29758,USA: CA,CA,Homo sapiens,,4/4/2020
MT449672,2020-05-11T00:00:00Z,Severe acute respiratory syndrome-related coronavirus,29874,USA: CA,CA,Homo sapiens,,4/25/2020
MT449673,2020-05-11T00:00:00Z,Severe acute respiratory syndrome-related coronavirus,29861,USA: CA,CA,Homo sapiens,,4/23/2020
MT449674,2020-05-11T00:00:00Z,Severe acute respiratory syndrome-related coronavirus,29871,USA: CA,CA,Homo sapiens,,4/9/2020
MT449675,2020-05-11T00:00:00Z,Severe acute respiratory syndrome-related coronavirus,29863,USA: CA,CA,Homo sapiens,,4/7/2020
MT449676,2020-05-11T00:00:00Z,Severe acute respiratory syndrome-related coronavirus,29870,USA: CA,CA,Homo sapiens,,4/8/2020
MT449677,2020-05-11T00:00:00Z,Severe acute respiratory syndrome-related coronavirus,29858,USA: CA,CA,Homo sapiens,,4/4/2020
MT449678,2020-05-11T00:00:00Z,Severe acute respiratory syndrome-related coronavirus,29902,USA: CA,CA,Homo sapiens,,4/5/2020
MT449679,2020-05-11T00:00:00Z,Severe acute respiratory syndrome-related coronavirus,29863,USA: CA,CA,Homo sapiens,,4/5/2020
MT450873,2020-05-11T00:00:00Z,Severe acute respiratory syndrome-related coronavirus,29897,USA: VA,VA,Homo sapiens,,2020-04
MT450874,2020-05-11T00:00:00Z,Severe acute respiratory syndrome-related coronavirus,29865,USA: VA,VA,Homo sapiens,,2020-04
MT450875,2020-05-11T00:00:00Z,Severe acute respiratory syndrome-related coronavirus,29856,USA: VA,VA,Homo sapiens,,2020-04
MT450876,2020-05-11T00:00:00Z,Severe acute respiratory syndrome-related coronavirus,29900,USA: VA,VA,Homo sapiens,,2020-04
MT450877,2020-05-11T00:00:00Z,Severe acute respiratory syndrome-related coronavirus,29827,USA: VA,VA,Homo sapiens,,2020-04
MT450878,2020-05-11T00:00:00Z,Severe acute respiratory syndrome-related coronavirus,29856,USA: VA,VA,Homo sapiens,,2020-04
MT450879,2020-05-11T00:00:00Z,Severe acute respiratory syndrome-related coronavirus,29859,USA: VA,VA,Homo sapiens,,2020-04
MT450880,2020-05-11T00:00:00Z,Severe acute respiratory syndrome-related coronavirus,29862,USA: VA,VA,Homo sapiens,,2020-04
MT450881,2020-05-11T00:00:00Z,Severe acute respiratory syndrome-related coronavirus,29866,USA: VA,VA,Homo sapiens,,2020-04
MT450882,2020-05-11T00:00:00Z,Severe acute respiratory syndrome-related coronavirus,29857,USA: VA,VA,Homo sapiens,,2020-04
MT450883,2020-05-11T00:00:00Z,Severe acute respiratory syndrome-related coronavirus,29865,USA: VA,VA,Homo sapiens,,2020-04
MT450884,2020-05-11T00:00:00Z,Severe acute respiratory syndrome-related coronavirus,29892,USA: VA,VA,Homo sapiens,,2020-03
MT450885,2020-05-11T00:00:00Z,Severe acute respiratory syndrome-related coronavirus,29825,USA: VA,VA,Homo sapiens,,2020-03
MT450886,2020-05-11T00:00:00Z,Severe acute respiratory syndrome-related coronavirus,29865,USA: VA,VA,Homo sapiens,,2020-04
MT450887,2020-05-11T00:00:00Z,Severe acute respiratory syndrome-related coronavirus,29867,USA: VA,VA,Homo sapiens,,2020-04
MT450888,2020-05-11T00:00:00Z,Severe acute respiratory syndrome-related coronavirus,29848,USA: VA,VA,Homo sapiens,,2020-04
MT450889,2020-05-11T00:00:00Z,Severe acute respiratory syndrome-related coronavirus,29903,USA: VA,VA,Homo sapiens,,2020-04
MT450890,2020-05-11T00:00:00Z,Severe acute respiratory syndrome-related coronavirus,29865,USA: VA,VA,Homo sapiens,,2020-04
MT450891,2020-05-11T00:00:00Z,Severe acute respiratory syndrome-related coronavirus,29821,USA: VA,VA,Homo sapiens,,2020-04
MT450892,2020-05-11T00:00:00Z,Severe acute respiratory syndrome-related coronavirus,29813,USA: VA,VA,Homo sapiens,,2020-04
MT450893,2020-05-11T00:00:00Z,Severe acute respiratory syndrome-related coronavirus,29894,USA: VA,VA,Homo sapiens,,2020-04
MT450894,2020-05-11T00:00:00Z,Severe acute respiratory syndrome-related coronavirus,29865,USA: VA,VA,Homo sapiens,,2020-04
MT450895,2020-05-11T00:00:00Z,Severe acute respiratory syndrome-related coronavirus,29848,USA: VA,VA,Homo sapiens,,2020-04
MT450896,2020-05-11T00:00:00Z,Severe acute respiratory syndrome-related coronavirus,29865,USA: VA,VA,Homo sapiens,,2020-04
MT450897,2020-05-11T00:00:00Z,Severe acute respiratory syndrome-related coronavirus,29866,USA: VA,VA,Homo sapiens,,2020-04
MT450898,2020-05-11T00:00:00Z,Severe acute respiratory syndrome-related coronavirus,29868,USA: VA,VA,Homo sapiens,,2020-04
MT450899,2020-05-11T00:00:00Z,Severe acute respiratory syndrome-related coronavirus,29901,USA: VA,VA,Homo sapiens,,2020-04
MT450900,2020-05-11T00:00:00Z,Severe acute respiratory syndrome-related coronavirus,29822,USA: VA,VA,Homo sapiens,,2020-04
MT450901,2020-05-11T00:00:00Z,Severe acute respiratory syndrome-related coronavirus,29858,USA: VA,VA,Homo sapiens,,2020-04
MT450902,2020-05-11T00:00:00Z,Severe acute respiratory syndrome-related coronavirus,29866,USA: VA,VA,Homo sapiens,,2020-04
MT450903,2020-05-11T00:00:00Z,Severe acute respiratory syndrome-related coronavirus,29824,USA: VA,VA,Homo sapiens,,2020-04
MT450904,2020-05-11T00:00:00Z,Severe acute respiratory syndrome-related coronavirus,29817,USA: VA,VA,Homo sapiens,,2020-04
MT450905,2020-05-11T00:00:00Z,Severe acute respiratory syndrome-related coronavirus,29865,USA: VA,VA,Homo sapiens,,2020-04
MT450906,2020-05-11T00:00:00Z,Severe acute respiratory syndrome-related coronavirus,29855,USA: VA,VA,Homo sapiens,,2020-04
MT450907,2020-05-11T00:00:00Z,Severe acute respiratory syndrome-related coronavirus,29852,USA: VA,VA,Homo sapiens,,2020-04
MT450908,2020-05-11T00:00:00Z,Severe acute respiratory syndrome-related coronavirus,29808,USA: VA,VA,Homo sapiens,,2020-04
MT450909,2020-05-11T00:00:00Z,Severe acute respiratory syndrome-related coronavirus,29869,USA: VA,VA,Homo sapiens,,2020-04
MT450910,2020-05-11T00:00:00Z,Severe acute respiratory syndrome-related coronavirus,29868,USA: VA,VA,Homo sapiens,,2020-04
MT450911,2020-05-11T00:00:00Z,Severe acute respiratory syndrome-related coronavirus,29865,USA: VA,VA,Homo sapiens,,2020-04
MT450912,2020-05-11T00:00:00Z,Severe acute respiratory syndrome-related coronavirus,29852,USA: VA,VA,Homo sapiens,,2020-04
MT450913,2020-05-11T00:00:00Z,Severe acute respiratory syndrome-related coronavirus,29891,USA: VA,VA,Homo sapiens,,2020-04
MT450914,2020-05-11T00:00:00Z,Severe acute respiratory syndrome-related coronavirus,29865,USA: VA,VA,Homo sapiens,,2020-04
MT450915,2020-05-11T00:00:00Z,Severe acute respiratory syndrome-related coronavirus,29852,USA: VA,VA,Homo sapiens,,2020-04
MT450916,2020-05-11T00:00:00Z,Severe acute respiratory syndrome-related coronavirus,29867,USA: VA,VA,Homo sapiens,,2020-04
MT450917,2020-05-11T00:00:00Z,Severe acute respiratory syndrome-related coronavirus,29863,USA: VA,VA,Homo sapiens,,2020-04
MT450918,2020-05-11T00:00:00Z,Severe acute respiratory syndrome-related coronavirus,29865,USA: VA,VA,Homo sapiens,,2020-04
MT452574,2020-05-11T00:00:00Z,Severe acute respiratory syndrome-related coronavirus,29898,USA: NY,NY,Homo sapiens,,3/12/2020
MT452575,2020-05-11T00:00:00Z,Severe acute respiratory syndrome-related coronavirus,29903,USA: WA,WA,Homo sapiens,,3/13/2020
MT452576,2020-05-11T00:00:00Z,Severe acute respiratory syndrome-related coronavirus,29873,USA: CA,CA,Homo sapiens,,3/13/2020
MT444148,2020-05-08T00:00:00Z,Severe acute respiratory syndrome-related coronavirus,29890,USA: CA,CA,Homo sapiens,oronasopharynx,3/11/2020
MT444515,2020-05-08T00:00:00Z,Severe acute respiratory syndrome-related coronavirus,29804,USA,,Homo sapiens,,3/16/2020
MT444516,2020-05-08T00:00:00Z,Severe acute respiratory syndrome-related coronavirus,29786,USA,,Homo sapiens,,3/16/2020
MT444517,2020-05-08T00:00:00Z,Severe acute respiratory syndrome-related coronavirus,29797,USA,,Homo sapiens,,3/16/2020
MT444518,2020-05-08T00:00:00Z,Severe acute respiratory syndrome-related coronavirus,29797,USA,,Homo sapiens,,3/16/2020
MT444519,2020-05-08T00:00:00Z,Severe acute respiratory syndrome-related coronavirus,29788,USA,,Homo sapiens,,3/16/2020
MT444520,2020-05-08T00:00:00Z,Severe acute respiratory syndrome-related coronavirus,29832,USA,,Homo sapiens,,3/16/2020
MT444521,2020-05-08T00:00:00Z,Severe acute respiratory syndrome-related coronavirus,29788,USA,,Homo sapiens,,3/17/2020
MT444522,2020-05-08T00:00:00Z,Severe acute respiratory syndrome-related coronavirus,29786,USA,,Homo sapiens,,3/16/2020
MT444523,2020-05-08T00:00:00Z,Severe acute respiratory syndrome-related coronavirus,29825,USA,,Homo sapiens,,3/17/2020
MT444524,2020-05-08T00:00:00Z,Severe acute respiratory syndrome-related coronavirus,29796,USA,,Homo sapiens,,3/15/2020
MT444525,2020-05-08T00:00:00Z,Severe acute respiratory syndrome-related coronavirus,29782,USA,,Homo sapiens,,3/16/2020
MT444526,2020-05-08T00:00:00Z,Severe acute respiratory syndrome-related coronavirus,29786,USA,,Homo sapiens,,3/15/2020
MT444527,2020-05-08T00:00:00Z,Severe acute respiratory syndrome-related coronavirus,29786,USA,,Homo sapiens,,3/17/2020
MT444528,2020-05-08T00:00:00Z,Severe acute respiratory syndrome-related coronavirus,29796,USA,,Homo sapiens,,3/17/2020
MT444529,2020-05-08T00:00:00Z,Severe acute respiratory syndrome-related coronavirus,29786,USA,,Homo sapiens,,3/17/2020
MT444530,2020-05-08T00:00:00Z,Severe acute respiratory syndrome-related coronavirus,29824,USA,,Homo sapiens,,3/15/2020
MT444531,2020-05-08T00:00:00Z,Severe acute respiratory syndrome-related coronavirus,29788,USA,,Homo sapiens,,3/14/2020
MT444532,2020-05-08T00:00:00Z,Severe acute respiratory syndrome-related coronavirus,29797,USA,,Homo sapiens,,3/14/2020
MT444533,2020-05-08T00:00:00Z,Severe acute respiratory syndrome-related coronavirus,29808,USA,,Homo sapiens,,3/15/2020
MT444534,2020-05-08T00:00:00Z,Severe acute respiratory syndrome-related coronavirus,29863,USA,,Homo sapiens,,3/30/2020
MT444535,2020-05-08T00:00:00Z,Severe acute respiratory syndrome-related coronavirus,29786,USA,,Homo sapiens,,3/31/2020
MT444536,2020-05-08T00:00:00Z,Severe acute respiratory syndrome-related coronavirus,29886,USA,,Homo sapiens,,3/30/2020
MT444537,2020-05-08T00:00:00Z,Severe acute respiratory syndrome-related coronavirus,29788,USA,,Homo sapiens,,3/30/2020
MT444538,2020-05-08T00:00:00Z,Severe acute respiratory syndrome-related coronavirus,29864,USA,,Homo sapiens,,3/30/2020
MT444539,2020-05-08T00:00:00Z,Severe acute respiratory syndrome-related coronavirus,29892,USA,,Homo sapiens,,3/30/2020
MT444540,2020-05-08T00:00:00Z,Severe acute respiratory syndrome-related coronavirus,29861,USA,,Homo sapiens,,3/31/2020
MT444541,2020-05-08T00:00:00Z,Severe acute respiratory syndrome-related coronavirus,29863,USA,,Homo sapiens,,4/2/2020
MT444542,2020-05-08T00:00:00Z,Severe acute respiratory syndrome-related coronavirus,29864,USA,,Homo sapiens,,4/2/2020
MT444543,2020-05-08T00:00:00Z,Severe acute respiratory syndrome-related coronavirus,29864,USA,,Homo sapiens,,4/2/2020
MT444544,2020-05-08T00:00:00Z,Severe acute respiratory syndrome-related coronavirus,29788,USA,,Homo sapiens,,4/2/2020
MT444545,2020-05-08T00:00:00Z,Severe acute respiratory syndrome-related coronavirus,29899,USA,,Homo sapiens,,3/31/2020
MT444546,2020-05-08T00:00:00Z,Severe acute respiratory syndrome-related coronavirus,29891,USA,,Homo sapiens,,4/2/2020
MT444547,2020-05-08T00:00:00Z,Severe acute respiratory syndrome-related coronavirus,29863,USA,,Homo sapiens,,4/3/2020
MT444548,2020-05-08T00:00:00Z,Severe acute respiratory syndrome-related coronavirus,29881,USA,,Homo sapiens,,4/2/2020
MT444549,2020-05-08T00:00:00Z,Severe acute respiratory syndrome-related coronavirus,29864,USA,,Homo sapiens,,4/2/2020
MT444550,2020-05-08T00:00:00Z,Severe acute respiratory syndrome-related coronavirus,29872,USA,,Homo sapiens,,4/2/2020
MT444551,2020-05-08T00:00:00Z,Severe acute respiratory syndrome-related coronavirus,29864,USA,,Homo sapiens,,4/3/2020
MT444552,2020-05-08T00:00:00Z,Severe acute respiratory syndrome-related coronavirus,29810,USA,,Homo sapiens,,4/3/2020
MT444553,2020-05-08T00:00:00Z,Severe acute respiratory syndrome-related coronavirus,29864,USA,,Homo sapiens,,4/3/2020
MT444554,2020-05-08T00:00:00Z,Severe acute respiratory syndrome-related coronavirus,29864,USA,,Homo sapiens,,4/3/2020
MT444555,2020-05-08T00:00:00Z,Severe acute respiratory syndrome-related coronavirus,29800,USA,,Homo sapiens,,4/3/2020
MT444556,2020-05-08T00:00:00Z,Severe acute respiratory syndrome-related coronavirus,29787,USA,,Homo sapiens,,3/14/2020
MT444557,2020-05-08T00:00:00Z,Severe acute respiratory syndrome-related coronavirus,29786,USA,,Homo sapiens,,3/15/2020
MT444558,2020-05-08T00:00:00Z,Severe acute respiratory syndrome-related coronavirus,28864,USA,,Homo sapiens,,3/15/2020
MT444559,2020-05-08T00:00:00Z,Severe acute respiratory syndrome-related coronavirus,29625,USA,,Homo sapiens,,3/14/2020
MT444560,2020-05-08T00:00:00Z,Severe acute respiratory syndrome-related coronavirus,29796,USA,,Homo sapiens,,3/12/2020
MT444561,2020-05-08T00:00:00Z,Severe acute respiratory syndrome-related coronavirus,29828,USA,,Homo sapiens,,3/12/2020
MT444562,2020-05-08T00:00:00Z,Severe acute respiratory syndrome-related coronavirus,29788,USA,,Homo sapiens,,3/12/2020
MT444563,2020-05-08T00:00:00Z,Severe acute respiratory syndrome-related coronavirus,29776,USA,,Homo sapiens,,3/12/2020
MT444564,2020-05-08T00:00:00Z,Severe acute respiratory syndrome-related coronavirus,29892,USA,,Homo sapiens,,3/27/2020
MT444565,2020-05-08T00:00:00Z,Severe acute respiratory syndrome-related coronavirus,29804,USA,,Homo sapiens,,3/28/2020
MT444566,2020-05-08T00:00:00Z,Severe acute respiratory syndrome-related coronavirus,29796,USA,,Homo sapiens,,3/28/2020
MT444567,2020-05-08T00:00:00Z,Severe acute respiratory syndrome-related coronavirus,29893,USA,,Homo sapiens,,3/29/2020
MT444568,2020-05-08T00:00:00Z,Severe acute respiratory syndrome-related coronavirus,29794,USA,,Homo sapiens,,3/28/2020
MT444569,2020-05-08T00:00:00Z,Severe acute respiratory syndrome-related coronavirus,29864,USA,,Homo sapiens,,4/3/2020
MT444570,2020-05-08T00:00:00Z,Severe acute respiratory syndrome-related coronavirus,29891,USA,,Homo sapiens,,4/3/2020
MT444571,2020-05-08T00:00:00Z,Severe acute respiratory syndrome-related coronavirus,29819,USA,,Homo sapiens,,4/3/2020
MT444572,2020-05-08T00:00:00Z,Severe acute respiratory syndrome-related coronavirus,29886,USA,,Homo sapiens,,4/3/2020
MT444573,2020-05-08T00:00:00Z,Severe acute respiratory syndrome-related coronavirus,29896,USA,,Homo sapiens,,4/3/2020
MT444574,2020-05-08T00:00:00Z,Severe acute respiratory syndrome-related coronavirus,29797,USA,,Homo sapiens,,4/3/2020
MT444575,2020-05-08T00:00:00Z,Severe acute respiratory syndrome-related coronavirus,29831,USA,,Homo sapiens,,4/3/2020
MT444576,2020-05-08T00:00:00Z,Severe acute respiratory syndrome-related coronavirus,29855,USA,,Homo sapiens,,4/3/2020
MT444577,2020-05-08T00:00:00Z,Severe acute respiratory syndrome-related coronavirus,29893,USA,,Homo sapiens,,4/2/2020
MT444578,2020-05-08T00:00:00Z,Severe acute respiratory syndrome-related coronavirus,29898,USA,,Homo sapiens,,4/3/2020
MT444579,2020-05-08T00:00:00Z,Severe acute respiratory syndrome-related coronavirus,29728,USA,,Homo sapiens,,4/4/2020
MT444580,2020-05-08T00:00:00Z,Severe acute respiratory syndrome-related coronavirus,29796,USA,,Homo sapiens,,4/4/2020
MT444581,2020-05-08T00:00:00Z,Severe acute respiratory syndrome-related coronavirus,29895,USA,,Homo sapiens,,4/2/2020
MT444582,2020-05-08T00:00:00Z,Severe acute respiratory syndrome-related coronavirus,29863,USA,,Homo sapiens,,4/2/2020
MT444583,2020-05-08T00:00:00Z,Severe acute respiratory syndrome-related coronavirus,29797,USA,,Homo sapiens,,3/31/2020
MT444584,2020-05-08T00:00:00Z,Severe acute respiratory syndrome-related coronavirus,29881,USA,,Homo sapiens,,4/2/2020
MT444585,2020-05-08T00:00:00Z,Severe acute respiratory syndrome-related coronavirus,29861,USA,,Homo sapiens,,4/2/2020
MT444586,2020-05-08T00:00:00Z,Severe acute respiratory syndrome-related coronavirus,29891,USA,,Homo sapiens,,4/2/2020
MT444587,2020-05-08T00:00:00Z,Severe acute respiratory syndrome-related coronavirus,29796,USA,,Homo sapiens,,4/2/2020
MT444588,2020-05-08T00:00:00Z,Severe acute respiratory syndrome-related coronavirus,29625,USA,,Homo sapiens,,4/5/2020
MT444589,2020-05-08T00:00:00Z,Severe acute respiratory syndrome-related coronavirus,29836,USA,,Homo sapiens,,4/5/2020
MT444590,2020-05-08T00:00:00Z,Severe acute respiratory syndrome-related coronavirus,29842,USA,,Homo sapiens,,4/5/2020
MT444591,2020-05-08T00:00:00Z,Severe acute respiratory syndrome-related coronavirus,29799,USA,,Homo sapiens,,4/6/2020
MT444592,2020-05-08T00:00:00Z,Severe acute respiratory syndrome-related coronavirus,29892,USA,,Homo sapiens,,4/6/2020
MT444593,2020-05-08T00:00:00Z,Severe acute respiratory syndrome-related coronavirus,29810,USA,,Homo sapiens,,4/6/2020
MT444594,2020-05-08T00:00:00Z,Severe acute respiratory syndrome-related coronavirus,29796,USA,,Homo sapiens,,4/5/2020
MT444595,2020-05-08T00:00:00Z,Severe acute respiratory syndrome-related coronavirus,29794,USA,,Homo sapiens,,4/6/2020
MT444596,2020-05-08T00:00:00Z,Severe acute respiratory syndrome-related coronavirus,29796,USA,,Homo sapiens,,4/5/2020
MT444597,2020-05-08T00:00:00Z,Severe acute respiratory syndrome-related coronavirus,29892,USA,,Homo sapiens,,4/6/2020
MT444598,2020-05-08T00:00:00Z,Severe acute respiratory syndrome-related coronavirus,29898,USA,,Homo sapiens,,4/5/2020
MT444599,2020-05-08T00:00:00Z,Severe acute respiratory syndrome-related coronavirus,29867,USA,,Homo sapiens,,4/7/2020
MT444600,2020-05-08T00:00:00Z,Severe acute respiratory syndrome-related coronavirus,29897,USA,,Homo sapiens,,4/7/2020
MT444601,2020-05-08T00:00:00Z,Severe acute respiratory syndrome-related coronavirus,29796,USA,,Homo sapiens,,4/7/2020
MT444602,2020-05-08T00:00:00Z,Severe acute respiratory syndrome-related coronavirus,29801,USA,,Homo sapiens,,4/8/2020
MT444603,2020-05-08T00:00:00Z,Severe acute respiratory syndrome-related coronavirus,29810,USA,,Homo sapiens,,4/7/2020
MT444604,2020-05-08T00:00:00Z,Severe acute respiratory syndrome-related coronavirus,29796,USA,,Homo sapiens,,4/6/2020
MT444605,2020-05-08T00:00:00Z,Severe acute respiratory syndrome-related coronavirus,29899,USA,,Homo sapiens,,4/7/2020
MT444606,2020-05-08T00:00:00Z,Severe acute respiratory syndrome-related coronavirus,29864,USA,,Homo sapiens,,4/8/2020
MT444607,2020-05-08T00:00:00Z,Severe acute respiratory syndrome-related coronavirus,29899,USA,,Homo sapiens,,4/8/2020
MT444608,2020-05-08T00:00:00Z,Severe acute respiratory syndrome-related coronavirus,29863,USA,,Homo sapiens,,4/8/2020
MT444609,2020-05-08T00:00:00Z,Severe acute respiratory syndrome-related coronavirus,29815,USA,,Homo sapiens,,4/8/2020
MT444610,2020-05-08T00:00:00Z,Severe acute respiratory syndrome-related coronavirus,29802,USA,,Homo sapiens,,4/8/2020
MT444611,2020-05-08T00:00:00Z,Severe acute respiratory syndrome-related coronavirus,29855,USA,,Homo sapiens,,4/8/2020
MT444612,2020-05-08T00:00:00Z,Severe acute respiratory syndrome-related coronavirus,29835,USA,,Homo sapiens,,4/9/2020
MT444613,2020-05-08T00:00:00Z,Severe acute respiratory syndrome-related coronavirus,29814,USA,,Homo sapiens,,4/10/2020
MT444614,2020-05-08T00:00:00Z,Severe acute respiratory syndrome-related coronavirus,29797,USA,,Homo sapiens,,4/10/2020
MT444615,2020-05-08T00:00:00Z,Severe acute respiratory syndrome-related coronavirus,29865,USA,,Homo sapiens,,4/10/2020
MT444616,2020-05-08T00:00:00Z,Severe acute respiratory syndrome-related coronavirus,29803,USA,,Homo sapiens,,4/15/2020
MT444617,2020-05-08T00:00:00Z,Severe acute respiratory syndrome-related coronavirus,29797,USA,,Homo sapiens,,4/15/2020
MT444618,2020-05-08T00:00:00Z,Severe acute respiratory syndrome-related coronavirus,29830,USA,,Homo sapiens,,4/15/2020
MT444619,2020-05-08T00:00:00Z,Severe acute respiratory syndrome-related coronavirus,29852,USA,,Homo sapiens,,4/14/2020
MT444620,2020-05-08T00:00:00Z,Severe acute respiratory syndrome-related coronavirus,29833,USA,,Homo sapiens,,4/15/2020
MT444621,2020-05-08T00:00:00Z,Severe acute respiratory syndrome-related coronavirus,29838,USA,,Homo sapiens,,4/15/2020
MT444622,2020-05-08T00:00:00Z,Severe acute respiratory syndrome-related coronavirus,29803,USA,,Homo sapiens,,4/15/2020
MT444623,2020-05-08T00:00:00Z,Severe acute respiratory syndrome-related coronavirus,29846,USA,,Homo sapiens,,4/14/2020
MT444624,2020-05-08T00:00:00Z,Severe acute respiratory syndrome-related coronavirus,29848,USA,,Homo sapiens,,4/15/2020
MT444625,2020-05-08T00:00:00Z,Severe acute respiratory syndrome-related coronavirus,29846,USA,,Homo sapiens,,4/15/2020
MT444626,2020-05-08T00:00:00Z,Severe acute respiratory syndrome-related coronavirus,29840,USA,,Homo sapiens,,4/15/2020
MT444627,2020-05-08T00:00:00Z,Severe acute respiratory syndrome-related coronavirus,29796,USA,,Homo sapiens,,4/14/2020
MT444628,2020-05-08T00:00:00Z,Severe acute respiratory syndrome-related coronavirus,29837,USA,,Homo sapiens,,4/15/2020
MT444629,2020-05-08T00:00:00Z,Severe acute respiratory syndrome-related coronavirus,29811,USA,,Homo sapiens,,4/14/2020
MT444630,2020-05-08T00:00:00Z,Severe acute respiratory syndrome-related coronavirus,29800,USA,,Homo sapiens,,4/15/2020
MT444631,2020-05-08T00:00:00Z,Severe acute respiratory syndrome-related coronavirus,29798,USA,,Homo sapiens,,4/14/2020
MT444632,2020-05-08T00:00:00Z,Severe acute respiratory syndrome-related coronavirus,29838,USA,,Homo sapiens,,4/15/2020
MT444633,2020-05-08T00:00:00Z,Severe acute respiratory syndrome-related coronavirus,29848,USA,,Homo sapiens,,4/14/2020
MT444634,2020-05-08T00:00:00Z,Severe acute respiratory syndrome-related coronavirus,29797,USA,,Homo sapiens,,4/15/2020
MT444635,2020-05-08T00:00:00Z,Severe acute respiratory syndrome-related coronavirus,29847,USA,,Homo sapiens,,4/15/2020
MT446339,2020-05-08T00:00:00Z,Severe acute respiratory syndrome-related coronavirus,29777,"USA: MARINGOUIN, LA",LA,Homo sapiens,oronasopharynx,4/6/2020
MT446340,2020-05-08T00:00:00Z,Severe acute respiratory syndrome-related coronavirus,29776,"USA: KENNER, LA",LA,Homo sapiens,oronasopharynx,4/8/2020
MT446341,2020-05-08T00:00:00Z,Severe acute respiratory syndrome-related coronavirus,29776,"USA: KILLONA, LA",LA,Homo sapiens,oronasopharynx,4/8/2020
MT446342,2020-05-08T00:00:00Z,Severe acute respiratory syndrome-related coronavirus,29777,"USA: SAINT ROSE, LA",LA,Homo sapiens,oronasopharynx,4/8/2020
MT446343,2020-05-08T00:00:00Z,Severe acute respiratory syndrome-related coronavirus,29796,"USA: New Orleans, LA",LA,Homo sapiens,oronasopharynx,4/4/2020
MT446344,2020-05-08T00:00:00Z,Severe acute respiratory syndrome-related coronavirus,29777,"USA: LOCKPORT, LA",LA,Homo sapiens,oronasopharynx,4/4/2020
MT446345,2020-05-08T00:00:00Z,Severe acute respiratory syndrome-related coronavirus,29777,"USA: NEW ORLEANS, LA",LA,Homo sapiens,oronasopharynx,4/4/2020
MT446346,2020-05-08T00:00:00Z,Severe acute respiratory syndrome-related coronavirus,29777,"USA: LULING, LA",LA,Homo sapiens,oronasopharynx,4/7/2020
MT446347,2020-05-08T00:00:00Z,Severe acute respiratory syndrome-related coronavirus,29777,"USA: RACELAND, LA",LA,Homo sapiens,oronasopharynx,4/6/2020
MT446348,2020-05-08T00:00:00Z,Severe acute respiratory syndrome-related coronavirus,29777,"USA: New Orleans, LA",LA,Homo sapiens,oronasopharynx,4/6/2020
MT446349,2020-05-08T00:00:00Z,Severe acute respiratory syndrome-related coronavirus,29776,"USA: KENNER, LA",LA,Homo sapiens,oronasopharynx,4/4/2020
MT446350,2020-05-08T00:00:00Z,Severe acute respiratory syndrome-related coronavirus,29807,"USA: New Orleans, LA",LA,Homo sapiens,oronasopharynx,4/6/2020
MT446351,2020-05-08T00:00:00Z,Severe acute respiratory syndrome-related coronavirus,29486,"USA: GRAY, LA",LA,Homo sapiens,oronasopharynx,4/6/2020
MT446352,2020-05-08T00:00:00Z,Severe acute respiratory syndrome-related coronavirus,29777,"USA: GHEENS, LA",LA,Homo sapiens,,4/6/2020
MT446353,2020-05-08T00:00:00Z,Severe acute respiratory syndrome-related coronavirus,29777,"USA: THIBODAUX,LA",LA,Homo sapiens,oronasopharynx,4/6/2020
MT446354,2020-05-08T00:00:00Z,Severe acute respiratory syndrome-related coronavirus,29776,"USA: MARINGOUIN, LA",LA,Homo sapiens,oronasopharynx,4/8/2020
MT446355,2020-05-08T00:00:00Z,Severe acute respiratory syndrome-related coronavirus,29807,"USA: Slidell, LA",LA,Homo sapiens,oronasopharynx,4/8/2020
MT446356,2020-05-08T00:00:00Z,Severe acute respiratory syndrome-related coronavirus,29777,"USA: Lacombe, LA",LA,Homo sapiens,oronasopharynx,4/3/2020
MT446357,2020-05-08T00:00:00Z,Severe acute respiratory syndrome-related coronavirus,29777,"USA: HOUMA, LA",LA,Homo sapiens,oronasopharynx,4/6/2020
MT446358,2020-05-08T00:00:00Z,Severe acute respiratory syndrome-related coronavirus,29776,"USA: RACELAND, LA",LA,Homo sapiens,oronasopharynx,4/6/2020
MT446359,2020-05-08T00:00:00Z,Severe acute respiratory syndrome-related coronavirus,29776,"USA: SLIDELL, LA",LA,Homo sapiens,oronasopharynx,4/5/2020
MT446360,2020-05-08T00:00:00Z,Severe acute respiratory syndrome-related coronavirus,29486,USA: SLIDELL LA,LA,Homo sapiens,oronasopharynx,4/5/2020
MT446361,2020-05-08T00:00:00Z,Severe acute respiratory syndrome-related coronavirus,29487,"USA: DELACROIX, LA",LA,Homo sapiens,oronasopharynx,4/6/2020
MT438718,2020-05-07T00:00:00Z,Severe acute respiratory syndrome-related coronavirus,29864,USA: CA,CA,Homo sapiens,,4/22/2020
MT438719,2020-05-07T00:00:00Z,Severe acute respiratory syndrome-related coronavirus,29870,USA: CA,CA,Homo sapiens,,4/22/2020
MT438720,2020-05-07T00:00:00Z,Severe acute respiratory syndrome-related coronavirus,29861,USA: CA,CA,Homo sapiens,,4/22/2020
MT438721,2020-05-07T00:00:00Z,Severe acute respiratory syndrome-related coronavirus,29858,USA: CA,CA,Homo sapiens,,4/22/2020
MT438722,2020-05-07T00:00:00Z,Severe acute respiratory syndrome-related coronavirus,29903,USA: CA,CA,Homo sapiens,,4/22/2020
MT438723,2020-05-07T00:00:00Z,Severe acute respiratory syndrome-related coronavirus,29859,USA: CA,CA,Homo sapiens,,4/22/2020
MT438724,2020-05-07T00:00:00Z,Severe acute respiratory syndrome-related coronavirus,29871,USA: CA,CA,Homo sapiens,,4/22/2020
MT438725,2020-05-07T00:00:00Z,Severe acute respiratory syndrome-related coronavirus,29862,USA: CA,CA,Homo sapiens,,4/22/2020
MT438726,2020-05-07T00:00:00Z,Severe acute respiratory syndrome-related coronavirus,29856,USA: CA,CA,Homo sapiens,,4/22/2020
MT438727,2020-05-07T00:00:00Z,Severe acute respiratory syndrome-related coronavirus,29871,USA: CA,CA,Homo sapiens,,4/22/2020
MT438728,2020-05-07T00:00:00Z,Severe acute respiratory syndrome-related coronavirus,29902,USA: CA,CA,Homo sapiens,,4/22/2020
MT438729,2020-05-07T00:00:00Z,Severe acute respiratory syndrome-related coronavirus,29863,USA: CA,CA,Homo sapiens,,4/22/2020
MT438730,2020-05-07T00:00:00Z,Severe acute respiratory syndrome-related coronavirus,29876,USA: CA,CA,Homo sapiens,,4/22/2020
MT438731,2020-05-07T00:00:00Z,Severe acute respiratory syndrome-related coronavirus,29870,USA: CA,CA,Homo sapiens,,4/22/2020
MT438732,2020-05-07T00:00:00Z,Severe acute respiratory syndrome-related coronavirus,29870,USA: CA,CA,Homo sapiens,,4/22/2020
MT438733,2020-05-07T00:00:00Z,Severe acute respiratory syndrome-related coronavirus,29862,USA: CA,CA,Homo sapiens,,4/22/2020
MT438734,2020-05-07T00:00:00Z,Severe acute respiratory syndrome-related coronavirus,29863,USA: CA,CA,Homo sapiens,,4/22/2020
MT438735,2020-05-07T00:00:00Z,Severe acute respiratory syndrome-related coronavirus,29862,USA: CA,CA,Homo sapiens,,4/22/2020
MT438736,2020-05-07T00:00:00Z,Severe acute respiratory syndrome-related coronavirus,29862,USA: CA,CA,Homo sapiens,,4/22/2020
MT438737,2020-05-07T00:00:00Z,Severe acute respiratory syndrome-related coronavirus,29872,USA: CA,CA,Homo sapiens,,4/22/2020
MT438738,2020-05-07T00:00:00Z,Severe acute respiratory syndrome-related coronavirus,29874,USA: CA,CA,Homo sapiens,,4/22/2020
MT438739,2020-05-07T00:00:00Z,Severe acute respiratory syndrome-related coronavirus,29870,USA: CA,CA,Homo sapiens,,4/22/2020
MT438740,2020-05-07T00:00:00Z,Severe acute respiratory syndrome-related coronavirus,29862,USA: CA,CA,Homo sapiens,,4/22/2020
MT438741,2020-05-07T00:00:00Z,Severe acute respiratory syndrome-related coronavirus,29888,USA: CA,CA,Homo sapiens,,4/22/2020
MT438742,2020-05-07T00:00:00Z,Severe acute respiratory syndrome-related coronavirus,29903,USA: CA,CA,Homo sapiens,,4/22/2020
MT438743,2020-05-07T00:00:00Z,Severe acute respiratory syndrome-related coronavirus,29874,USA: CA,CA,Homo sapiens,,4/22/2020
MT438744,2020-05-07T00:00:00Z,Severe acute respiratory syndrome-related coronavirus,29863,USA: CA,CA,Homo sapiens,,4/22/2020
MT438745,2020-05-07T00:00:00Z,Severe acute respiratory syndrome-related coronavirus,29839,USA: CA,CA,Homo sapiens,,4/22/2020
MT438746,2020-05-07T00:00:00Z,Severe acute respiratory syndrome-related coronavirus,29885,USA: CA,CA,Homo sapiens,,4/22/2020
MT438747,2020-05-07T00:00:00Z,Severe acute respiratory syndrome-related coronavirus,29871,USA: CA,CA,Homo sapiens,,4/22/2020
MT438748,2020-05-07T00:00:00Z,Severe acute respiratory syndrome-related coronavirus,29874,USA: CA,CA,Homo sapiens,,4/22/2020
MT438749,2020-05-07T00:00:00Z,Severe acute respiratory syndrome-related coronavirus,29862,USA: CA,CA,Homo sapiens,,4/22/2020
MT438750,2020-05-07T00:00:00Z,Severe acute respiratory syndrome-related coronavirus,29862,USA: CA,CA,Homo sapiens,,4/22/2020
MT438751,2020-05-07T00:00:00Z,Severe acute respiratory syndrome-related coronavirus,29900,USA: CA,CA,Homo sapiens,,4/22/2020
MT438752,2020-05-07T00:00:00Z,Severe acute respiratory syndrome-related coronavirus,29858,USA: CA,CA,Homo sapiens,,4/22/2020
MT438753,2020-05-07T00:00:00Z,Severe acute respiratory syndrome-related coronavirus,29874,USA: CA,CA,Homo sapiens,,4/22/2020
MT438754,2020-05-07T00:00:00Z,Severe acute respiratory syndrome-related coronavirus,29873,USA: CA,CA,Homo sapiens,,4/22/2020
MT438755,2020-05-07T00:00:00Z,Severe acute respiratory syndrome-related coronavirus,29861,USA: CA,CA,Homo sapiens,,4/22/2020
MT438756,2020-05-07T00:00:00Z,Severe acute respiratory syndrome-related coronavirus,29900,USA: CA,CA,Homo sapiens,,4/22/2020
MT438757,2020-05-07T00:00:00Z,Severe acute respiratory syndrome-related coronavirus,29874,USA: CA,CA,Homo sapiens,,4/22/2020
MT438758,2020-05-07T00:00:00Z,Severe acute respiratory syndrome-related coronavirus,29903,USA: CA,CA,Homo sapiens,,4/22/2020
MT438759,2020-05-07T00:00:00Z,Severe acute respiratory syndrome-related coronavirus,29847,USA: CA,CA,Homo sapiens,,4/22/2020
MT438760,2020-05-07T00:00:00Z,Severe acute respiratory syndrome-related coronavirus,29874,USA: CA,CA,Homo sapiens,,4/22/2020
MT439230,2020-05-07T00:00:00Z,Severe acute respiratory syndrome-related coronavirus,29813,USA: MI,MI,Homo sapiens,swab,3/10/2020
MT439231,2020-05-07T00:00:00Z,Severe acute respiratory syndrome-related coronavirus,29813,USA: MI,MI,Homo sapiens,swab,3/10/2020
MT439232,2020-05-07T00:00:00Z,Severe acute respiratory syndrome-related coronavirus,29816,USA: MI,MI,Homo sapiens,swab,3/10/2020
MT439233,2020-05-07T00:00:00Z,Severe acute respiratory syndrome-related coronavirus,29813,USA: MI,MI,Homo sapiens,swab,3/10/2020
MT439234,2020-05-07T00:00:00Z,Severe acute respiratory syndrome-related coronavirus,29823,USA: MI,MI,Homo sapiens,swab,3/11/2020
MT439235,2020-05-07T00:00:00Z,Severe acute respiratory syndrome-related coronavirus,29783,USA: MI,MI,Homo sapiens,swab,3/11/2020
MT439236,2020-05-07T00:00:00Z,Severe acute respiratory syndrome-related coronavirus,29803,USA: MI,MI,Homo sapiens,swab,3/12/2020
MT439237,2020-05-07T00:00:00Z,Severe acute respiratory syndrome-related coronavirus,29844,USA: MI,MI,Homo sapiens,swab,3/12/2020
MT439238,2020-05-07T00:00:00Z,Severe acute respiratory syndrome-related coronavirus,29802,USA: MI,MI,Homo sapiens,swab,3/13/2020
MT439239,2020-05-07T00:00:00Z,Severe acute respiratory syndrome-related coronavirus,29813,USA: MI,MI,Homo sapiens,swab,3/12/2020
MT439240,2020-05-07T00:00:00Z,Severe acute respiratory syndrome-related coronavirus,29864,USA: MI,MI,Homo sapiens,swab,3/13/2020
MT439241,2020-05-07T00:00:00Z,Severe acute respiratory syndrome-related coronavirus,29863,USA: MI,MI,Homo sapiens,swab,3/13/2020
MT439242,2020-05-07T00:00:00Z,Severe acute respiratory syndrome-related coronavirus,29823,USA: MI,MI,Homo sapiens,swab,3/14/2020
MT439243,2020-05-07T00:00:00Z,Severe acute respiratory syndrome-related coronavirus,29776,USA: MI,MI,Homo sapiens,swab,3/13/2020
MT439244,2020-05-07T00:00:00Z,Severe acute respiratory syndrome-related coronavirus,29807,USA: MI,MI,Homo sapiens,swab,3/13/2020
MT439245,2020-05-07T00:00:00Z,Severe acute respiratory syndrome-related coronavirus,29824,USA: MI,MI,Homo sapiens,swab,3/13/2020
MT439246,2020-05-07T00:00:00Z,Severe acute respiratory syndrome-related coronavirus,29808,USA: MI,MI,Homo sapiens,swab,3/14/2020
MT439247,2020-05-07T00:00:00Z,Severe acute respiratory syndrome-related coronavirus,29813,USA: MI,MI,Homo sapiens,swab,3/16/2020
MT439248,2020-05-07T00:00:00Z,Severe acute respiratory syndrome-related coronavirus,29769,USA: MI,MI,Homo sapiens,swab,3/16/2020
MT439249,2020-05-07T00:00:00Z,Severe acute respiratory syndrome-related coronavirus,29816,USA: MI,MI,Homo sapiens,swab,3/17/2020
MT439250,2020-05-07T00:00:00Z,Severe acute respiratory syndrome-related coronavirus,29816,USA: MI,MI,Homo sapiens,swab,3/17/2020
MT439251,2020-05-07T00:00:00Z,Severe acute respiratory syndrome-related coronavirus,29816,USA: MI,MI,Homo sapiens,swab,3/19/2020
MT439252,2020-05-07T00:00:00Z,Severe acute respiratory syndrome-related coronavirus,29816,USA: MI,MI,Homo sapiens,swab,3/18/2020
MT439253,2020-05-07T00:00:00Z,Severe acute respiratory syndrome-related coronavirus,29815,USA: MI,MI,Homo sapiens,swab,3/17/2020
MT439254,2020-05-07T00:00:00Z,Severe acute respiratory syndrome-related coronavirus,29837,USA: MI,MI,Homo sapiens,swab,3/18/2020
MT439255,2020-05-07T00:00:00Z,Severe acute respiratory syndrome-related coronavirus,29815,USA: MI,MI,Homo sapiens,swab,3/19/2020
MT439256,2020-05-07T00:00:00Z,Severe acute respiratory syndrome-related coronavirus,29813,USA: MI,MI,Homo sapiens,swab,3/19/2020
MT439257,2020-05-07T00:00:00Z,Severe acute respiratory syndrome-related coronavirus,29858,USA: MI,MI,Homo sapiens,swab,3/20/2020
MT439258,2020-05-07T00:00:00Z,Severe acute respiratory syndrome-related coronavirus,29844,USA: MI,MI,Homo sapiens,swab,3/16/2020
MT439259,2020-05-07T00:00:00Z,Severe acute respiratory syndrome-related coronavirus,29848,USA: MI,MI,Homo sapiens,swab,3/22/2020
MT439260,2020-05-07T00:00:00Z,Severe acute respiratory syndrome-related coronavirus,29821,USA: MI,MI,Homo sapiens,swab,3/21/2020
MT439261,2020-05-07T00:00:00Z,Severe acute respiratory syndrome-related coronavirus,29835,USA: MI,MI,Homo sapiens,swab,3/23/2020
MT439262,2020-05-07T00:00:00Z,Severe acute respiratory syndrome-related coronavirus,29816,USA: MI,MI,Homo sapiens,swab,3/23/2020
MT439263,2020-05-07T00:00:00Z,Severe acute respiratory syndrome-related coronavirus,29815,USA: MI,MI,Homo sapiens,swab,3/20/2020
MT439264,2020-05-07T00:00:00Z,Severe acute respiratory syndrome-related coronavirus,29814,USA: MI,MI,Homo sapiens,swab,3/22/2020
MT439265,2020-05-07T00:00:00Z,Severe acute respiratory syndrome-related coronavirus,29832,USA: MI,MI,Homo sapiens,swab,3/18/2020
MT439266,2020-05-07T00:00:00Z,Severe acute respiratory syndrome-related coronavirus,29855,USA: MI,MI,Homo sapiens,swab,3/23/2020
MT439267,2020-05-07T00:00:00Z,Severe acute respiratory syndrome-related coronavirus,29841,USA: MI,MI,Homo sapiens,swab,3/23/2020
MT439268,2020-05-07T00:00:00Z,Severe acute respiratory syndrome-related coronavirus,29816,USA: MI,MI,Homo sapiens,swab,3/22/2020
MT439269,2020-05-07T00:00:00Z,Severe acute respiratory syndrome-related coronavirus,29815,USA: MI,MI,Homo sapiens,swab,3/23/2020
MT439270,2020-05-07T00:00:00Z,Severe acute respiratory syndrome-related coronavirus,29816,USA: MI,MI,Homo sapiens,swab,3/23/2020
MT439271,2020-05-07T00:00:00Z,Severe acute respiratory syndrome-related coronavirus,29837,USA: MI,MI,Homo sapiens,swab,3/22/2020
MT439272,2020-05-07T00:00:00Z,Severe acute respiratory syndrome-related coronavirus,29812,USA: MI,MI,Homo sapiens,swab,3/23/2020
MT439273,2020-05-07T00:00:00Z,Severe acute respiratory syndrome-related coronavirus,29804,USA: MI,MI,Homo sapiens,swab,3/24/2020
MT439274,2020-05-07T00:00:00Z,Severe acute respiratory syndrome-related coronavirus,29815,USA: MI,MI,Homo sapiens,swab,3/24/2020
MT439275,2020-05-07T00:00:00Z,Severe acute respiratory syndrome-related coronavirus,29805,USA: MI,MI,Homo sapiens,swab,3/24/2020
MT439276,2020-05-07T00:00:00Z,Severe acute respiratory syndrome-related coronavirus,29799,USA: MI,MI,Homo sapiens,swab,3/24/2020
MT439277,2020-05-07T00:00:00Z,Severe acute respiratory syndrome-related coronavirus,29804,USA: MI,MI,Homo sapiens,swab,3/24/2020
MT439278,2020-05-07T00:00:00Z,Severe acute respiratory syndrome-related coronavirus,29797,USA: MI,MI,Homo sapiens,swab,3/24/2020
MT439279,2020-05-07T00:00:00Z,Severe acute respiratory syndrome-related coronavirus,29813,USA: MI,MI,Homo sapiens,swab,3/24/2020
MT439280,2020-05-07T00:00:00Z,Severe acute respiratory syndrome-related coronavirus,29835,USA: MI,MI,Homo sapiens,swab,3/23/2020
MT439281,2020-05-07T00:00:00Z,Severe acute respiratory syndrome-related coronavirus,29813,USA: MI,MI,Homo sapiens,swab,3/23/2020
MT439282,2020-05-07T00:00:00Z,Severe acute respiratory syndrome-related coronavirus,29818,USA: MI,MI,Homo sapiens,swab,3/22/2020
MT439283,2020-05-07T00:00:00Z,Severe acute respiratory syndrome-related coronavirus,29838,USA: MI,MI,Homo sapiens,swab,3/24/2020
MT439284,2020-05-07T00:00:00Z,Severe acute respiratory syndrome-related coronavirus,29813,USA: MI,MI,Homo sapiens,swab,3/24/2020
MT439285,2020-05-07T00:00:00Z,Severe acute respiratory syndrome-related coronavirus,29803,USA: MI,MI,Homo sapiens,swab,3/24/2020
MT439286,2020-05-07T00:00:00Z,Severe acute respiratory syndrome-related coronavirus,29810,USA: MI,MI,Homo sapiens,swab,3/24/2020
MT439287,2020-05-07T00:00:00Z,Severe acute respiratory syndrome-related coronavirus,29843,USA: MI,MI,Homo sapiens,swab,3/24/2020
MT439288,2020-05-07T00:00:00Z,Severe acute respiratory syndrome-related coronavirus,29815,USA: MI,MI,Homo sapiens,swab,3/25/2020
MT439289,2020-05-07T00:00:00Z,Severe acute respiratory syndrome-related coronavirus,29846,USA: MI,MI,Homo sapiens,swab,3/25/2020
MT439290,2020-05-07T00:00:00Z,Severe acute respiratory syndrome-related coronavirus,29818,USA: MI,MI,Homo sapiens,swab,3/25/2020
MT439291,2020-05-07T00:00:00Z,Severe acute respiratory syndrome-related coronavirus,29813,USA: MI,MI,Homo sapiens,swab,3/25/2020
MT439292,2020-05-07T00:00:00Z,Severe acute respiratory syndrome-related coronavirus,29813,USA: MI,MI,Homo sapiens,swab,3/25/2020
MT439293,2020-05-07T00:00:00Z,Severe acute respiratory syndrome-related coronavirus,29831,USA: MI,MI,Homo sapiens,swab,3/24/2020
MT439294,2020-05-07T00:00:00Z,Severe acute respiratory syndrome-related coronavirus,29843,USA: MI,MI,Homo sapiens,swab,3/26/2020
MT439295,2020-05-07T00:00:00Z,Severe acute respiratory syndrome-related coronavirus,29819,USA: MI,MI,Homo sapiens,swab,3/26/2020
MT439296,2020-05-07T00:00:00Z,Severe acute respiratory syndrome-related coronavirus,29813,USA: MI,MI,Homo sapiens,swab,3/24/2020
MT439297,2020-05-07T00:00:00Z,Severe acute respiratory syndrome-related coronavirus,29795,USA: MI,MI,Homo sapiens,swab,3/24/2020
MT439298,2020-05-07T00:00:00Z,Severe acute respiratory syndrome-related coronavirus,29799,USA: MI,MI,Homo sapiens,swab,3/24/2020
MT439299,2020-05-07T00:00:00Z,Severe acute respiratory syndrome-related coronavirus,29805,USA: MI,MI,Homo sapiens,swab,3/25/2020
MT439300,2020-05-07T00:00:00Z,Severe acute respiratory syndrome-related coronavirus,29813,USA: MI,MI,Homo sapiens,swab,3/26/2020
MT439301,2020-05-07T00:00:00Z,Severe acute respiratory syndrome-related coronavirus,29805,USA: MI,MI,Homo sapiens,swab,3/25/2020
MT439302,2020-05-07T00:00:00Z,Severe acute respiratory syndrome-related coronavirus,29813,USA: MI,MI,Homo sapiens,swab,3/25/2020
MT439303,2020-05-07T00:00:00Z,Severe acute respiratory syndrome-related coronavirus,29813,USA: MI,MI,Homo sapiens,swab,3/26/2020
MT439304,2020-05-07T00:00:00Z,Severe acute respiratory syndrome-related coronavirus,29800,USA: MI,MI,Homo sapiens,swab,3/27/2020
MT439305,2020-05-07T00:00:00Z,Severe acute respiratory syndrome-related coronavirus,29799,USA: MI,MI,Homo sapiens,swab,3/26/2020
MT439306,2020-05-07T00:00:00Z,Severe acute respiratory syndrome-related coronavirus,29804,USA: MI,MI,Homo sapiens,swab,3/27/2020
MT439307,2020-05-07T00:00:00Z,Severe acute respiratory syndrome-related coronavirus,29810,USA: MI,MI,Homo sapiens,swab,3/27/2020
MT439308,2020-05-07T00:00:00Z,Severe acute respiratory syndrome-related coronavirus,29812,USA: MI,MI,Homo sapiens,swab,3/27/2020
MT439309,2020-05-07T00:00:00Z,Severe acute respiratory syndrome-related coronavirus,29813,USA: MI,MI,Homo sapiens,swab,3/28/2020
MT439310,2020-05-07T00:00:00Z,Severe acute respiratory syndrome-related coronavirus,29812,USA: MI,MI,Homo sapiens,swab,3/27/2020
MT439311,2020-05-07T00:00:00Z,Severe acute respiratory syndrome-related coronavirus,29838,USA: MI,MI,Homo sapiens,swab,3/27/2020
MT439312,2020-05-07T00:00:00Z,Severe acute respiratory syndrome-related coronavirus,29816,USA: MI,MI,Homo sapiens,swab,3/27/2020
MT439313,2020-05-07T00:00:00Z,Severe acute respiratory syndrome-related coronavirus,29803,USA: MI,MI,Homo sapiens,swab,3/27/2020
MT439314,2020-05-07T00:00:00Z,Severe acute respiratory syndrome-related coronavirus,29823,USA: MI,MI,Homo sapiens,swab,3/27/2020
MT439315,2020-05-07T00:00:00Z,Severe acute respiratory syndrome-related coronavirus,29813,USA: MI,MI,Homo sapiens,swab,3/27/2020
MT439316,2020-05-07T00:00:00Z,Severe acute respiratory syndrome-related coronavirus,29813,USA: MI,MI,Homo sapiens,swab,3/27/2020
MT439317,2020-05-07T00:00:00Z,Severe acute respiratory syndrome-related coronavirus,29813,USA: MI,MI,Homo sapiens,swab,3/26/2020
MT439318,2020-05-07T00:00:00Z,Severe acute respiratory syndrome-related coronavirus,29823,USA: MI,MI,Homo sapiens,swab,3/27/2020
MT439319,2020-05-07T00:00:00Z,Severe acute respiratory syndrome-related coronavirus,29812,USA: MI,MI,Homo sapiens,swab,3/28/2020
MT439320,2020-05-07T00:00:00Z,Severe acute respiratory syndrome-related coronavirus,29826,USA: MI,MI,Homo sapiens,swab,3/30/2020
MT434782,2020-05-06T00:00:00Z,Severe acute respiratory syndrome-related coronavirus,29882,USA: NY,NY,Homo sapiens,oronasopharynx,3/5/2020
MT434783,2020-05-06T00:00:00Z,Severe acute respiratory syndrome-related coronavirus,29882,USA: NY,NY,Homo sapiens,oronasopharynx,3/9/2020
MT434784,2020-05-06T00:00:00Z,Severe acute respiratory syndrome-related coronavirus,29882,USA: NY,NY,Homo sapiens,oronasopharynx,3/9/2020
MT434785,2020-05-06T00:00:00Z,Severe acute respiratory syndrome-related coronavirus,29882,USA: NY,NY,Homo sapiens,oronasopharynx,3/17/2020
MT434786,2020-05-06T00:00:00Z,Severe acute respiratory syndrome-related coronavirus,29882,USA: NY,NY,Homo sapiens,oronasopharynx,3/4/2020
MT434787,2020-05-06T00:00:00Z,Severe acute respiratory syndrome-related coronavirus,29882,USA: NY,NY,Homo sapiens,oronasopharynx,3/9/2020
MT434788,2020-05-06T00:00:00Z,Severe acute respiratory syndrome-related coronavirus,29882,USA: NY,NY,Homo sapiens,oronasopharynx,3/9/2020
MT434789,2020-05-06T00:00:00Z,Severe acute respiratory syndrome-related coronavirus,29882,USA: NY,NY,Homo sapiens,oronasopharynx,3/9/2020
MT434790,2020-05-06T00:00:00Z,Severe acute respiratory syndrome-related coronavirus,29882,USA: NY,NY,Homo sapiens,oronasopharynx,3/17/2020
MT434791,2020-05-06T00:00:00Z,Severe acute respiratory syndrome-related coronavirus,29882,USA: NY,NY,Homo sapiens,oronasopharynx,3/17/2020
MT434792,2020-05-06T00:00:00Z,Severe acute respiratory syndrome-related coronavirus,29882,USA: NY,NY,Homo sapiens,oronasopharynx,3/17/2020
MT434793,2020-05-06T00:00:00Z,Severe acute respiratory syndrome-related coronavirus,29882,USA: NY,NY,Homo sapiens,oronasopharynx,3/9/2020
MT434794,2020-05-06T00:00:00Z,Severe acute respiratory syndrome-related coronavirus,29882,USA: NY,NY,Homo sapiens,oronasopharynx,3/8/2020
MT434795,2020-05-06T00:00:00Z,Severe acute respiratory syndrome-related coronavirus,29882,USA: NY,NY,Homo sapiens,oronasopharynx,3/9/2020
MT434796,2020-05-06T00:00:00Z,Severe acute respiratory syndrome-related coronavirus,29882,USA: NY,NY,Homo sapiens,oronasopharynx,3/9/2020
MT434797,2020-05-06T00:00:00Z,Severe acute respiratory syndrome-related coronavirus,29882,USA: NY,NY,Homo sapiens,oronasopharynx,3/17/2020
MT434798,2020-05-06T00:00:00Z,Severe acute respiratory syndrome-related coronavirus,29882,USA: NY,NY,Homo sapiens,oronasopharynx,3/9/2020
MT434799,2020-05-06T00:00:00Z,Severe acute respiratory syndrome-related coronavirus,29882,USA: NY,NY,Homo sapiens,oronasopharynx,3/9/2020
MT434800,2020-05-06T00:00:00Z,Severe acute respiratory syndrome-related coronavirus,29882,USA: NY,NY,Homo sapiens,oronasopharynx,3/9/2020
MT434801,2020-05-06T00:00:00Z,Severe acute respiratory syndrome-related coronavirus,29882,USA: NY,NY,Homo sapiens,oronasopharynx,3/9/2020
MT434802,2020-05-06T00:00:00Z,Severe acute respiratory syndrome-related coronavirus,29882,USA: NY,NY,Homo sapiens,oronasopharynx,3/13/2020
MT434803,2020-05-06T00:00:00Z,Severe acute respiratory syndrome-related coronavirus,29882,USA: NY,NY,Homo sapiens,oronasopharynx,3/17/2020
MT434804,2020-05-06T00:00:00Z,Severe acute respiratory syndrome-related coronavirus,29882,USA: NY,NY,Homo sapiens,oronasopharynx,3/17/2020
MT434805,2020-05-06T00:00:00Z,Severe acute respiratory syndrome-related coronavirus,29882,USA: NY,NY,Homo sapiens,oronasopharynx,3/10/2020
MT434806,2020-05-06T00:00:00Z,Severe acute respiratory syndrome-related coronavirus,29882,USA: NY,NY,Homo sapiens,oronasopharynx,3/10/2020
MT434807,2020-05-06T00:00:00Z,Severe acute respiratory syndrome-related coronavirus,29882,USA: NY,NY,Homo sapiens,oronasopharynx,3/9/2020
MT434808,2020-05-06T00:00:00Z,Severe acute respiratory syndrome-related coronavirus,29882,USA: NY,NY,Homo sapiens,oronasopharynx,3/19/2020
MT434809,2020-05-06T00:00:00Z,Severe acute respiratory syndrome-related coronavirus,29882,USA: NY,NY,Homo sapiens,oronasopharynx,3/19/2020
MT434810,2020-05-06T00:00:00Z,Severe acute respiratory syndrome-related coronavirus,29882,USA: NY,NY,Homo sapiens,oronasopharynx,3/18/2020
MT434811,2020-05-06T00:00:00Z,Severe acute respiratory syndrome-related coronavirus,29882,USA: NY,NY,Homo sapiens,oronasopharynx,3/17/2020
MT434812,2020-05-06T00:00:00Z,Severe acute respiratory syndrome-related coronavirus,29882,USA: NY,NY,Homo sapiens,oronasopharynx,3/19/2020
MT434813,2020-05-06T00:00:00Z,Severe acute respiratory syndrome-related coronavirus,29882,USA: NY,NY,Homo sapiens,oronasopharynx,3/2/2020
MT434814,2020-05-06T00:00:00Z,Severe acute respiratory syndrome-related coronavirus,29882,USA: NY,NY,Homo sapiens,oronasopharynx,3/9/2020
MT434815,2020-05-06T00:00:00Z,Severe acute respiratory syndrome-related coronavirus,29873,USA: NY,NY,Homo sapiens,oronasopharynx,3/9/2020
MT434816,2020-05-06T00:00:00Z,Severe acute respiratory syndrome-related coronavirus,29879,USA: NY,NY,Homo sapiens,oronasopharynx,3/8/2020
MT434817,2020-05-06T00:00:00Z,Severe acute respiratory syndrome-related coronavirus,29873,USA: NY,NY,Homo sapiens,oronasopharynx,3/19/2020
MT429183,2020-05-05T00:00:00Z,Severe acute respiratory syndrome-related coronavirus,29782,USA: Wisconsin,WI,Homo sapiens,oronasopharynx,3/26/2020
MT429184,2020-05-05T00:00:00Z,Severe acute respiratory syndrome-related coronavirus,29782,USA: Wisconsin,WI,Homo sapiens,oronasopharynx,4/10/2020
MT429185,2020-05-05T00:00:00Z,Severe acute respiratory syndrome-related coronavirus,29782,USA: Wisconsin,WI,Homo sapiens,oronasopharynx,4/8/2020
MT429186,2020-05-05T00:00:00Z,Severe acute respiratory syndrome-related coronavirus,29782,USA: Wisconsin,WI,Homo sapiens,oronasopharynx,4/12/2020
MT429187,2020-05-05T00:00:00Z,Severe acute respiratory syndrome-related coronavirus,29782,USA: Wisconsin,WI,Homo sapiens,oronasopharynx,4/8/2020
MT429188,2020-05-05T00:00:00Z,Severe acute respiratory syndrome-related coronavirus,29782,USA: Wisconsin,WI,Homo sapiens,oronasopharynx,4/7/2020
MT429189,2020-05-05T00:00:00Z,Severe acute respiratory syndrome-related coronavirus,29782,USA: Wisconsin,WI,Homo sapiens,oronasopharynx,4/8/2020
MT429190,2020-05-05T00:00:00Z,Severe acute respiratory syndrome-related coronavirus,29782,USA: Wisconsin,WI,Homo sapiens,oronasopharynx,4/6/2020
MT429191,2020-05-05T00:00:00Z,Severe acute respiratory syndrome-related coronavirus,29782,USA: Wisconsin,WI,Homo sapiens,oronasopharynx,4/6/2020
MT432195,2020-05-05T00:00:00Z,Severe acute respiratory syndrome-related coronavirus,29880,"USA: East Feliciana Parish, Louisiana",LA,Homo sapiens,oronasopharynx,4/9/2020
MT422806,2020-05-04T00:00:00Z,Severe acute respiratory syndrome-related coronavirus,29903,USA: FL,FL,Homo sapiens,,3/27/2020
MT422807,2020-05-04T00:00:00Z,Severe acute respiratory syndrome-related coronavirus,29903,USA: FL,FL,Homo sapiens,,3/27/2020
MT425183,2020-05-04T00:00:00Z,Severe acute respiratory syndrome-related coronavirus,307,USA,,Felis catus,,4/1/2020
MT425184,2020-05-04T00:00:00Z,Severe acute respiratory syndrome-related coronavirus,307,USA,,Felis catus,,4/6/2020
MT418880,2020-05-01T00:00:00Z,Severe acute respiratory syndrome-related coronavirus,29899,USA: VA,VA,Homo sapiens,,2020-04
MT418881,2020-05-01T00:00:00Z,Severe acute respiratory syndrome-related coronavirus,29899,USA: VA,VA,Homo sapiens,,2020-04
MT418882,2020-05-01T00:00:00Z,Severe acute respiratory syndrome-related coronavirus,29892,USA: VA,VA,Homo sapiens,,2020-04
MT418883,2020-05-01T00:00:00Z,Severe acute respiratory syndrome-related coronavirus,29868,USA: VA,VA,Homo sapiens,,2020-04
MT418884,2020-05-01T00:00:00Z,Severe acute respiratory syndrome-related coronavirus,29893,USA: VA,VA,Homo sapiens,,2020-04
MT418885,2020-05-01T00:00:00Z,Severe acute respiratory syndrome-related coronavirus,29899,USA: VA,VA,Homo sapiens,,2020-04
MT418886,2020-05-01T00:00:00Z,Severe acute respiratory syndrome-related coronavirus,29838,USA: VA,VA,Homo sapiens,,2020-04
MT418887,2020-05-01T00:00:00Z,Severe acute respiratory syndrome-related coronavirus,29860,USA: VA,VA,Homo sapiens,,2020-04
MT418888,2020-05-01T00:00:00Z,Severe acute respiratory syndrome-related coronavirus,29858,USA: VA,VA,Homo sapiens,,2020-04
MT418889,2020-05-01T00:00:00Z,Severe acute respiratory syndrome-related coronavirus,29897,USA: VA,VA,Homo sapiens,,2020-04
MT418890,2020-05-01T00:00:00Z,Severe acute respiratory syndrome-related coronavirus,29851,USA: VA,VA,Homo sapiens,,2020-04
MT418891,2020-05-01T00:00:00Z,Severe acute respiratory syndrome-related coronavirus,29903,USA: VA,VA,Homo sapiens,,2020-04
MT418892,2020-05-01T00:00:00Z,Severe acute respiratory syndrome-related coronavirus,29854,USA: VA,VA,Homo sapiens,,2020-04
MT418893,2020-05-01T00:00:00Z,Severe acute respiratory syndrome-related coronavirus,29868,USA: VA,VA,Homo sapiens,,2020-04
MT418894,2020-05-01T00:00:00Z,Severe acute respiratory syndrome-related coronavirus,29868,USA: VA,VA,Homo sapiens,,2020-04
MT419827,2020-05-01T00:00:00Z,Severe acute respiratory syndrome-related coronavirus,29675,USA: CA,CA,Homo sapiens,oronasopharynx,3/4/2020
MT419828,2020-05-01T00:00:00Z,Severe acute respiratory syndrome-related coronavirus,29462,USA: CA,CA,Homo sapiens,oronasopharynx,3/5/2020
MT419829,2020-05-01T00:00:00Z,Severe acute respiratory syndrome-related coronavirus,29823,USA: CA,CA,Homo sapiens,oronasopharynx,2/28/2020
MT419830,2020-05-01T00:00:00Z,Severe acute respiratory syndrome-related coronavirus,29851,USA: CA,CA,Homo sapiens,oronasopharynx,2/27/2020
MT419831,2020-05-01T00:00:00Z,Severe acute respiratory syndrome-related coronavirus,29834,USA: CA,CA,Homo sapiens,oronasopharynx,2/27/2020
MT419832,2020-05-01T00:00:00Z,Severe acute respiratory syndrome-related coronavirus,29868,USA: CA,CA,Homo sapiens,oronasopharynx,2/27/2020
MT419833,2020-05-01T00:00:00Z,Severe acute respiratory syndrome-related coronavirus,29835,USA: CA,CA,Homo sapiens,oronasopharynx,3/5/2020
MT419834,2020-05-01T00:00:00Z,Severe acute respiratory syndrome-related coronavirus,29704,USA: CA,CA,Homo sapiens,oronasopharynx,3/5/2020
MT419835,2020-05-01T00:00:00Z,Severe acute respiratory syndrome-related coronavirus,29818,USA: CA,CA,Homo sapiens,oronasopharynx,3/5/2020
MT419836,2020-05-01T00:00:00Z,Severe acute respiratory syndrome-related coronavirus,29648,USA: CA,CA,Homo sapiens,oronasopharynx,3/5/2020
MT419837,2020-05-01T00:00:00Z,Severe acute respiratory syndrome-related coronavirus,29885,USA: CA,CA,Homo sapiens,oronasopharynx,3/5/2020
MT419838,2020-05-01T00:00:00Z,Severe acute respiratory syndrome-related coronavirus,29731,USA: CA,CA,Homo sapiens,oronasopharynx,3/5/2020
MT419839,2020-05-01T00:00:00Z,Severe acute respiratory syndrome-related coronavirus,29851,USA: CA,CA,Homo sapiens,oronasopharynx,3/5/2020
MT419840,2020-05-01T00:00:00Z,Severe acute respiratory syndrome-related coronavirus,29004,USA: CA,CA,Homo sapiens,,3/11/2020
MT419841,2020-05-01T00:00:00Z,Severe acute respiratory syndrome-related coronavirus,29722,USA: CA,CA,Homo sapiens,oronasopharynx,2/29/2020
MT419842,2020-05-01T00:00:00Z,Severe acute respiratory syndrome-related coronavirus,29795,USA: CA,CA,Homo sapiens,oronasopharynx,3/4/2020
MT419843,2020-05-01T00:00:00Z,Severe acute respiratory syndrome-related coronavirus,29340,USA: CA,CA,Homo sapiens,oronasopharynx,3/8/2020
MT419844,2020-05-01T00:00:00Z,Severe acute respiratory syndrome-related coronavirus,29523,USA: CA,CA,Homo sapiens,oronasopharynx,3/4/2020
MT419845,2020-05-01T00:00:00Z,Severe acute respiratory syndrome-related coronavirus,29692,USA: CA,CA,Homo sapiens,oronasopharynx,3/4/2020
MT419846,2020-05-01T00:00:00Z,Severe acute respiratory syndrome-related coronavirus,29666,USA: CA,CA,Homo sapiens,oronasopharynx,3/4/2020
MT419847,2020-05-01T00:00:00Z,Severe acute respiratory syndrome-related coronavirus,29720,USA: CA,CA,Homo sapiens,oronasopharynx,3/3/2020
MT419848,2020-05-01T00:00:00Z,Severe acute respiratory syndrome-related coronavirus,29715,USA: CA,CA,Homo sapiens,oronasopharynx,3/4/2020
MT419849,2020-05-01T00:00:00Z,Severe acute respiratory syndrome-related coronavirus,29617,USA: CA,CA,Homo sapiens,oronasopharynx,3/9/2020
MT419850,2020-05-01T00:00:00Z,Severe acute respiratory syndrome-related coronavirus,29797,USA: CA,CA,Homo sapiens,oronasopharynx,3/7/2020
MT419851,2020-05-01T00:00:00Z,Severe acute respiratory syndrome-related coronavirus,29818,USA: CA,CA,Homo sapiens,oronasopharynx,3/13/2020
MT419852,2020-05-01T00:00:00Z,Severe acute respiratory syndrome-related coronavirus,29264,USA: CA,CA,Homo sapiens,oronasopharynx,3/13/2020
MT419853,2020-05-01T00:00:00Z,Severe acute respiratory syndrome-related coronavirus,29846,USA: CA,CA,Homo sapiens,oronasopharynx,3/14/2020
MT419854,2020-05-01T00:00:00Z,Severe acute respiratory syndrome-related coronavirus,29861,USA: CA,CA,Homo sapiens,oronasopharynx,3/2/2020
MT419855,2020-05-01T00:00:00Z,Severe acute respiratory syndrome-related coronavirus,29828,USA: CA,CA,Homo sapiens,oronasopharynx,3/5/2020
MT419856,2020-05-01T00:00:00Z,Severe acute respiratory syndrome-related coronavirus,29827,USA: CA,CA,Homo sapiens,oronasopharynx,3/5/2020
MT419857,2020-05-01T00:00:00Z,Severe acute respiratory syndrome-related coronavirus,29830,USA: CA,CA,Homo sapiens,oronasopharynx,3/7/2020
MT419858,2020-05-01T00:00:00Z,Severe acute respiratory syndrome-related coronavirus,29849,USA: CA,CA,Homo sapiens,oronasopharynx,3/5/2020
MT419859,2020-05-01T00:00:00Z,Severe acute respiratory syndrome-related coronavirus,29828,USA: CA,CA,Homo sapiens,oronasopharynx,3/8/2020
MT419860,2020-05-01T00:00:00Z,Severe acute respiratory syndrome-related coronavirus,29841,USA: CA,CA,Homo sapiens,,3/20/2020
MT412135,2020-04-30T00:00:00Z,Severe acute respiratory syndrome-related coronavirus,29810,USA: Michigan,MI,Homo sapiens,swab,3/10/2020
MT412136,2020-04-30T00:00:00Z,Severe acute respiratory syndrome-related coronavirus,29812,USA: Michigan,MI,Homo sapiens,swab,3/12/2020
MT412137,2020-04-30T00:00:00Z,Severe acute respiratory syndrome-related coronavirus,29854,USA: Michigan,MI,Homo sapiens,swab,3/13/2020
MT412138,2020-04-30T00:00:00Z,Severe acute respiratory syndrome-related coronavirus,29818,USA: Michigan,MI,Homo sapiens,swab,3/13/2020
MT412139,2020-04-30T00:00:00Z,Severe acute respiratory syndrome-related coronavirus,29813,USA: Michigan,MI,Homo sapiens,swab,3/12/2020
MT412140,2020-04-30T00:00:00Z,Severe acute respiratory syndrome-related coronavirus,29840,USA: Michigan,MI,Homo sapiens,swab,3/14/2020
MT412141,2020-04-30T00:00:00Z,Severe acute respiratory syndrome-related coronavirus,29812,USA: Michigan,MI,Homo sapiens,swab,3/13/2020
MT412142,2020-04-30T00:00:00Z,Severe acute respiratory syndrome-related coronavirus,29804,USA: Michigan,MI,Homo sapiens,swab,3/13/2020
MT412143,2020-04-30T00:00:00Z,Severe acute respiratory syndrome-related coronavirus,29812,USA: Michigan,MI,Homo sapiens,swab,3/12/2020
MT412144,2020-04-30T00:00:00Z,Severe acute respiratory syndrome-related coronavirus,29852,USA: Michigan,MI,Homo sapiens,swab,3/14/2020
MT412145,2020-04-30T00:00:00Z,Severe acute respiratory syndrome-related coronavirus,29856,USA: Michigan,MI,Homo sapiens,swab,3/13/2020
MT412146,2020-04-30T00:00:00Z,Severe acute respiratory syndrome-related coronavirus,29805,USA: Michigan,MI,Homo sapiens,swab,3/16/2020
MT412147,2020-04-30T00:00:00Z,Severe acute respiratory syndrome-related coronavirus,29800,USA: Michigan,MI,Homo sapiens,swab,3/16/2020
MT412148,2020-04-30T00:00:00Z,Severe acute respiratory syndrome-related coronavirus,29791,USA: Michigan,MI,Homo sapiens,swab,3/17/2020
MT412149,2020-04-30T00:00:00Z,Severe acute respiratory syndrome-related coronavirus,29804,USA: Michigan,MI,Homo sapiens,swab,3/17/2020
MT412150,2020-04-30T00:00:00Z,Severe acute respiratory syndrome-related coronavirus,29799,USA: Michigan,MI,Homo sapiens,swab,3/14/2020
MT412151,2020-04-30T00:00:00Z,Severe acute respiratory syndrome-related coronavirus,29804,USA: Michigan,MI,Homo sapiens,swab,3/17/2020
MT412152,2020-04-30T00:00:00Z,Severe acute respiratory syndrome-related coronavirus,29790,USA: Michigan,MI,Homo sapiens,swab,3/17/2020
MT412153,2020-04-30T00:00:00Z,Severe acute respiratory syndrome-related coronavirus,29815,USA: Michigan,MI,Homo sapiens,swab,3/16/2020
MT412154,2020-04-30T00:00:00Z,Severe acute respiratory syndrome-related coronavirus,29785,USA: Michigan,MI,Homo sapiens,swab,3/15/2020
MT412155,2020-04-30T00:00:00Z,Severe acute respiratory syndrome-related coronavirus,29816,USA: Michigan,MI,Homo sapiens,swab,3/17/2020
MT412156,2020-04-30T00:00:00Z,Severe acute respiratory syndrome-related coronavirus,29776,USA: Michigan,MI,Homo sapiens,swab,3/17/2020
MT412157,2020-04-30T00:00:00Z,Severe acute respiratory syndrome-related coronavirus,29797,USA: Michigan,MI,Homo sapiens,swab,3/17/2020
MT412158,2020-04-30T00:00:00Z,Severe acute respiratory syndrome-related coronavirus,29815,USA: Michigan,MI,Homo sapiens,swab,3/18/2020
MT412159,2020-04-30T00:00:00Z,Severe acute respiratory syndrome-related coronavirus,29813,USA: Michigan,MI,Homo sapiens,swab,3/19/2020
MT412160,2020-04-30T00:00:00Z,Severe acute respiratory syndrome-related coronavirus,29804,USA: Michigan,MI,Homo sapiens,swab,3/18/2020
MT412161,2020-04-30T00:00:00Z,Severe acute respiratory syndrome-related coronavirus,29805,USA: Michigan,MI,Homo sapiens,swab,3/18/2020
MT412162,2020-04-30T00:00:00Z,Severe acute respiratory syndrome-related coronavirus,29772,USA: Michigan,MI,Homo sapiens,swab,3/19/2020
MT412163,2020-04-30T00:00:00Z,Severe acute respiratory syndrome-related coronavirus,29797,USA: Michigan,MI,Homo sapiens,swab,3/19/2020
MT412164,2020-04-30T00:00:00Z,Severe acute respiratory syndrome-related coronavirus,29766,USA: Michigan,MI,Homo sapiens,swab,3/19/2020
MT412165,2020-04-30T00:00:00Z,Severe acute respiratory syndrome-related coronavirus,29790,USA: Michigan,MI,Homo sapiens,swab,3/19/2020
MT412166,2020-04-30T00:00:00Z,Severe acute respiratory syndrome-related coronavirus,29794,USA: Michigan,MI,Homo sapiens,swab,3/19/2020
MT412167,2020-04-30T00:00:00Z,Severe acute respiratory syndrome-related coronavirus,29800,USA: Michigan,MI,Homo sapiens,swab,3/19/2020
MT412168,2020-04-30T00:00:00Z,Severe acute respiratory syndrome-related coronavirus,29817,USA: Michigan,MI,Homo sapiens,swab,3/19/2020
MT412169,2020-04-30T00:00:00Z,Severe acute respiratory syndrome-related coronavirus,29800,USA: Michigan,MI,Homo sapiens,swab,3/18/2020
MT412170,2020-04-30T00:00:00Z,Severe acute respiratory syndrome-related coronavirus,29841,USA: Michigan,MI,Homo sapiens,swab,3/19/2020
MT412171,2020-04-30T00:00:00Z,Severe acute respiratory syndrome-related coronavirus,29856,USA: Michigan,MI,Homo sapiens,swab,3/20/2020
MT412172,2020-04-30T00:00:00Z,Severe acute respiratory syndrome-related coronavirus,29859,USA: Michigan,MI,Homo sapiens,swab,3/20/2020
MT412173,2020-04-30T00:00:00Z,Severe acute respiratory syndrome-related coronavirus,29844,USA: Michigan,MI,Homo sapiens,swab,3/20/2020
MT412174,2020-04-30T00:00:00Z,Severe acute respiratory syndrome-related coronavirus,29858,USA: Michigan,MI,Homo sapiens,swab,3/20/2020
MT412175,2020-04-30T00:00:00Z,Severe acute respiratory syndrome-related coronavirus,29815,USA: Michigan,MI,Homo sapiens,swab,3/19/2020
MT412176,2020-04-30T00:00:00Z,Severe acute respiratory syndrome-related coronavirus,29842,USA: Michigan,MI,Homo sapiens,swab,3/16/2020
MT412177,2020-04-30T00:00:00Z,Severe acute respiratory syndrome-related coronavirus,29857,USA: Michigan,MI,Homo sapiens,swab,3/20/2020
MT412178,2020-04-30T00:00:00Z,Severe acute respiratory syndrome-related coronavirus,29825,USA: Michigan,MI,Homo sapiens,swab,3/20/2020
MT412179,2020-04-30T00:00:00Z,Severe acute respiratory syndrome-related coronavirus,29782,USA: Michigan,MI,Homo sapiens,swab,3/21/2020
MT412180,2020-04-30T00:00:00Z,Severe acute respiratory syndrome-related coronavirus,29792,USA: Michigan,MI,Homo sapiens,swab,3/21/2020
MT412181,2020-04-30T00:00:00Z,Severe acute respiratory syndrome-related coronavirus,29772,USA: Michigan,MI,Homo sapiens,swab,3/21/2020
MT412182,2020-04-30T00:00:00Z,Severe acute respiratory syndrome-related coronavirus,29725,USA: Michigan,MI,Homo sapiens,swab,3/21/2020
MT412183,2020-04-30T00:00:00Z,Severe acute respiratory syndrome-related coronavirus,29824,USA: Michigan,MI,Homo sapiens,swab,3/21/2020
MT412184,2020-04-30T00:00:00Z,Severe acute respiratory syndrome-related coronavirus,29822,USA: Michigan,MI,Homo sapiens,swab,3/21/2020
MT412185,2020-04-30T00:00:00Z,Severe acute respiratory syndrome-related coronavirus,29815,USA: Michigan,MI,Homo sapiens,swab,3/21/2020
MT412186,2020-04-30T00:00:00Z,Severe acute respiratory syndrome-related coronavirus,29807,USA: Michigan,MI,Homo sapiens,swab,3/22/2020
MT412187,2020-04-30T00:00:00Z,Severe acute respiratory syndrome-related coronavirus,29813,USA: Michigan,MI,Homo sapiens,swab,3/22/2020
MT412188,2020-04-30T00:00:00Z,Severe acute respiratory syndrome-related coronavirus,29850,USA: Michigan,MI,Homo sapiens,swab,3/20/2020
MT412189,2020-04-30T00:00:00Z,Severe acute respiratory syndrome-related coronavirus,29782,USA: Michigan,MI,Homo sapiens,swab,3/20/2020
MT412190,2020-04-30T00:00:00Z,Severe acute respiratory syndrome-related coronavirus,29825,USA: Michigan,MI,Homo sapiens,swab,3/23/2020
MT412191,2020-04-30T00:00:00Z,Severe acute respiratory syndrome-related coronavirus,29824,USA: Michigan,MI,Homo sapiens,swab,3/23/2020
MT412192,2020-04-30T00:00:00Z,Severe acute respiratory syndrome-related coronavirus,29814,USA: Michigan,MI,Homo sapiens,swab,3/22/2020
MT412193,2020-04-30T00:00:00Z,Severe acute respiratory syndrome-related coronavirus,29813,USA: Michigan,MI,Homo sapiens,swab,3/22/2020
MT412194,2020-04-30T00:00:00Z,Severe acute respiratory syndrome-related coronavirus,29782,USA: Michigan,MI,Homo sapiens,swab,3/23/2020
MT412195,2020-04-30T00:00:00Z,Severe acute respiratory syndrome-related coronavirus,29815,USA: Michigan,MI,Homo sapiens,swab,3/24/2020
MT412196,2020-04-30T00:00:00Z,Severe acute respiratory syndrome-related coronavirus,29782,USA: Michigan,MI,Homo sapiens,swab,3/21/2020
MT412197,2020-04-30T00:00:00Z,Severe acute respiratory syndrome-related coronavirus,29782,USA: Michigan,MI,Homo sapiens,swab,3/24/2020
MT412198,2020-04-30T00:00:00Z,Severe acute respiratory syndrome-related coronavirus,29782,USA: Michigan,MI,Homo sapiens,swab,3/24/2020
MT412199,2020-04-30T00:00:00Z,Severe acute respiratory syndrome-related coronavirus,29782,USA: Michigan,MI,Homo sapiens,swab,3/25/2020
MT412200,2020-04-30T00:00:00Z,Severe acute respiratory syndrome-related coronavirus,29812,USA: Michigan,MI,Homo sapiens,swab,3/26/2020
MT412201,2020-04-30T00:00:00Z,Severe acute respiratory syndrome-related coronavirus,29810,USA: Michigan,MI,Homo sapiens,swab,3/25/2020
MT412202,2020-04-30T00:00:00Z,Severe acute respiratory syndrome-related coronavirus,29810,USA: Michigan,MI,Homo sapiens,swab,3/26/2020
MT412203,2020-04-30T00:00:00Z,Severe acute respiratory syndrome-related coronavirus,29782,USA: Michigan,MI,Homo sapiens,swab,3/26/2020
MT412204,2020-04-30T00:00:00Z,Severe acute respiratory syndrome-related coronavirus,29812,USA: Michigan,MI,Homo sapiens,swab,3/25/2020
MT412205,2020-04-30T00:00:00Z,Severe acute respiratory syndrome-related coronavirus,29782,USA: Michigan,MI,Homo sapiens,swab,3/26/2020
MT412206,2020-04-30T00:00:00Z,Severe acute respiratory syndrome-related coronavirus,29782,USA: Michigan,MI,Homo sapiens,swab,3/26/2020
MT412207,2020-04-30T00:00:00Z,Severe acute respiratory syndrome-related coronavirus,29782,USA: Michigan,MI,Homo sapiens,swab,3/26/2020
MT412208,2020-04-30T00:00:00Z,Severe acute respiratory syndrome-related coronavirus,29804,USA: Michigan,MI,Homo sapiens,swab,3/26/2020
MT412209,2020-04-30T00:00:00Z,Severe acute respiratory syndrome-related coronavirus,29794,USA: Michigan,MI,Homo sapiens,swab,3/27/2020
MT412210,2020-04-30T00:00:00Z,Severe acute respiratory syndrome-related coronavirus,29782,USA: Michigan,MI,Homo sapiens,swab,3/27/2020
MT412211,2020-04-30T00:00:00Z,Severe acute respiratory syndrome-related coronavirus,29810,USA: Michigan,MI,Homo sapiens,swab,3/27/2020
MT412212,2020-04-30T00:00:00Z,Severe acute respiratory syndrome-related coronavirus,29804,USA: Michigan,MI,Homo sapiens,swab,3/26/2020
MT412213,2020-04-30T00:00:00Z,Severe acute respiratory syndrome-related coronavirus,29782,USA: Michigan,MI,Homo sapiens,swab,3/28/2020
MT412214,2020-04-30T00:00:00Z,Severe acute respiratory syndrome-related coronavirus,29806,USA: Michigan,MI,Homo sapiens,swab,3/27/2020
MT412215,2020-04-30T00:00:00Z,Severe acute respiratory syndrome-related coronavirus,29798,USA: Illinois,IL,Homo sapiens,swab,3/28/2020
MT412216,2020-04-30T00:00:00Z,Severe acute respiratory syndrome-related coronavirus,29802,USA: Michigan,MI,Homo sapiens,swab,3/26/2020
MT412217,2020-04-30T00:00:00Z,Severe acute respiratory syndrome-related coronavirus,29811,USA: Michigan,MI,Homo sapiens,swab,3/30/2020
MT412218,2020-04-30T00:00:00Z,Severe acute respiratory syndrome-related coronavirus,29811,USA: Michigan,MI,Homo sapiens,swab,3/30/2020
MT412219,2020-04-30T00:00:00Z,Severe acute respiratory syndrome-related coronavirus,29792,USA: Michigan,MI,Homo sapiens,swab,3/30/2020
MT412220,2020-04-30T00:00:00Z,Severe acute respiratory syndrome-related coronavirus,29782,USA: Michigan,MI,Homo sapiens,swab,3/30/2020
MT412221,2020-04-30T00:00:00Z,Severe acute respiratory syndrome-related coronavirus,29782,USA: Michigan,MI,Homo sapiens,swab,3/30/2020
MT412222,2020-04-30T00:00:00Z,Severe acute respiratory syndrome-related coronavirus,29782,USA: Michigan,MI,Homo sapiens,swab,3/30/2020
MT412223,2020-04-30T00:00:00Z,Severe acute respiratory syndrome-related coronavirus,29812,USA: Michigan,MI,Homo sapiens,swab,3/30/2020
MT412224,2020-04-30T00:00:00Z,Severe acute respiratory syndrome-related coronavirus,29782,USA: Michigan,MI,Homo sapiens,swab,3/30/2020
MT412225,2020-04-30T00:00:00Z,Severe acute respiratory syndrome-related coronavirus,29719,USA: WA,WA,Homo sapiens,,4/1/2020
MT412226,2020-04-30T00:00:00Z,Severe acute respiratory syndrome-related coronavirus,29902,USA: WA,WA,Homo sapiens,,4/1/2020
MT412227,2020-04-30T00:00:00Z,Severe acute respiratory syndrome-related coronavirus,29891,USA: WA,WA,Homo sapiens,,4/2/2020
MT412228,2020-04-30T00:00:00Z,Severe acute respiratory syndrome-related coronavirus,29879,USA: WA,WA,Homo sapiens,,4/2/2020
MT412229,2020-04-30T00:00:00Z,Severe acute respiratory syndrome-related coronavirus,29865,USA: WA,WA,Homo sapiens,,4/1/2020
MT412230,2020-04-30T00:00:00Z,Severe acute respiratory syndrome-related coronavirus,29791,USA: WA,WA,Homo sapiens,,4/1/2020
MT412231,2020-04-30T00:00:00Z,Severe acute respiratory syndrome-related coronavirus,29594,USA: WA,WA,Homo sapiens,,4/2/2020
MT412232,2020-04-30T00:00:00Z,Severe acute respiratory syndrome-related coronavirus,29573,USA: WA,WA,Homo sapiens,,4/1/2020
MT412233,2020-04-30T00:00:00Z,Severe acute respiratory syndrome-related coronavirus,29842,USA,,Homo sapiens,,3/13/2020
MT412234,2020-04-30T00:00:00Z,Severe acute respiratory syndrome-related coronavirus,29840,USA: WA,WA,Homo sapiens,,3/13/2020
MT412235,2020-04-30T00:00:00Z,Severe acute respiratory syndrome-related coronavirus,29879,USA: WA,WA,Homo sapiens,,3/13/2020
MT412236,2020-04-30T00:00:00Z,Severe acute respiratory syndrome-related coronavirus,29830,USA: WA,WA,Homo sapiens,,3/12/2020
MT412237,2020-04-30T00:00:00Z,Severe acute respiratory syndrome-related coronavirus,29842,USA: WA,WA,Homo sapiens,,3/12/2020
MT412238,2020-04-30T00:00:00Z,Severe acute respiratory syndrome-related coronavirus,29842,USA: WA,WA,Homo sapiens,,3/12/2020
MT412239,2020-04-30T00:00:00Z,Severe acute respiratory syndrome-related coronavirus,29833,USA,,Homo sapiens,,3/10/2020
MT412240,2020-04-30T00:00:00Z,Severe acute respiratory syndrome-related coronavirus,29856,USA: WA,WA,Homo sapiens,,3/12/2020
MT412241,2020-04-30T00:00:00Z,Severe acute respiratory syndrome-related coronavirus,29706,USA: WA,WA,Homo sapiens,,3/12/2020
MT412242,2020-04-30T00:00:00Z,Severe acute respiratory syndrome-related coronavirus,29885,USA,,Homo sapiens,,3/11/2020
MT412243,2020-04-30T00:00:00Z,Severe acute respiratory syndrome-related coronavirus,29864,USA,,Homo sapiens,,2020
MT412244,2020-04-30T00:00:00Z,Severe acute respiratory syndrome-related coronavirus,29882,USA: WA,WA,Homo sapiens,,3/12/2020
MT412245,2020-04-30T00:00:00Z,Severe acute respiratory syndrome-related coronavirus,29833,USA,,Homo sapiens,,3/11/2020
MT412246,2020-04-30T00:00:00Z,Severe acute respiratory syndrome-related coronavirus,29813,USA: WA,WA,Homo sapiens,,3/11/2020
MT412247,2020-04-30T00:00:00Z,Severe acute respiratory syndrome-related coronavirus,29875,USA: WA,WA,Homo sapiens,,3/12/2020
MT412248,2020-04-30T00:00:00Z,Severe acute respiratory syndrome-related coronavirus,29839,USA: WA,WA,Homo sapiens,,3/12/2020
MT412249,2020-04-30T00:00:00Z,Severe acute respiratory syndrome-related coronavirus,29869,USA: WA,WA,Homo sapiens,,3/12/2020
MT412250,2020-04-30T00:00:00Z,Severe acute respiratory syndrome-related coronavirus,29853,USA: WA,WA,Homo sapiens,,3/12/2020
MT412251,2020-04-30T00:00:00Z,Severe acute respiratory syndrome-related coronavirus,29871,USA: WA,WA,Homo sapiens,,3/12/2020
MT412252,2020-04-30T00:00:00Z,Severe acute respiratory syndrome-related coronavirus,29834,USA: WA,WA,Homo sapiens,,3/11/2020
MT412253,2020-04-30T00:00:00Z,Severe acute respiratory syndrome-related coronavirus,29840,USA: WA,WA,Homo sapiens,,3/11/2020
MT412254,2020-04-30T00:00:00Z,Severe acute respiratory syndrome-related coronavirus,29833,USA,,Homo sapiens,,4/2/2020
MT412255,2020-04-30T00:00:00Z,Severe acute respiratory syndrome-related coronavirus,29856,USA: WA,WA,Homo sapiens,,4/2/2020
MT412256,2020-04-30T00:00:00Z,Severe acute respiratory syndrome-related coronavirus,29834,USA: WA,WA,Homo sapiens,,4/1/2020
MT412257,2020-04-30T00:00:00Z,Severe acute respiratory syndrome-related coronavirus,29832,USA: WA,WA,Homo sapiens,,4/2/2020
MT412258,2020-04-30T00:00:00Z,Severe acute respiratory syndrome-related coronavirus,29896,USA: WA,WA,Homo sapiens,,4/5/2020
MT412259,2020-04-30T00:00:00Z,Severe acute respiratory syndrome-related coronavirus,29833,USA: WA,WA,Homo sapiens,,4/5/2020
MT412260,2020-04-30T00:00:00Z,Severe acute respiratory syndrome-related coronavirus,29616,USA,,Homo sapiens,,4/5/2020
MT412261,2020-04-30T00:00:00Z,Severe acute respiratory syndrome-related coronavirus,29834,USA: WA,WA,Homo sapiens,,4/5/2020
MT412262,2020-04-30T00:00:00Z,Severe acute respiratory syndrome-related coronavirus,29826,USA: WA,WA,Homo sapiens,,4/5/2020
MT412263,2020-04-30T00:00:00Z,Severe acute respiratory syndrome-related coronavirus,29813,USA: WA,WA,Homo sapiens,,4/5/2020
MT412264,2020-04-30T00:00:00Z,Severe acute respiratory syndrome-related coronavirus,29810,USA: CT,CT,Homo sapiens,,4/7/2020
MT412265,2020-04-30T00:00:00Z,Severe acute respiratory syndrome-related coronavirus,29810,USA: CT,CT,Homo sapiens,,4/7/2020
MT412266,2020-04-30T00:00:00Z,Severe acute respiratory syndrome-related coronavirus,29788,USA,,Homo sapiens,,4/8/2020
MT412267,2020-04-30T00:00:00Z,Severe acute respiratory syndrome-related coronavirus,29689,USA,,Homo sapiens,,4/8/2020
MT412268,2020-04-30T00:00:00Z,Severe acute respiratory syndrome-related coronavirus,29835,USA: WA,WA,Homo sapiens,,4/8/2020
MT412269,2020-04-30T00:00:00Z,Severe acute respiratory syndrome-related coronavirus,29828,USA: WA,WA,Homo sapiens,,4/8/2020
MT412270,2020-04-30T00:00:00Z,Severe acute respiratory syndrome-related coronavirus,29812,USA: WA,WA,Homo sapiens,,4/6/2020
MT412271,2020-04-30T00:00:00Z,Severe acute respiratory syndrome-related coronavirus,29899,USA: WA,WA,Homo sapiens,,4/6/2020
MT412272,2020-04-30T00:00:00Z,Severe acute respiratory syndrome-related coronavirus,29786,USA: WA,WA,Homo sapiens,,4/6/2020
MT412273,2020-04-30T00:00:00Z,Severe acute respiratory syndrome-related coronavirus,29847,USA,,Homo sapiens,,4/7/2020
MT412274,2020-04-30T00:00:00Z,Severe acute respiratory syndrome-related coronavirus,29834,USA: CT,CT,Homo sapiens,,4/4/2020
MT412275,2020-04-30T00:00:00Z,Severe acute respiratory syndrome-related coronavirus,29833,USA: WA,WA,Homo sapiens,,4/6/2020
MT412276,2020-04-30T00:00:00Z,Severe acute respiratory syndrome-related coronavirus,29841,USA: CT,CT,Homo sapiens,,4/5/2020
MT412277,2020-04-30T00:00:00Z,Severe acute respiratory syndrome-related coronavirus,29861,USA: WA,WA,Homo sapiens,,4/7/2020
MT412278,2020-04-30T00:00:00Z,Severe acute respiratory syndrome-related coronavirus,29903,USA: CT,CT,Homo sapiens,,4/6/2020
MT412279,2020-04-30T00:00:00Z,Severe acute respiratory syndrome-related coronavirus,29866,USA: CT,CT,Homo sapiens,,4/5/2020
MT412280,2020-04-30T00:00:00Z,Severe acute respiratory syndrome-related coronavirus,29879,USA: CT,CT,Homo sapiens,,4/5/2020
MT412281,2020-04-30T00:00:00Z,Severe acute respiratory syndrome-related coronavirus,29834,USA,,Homo sapiens,,4/7/2020
MT412282,2020-04-30T00:00:00Z,Severe acute respiratory syndrome-related coronavirus,29772,USA: CT,CT,Homo sapiens,,4/4/2020
MT412283,2020-04-30T00:00:00Z,Severe acute respiratory syndrome-related coronavirus,29886,USA: CT,CT,Homo sapiens,,4/4/2020
MT412284,2020-04-30T00:00:00Z,Severe acute respiratory syndrome-related coronavirus,29869,USA: CT,CT,Homo sapiens,,4/4/2020
MT412285,2020-04-30T00:00:00Z,Severe acute respiratory syndrome-related coronavirus,29902,USA: WA,WA,Homo sapiens,,4/7/2020
MT412286,2020-04-30T00:00:00Z,Severe acute respiratory syndrome-related coronavirus,29890,USA: WA,WA,Homo sapiens,,4/7/2020
MT412287,2020-04-30T00:00:00Z,Severe acute respiratory syndrome-related coronavirus,29830,USA: WA,WA,Homo sapiens,,4/7/2020
MT412288,2020-04-30T00:00:00Z,Severe acute respiratory syndrome-related coronavirus,29846,USA: WA,WA,Homo sapiens,,4/7/2020
MT412289,2020-04-30T00:00:00Z,Severe acute respiratory syndrome-related coronavirus,29897,USA: WA,WA,Homo sapiens,,4/7/2020
MT412290,2020-04-30T00:00:00Z,Severe acute respiratory syndrome-related coronavirus,29874,USA: WA,WA,Homo sapiens,,4/1/2020
MT412291,2020-04-30T00:00:00Z,Severe acute respiratory syndrome-related coronavirus,29827,USA: WA,WA,Homo sapiens,,4/1/2020
MT412292,2020-04-30T00:00:00Z,Severe acute respiratory syndrome-related coronavirus,29881,USA: WA,WA,Homo sapiens,,4/1/2020
MT412293,2020-04-30T00:00:00Z,Severe acute respiratory syndrome-related coronavirus,29882,USA: WA,WA,Homo sapiens,,4/1/2020
MT412294,2020-04-30T00:00:00Z,Severe acute respiratory syndrome-related coronavirus,29863,USA: WA,WA,Homo sapiens,,4/1/2020
MT412295,2020-04-30T00:00:00Z,Severe acute respiratory syndrome-related coronavirus,29887,USA: WA,WA,Homo sapiens,,3/31/2020
MT412296,2020-04-30T00:00:00Z,Severe acute respiratory syndrome-related coronavirus,29893,USA: WA,WA,Homo sapiens,,4/1/2020
MT412297,2020-04-30T00:00:00Z,Severe acute respiratory syndrome-related coronavirus,29895,USA: ID,ID,Homo sapiens,,3/30/2020
MT412298,2020-04-30T00:00:00Z,Severe acute respiratory syndrome-related coronavirus,29896,USA: WA,WA,Homo sapiens,,3/31/2020
MT412299,2020-04-30T00:00:00Z,Severe acute respiratory syndrome-related coronavirus,29892,USA: ID,ID,Homo sapiens,,3/31/2020
MT412300,2020-04-30T00:00:00Z,Severe acute respiratory syndrome-related coronavirus,29897,USA: WA,WA,Homo sapiens,,3/30/2020
MT412301,2020-04-30T00:00:00Z,Severe acute respiratory syndrome-related coronavirus,29878,USA: CT,CT,Homo sapiens,,3/30/2020
MT412302,2020-04-30T00:00:00Z,Severe acute respiratory syndrome-related coronavirus,29902,USA: CT,CT,Homo sapiens,,3/30/2020
MT412303,2020-04-30T00:00:00Z,Severe acute respiratory syndrome-related coronavirus,29910,USA: CT,CT,Homo sapiens,,3/30/2020
MT412304,2020-04-30T00:00:00Z,Severe acute respiratory syndrome-related coronavirus,29872,USA: ID,ID,Homo sapiens,,3/27/2020
MT412305,2020-04-30T00:00:00Z,Severe acute respiratory syndrome-related coronavirus,29921,USA: ID,ID,Homo sapiens,,3/29/2020
MT412306,2020-04-30T00:00:00Z,Severe acute respiratory syndrome-related coronavirus,29915,USA: ID,ID,Homo sapiens,,3/29/2020
MT412307,2020-04-30T00:00:00Z,Severe acute respiratory syndrome-related coronavirus,29913,USA: OR,OR,Homo sapiens,,3/29/2020
MT412308,2020-04-30T00:00:00Z,Severe acute respiratory syndrome-related coronavirus,29916,USA: WA,WA,Homo sapiens,,3/31/2020
MT412309,2020-04-30T00:00:00Z,Severe acute respiratory syndrome-related coronavirus,29900,USA: ID,ID,Homo sapiens,,3/28/2020
MT412310,2020-04-30T00:00:00Z,Severe acute respiratory syndrome-related coronavirus,29875,USA: WA,WA,Homo sapiens,,4/1/2020
MT412311,2020-04-30T00:00:00Z,Severe acute respiratory syndrome-related coronavirus,29871,USA: WA,WA,Homo sapiens,,4/1/2020
MT412312,2020-04-30T00:00:00Z,Severe acute respiratory syndrome-related coronavirus,29914,USA: WA,WA,Homo sapiens,,4/1/2020
MT412313,2020-04-30T00:00:00Z,Severe acute respiratory syndrome-related coronavirus,29831,USA: WA,WA,Homo sapiens,,4/1/2020
MT412314,2020-04-30T00:00:00Z,Severe acute respiratory syndrome-related coronavirus,29907,USA: WA,WA,Homo sapiens,,4/1/2020
MT412315,2020-04-30T00:00:00Z,Severe acute respiratory syndrome-related coronavirus,29879,USA: WA,WA,Homo sapiens,,4/1/2020
MT412316,2020-04-30T00:00:00Z,Severe acute respiratory syndrome-related coronavirus,29902,USA: WA,WA,Homo sapiens,,4/2/2020
MT412317,2020-04-30T00:00:00Z,Severe acute respiratory syndrome-related coronavirus,29882,USA: CT,CT,Homo sapiens,,4/1/2020
MT412318,2020-04-30T00:00:00Z,Severe acute respiratory syndrome-related coronavirus,29839,USA: CT,CT,Homo sapiens,,4/1/2020
MT412319,2020-04-30T00:00:00Z,Severe acute respiratory syndrome-related coronavirus,29878,USA: CT,CT,Homo sapiens,,4/1/2020
MT412320,2020-04-30T00:00:00Z,Severe acute respiratory syndrome-related coronavirus,29775,USA: CT,CT,Homo sapiens,,4/1/2020
MT412321,2020-04-30T00:00:00Z,Severe acute respiratory syndrome-related coronavirus,29883,USA: WA,WA,Homo sapiens,,4/2/2020
MT412322,2020-04-30T00:00:00Z,Severe acute respiratory syndrome-related coronavirus,29811,USA: CT,CT,Homo sapiens,,4/1/2020
MT412323,2020-04-30T00:00:00Z,Severe acute respiratory syndrome-related coronavirus,29703,USA: WA,WA,Homo sapiens,,4/2/2020
MT412324,2020-04-30T00:00:00Z,Severe acute respiratory syndrome-related coronavirus,29884,USA: WA,WA,Homo sapiens,,4/2/2020
MT412325,2020-04-30T00:00:00Z,Severe acute respiratory syndrome-related coronavirus,29890,USA: WA,WA,Homo sapiens,,4/1/2020
MT412326,2020-04-30T00:00:00Z,Severe acute respiratory syndrome-related coronavirus,29817,USA: WA,WA,Homo sapiens,,4/2/2020
MT412327,2020-04-30T00:00:00Z,Severe acute respiratory syndrome-related coronavirus,29920,USA: ID,ID,Homo sapiens,,4/1/2020
MT412328,2020-04-30T00:00:00Z,Severe acute respiratory syndrome-related coronavirus,29834,USA: CT,CT,Homo sapiens,,4/2/2020
MT412329,2020-04-30T00:00:00Z,Severe acute respiratory syndrome-related coronavirus,29863,USA: CT,CT,Homo sapiens,,4/1/2020
MT412330,2020-04-30T00:00:00Z,Severe acute respiratory syndrome-related coronavirus,29833,USA: CT,CT,Homo sapiens,,4/1/2020
MT412331,2020-04-30T00:00:00Z,Severe acute respiratory syndrome-related coronavirus,29878,USA: WA,WA,Homo sapiens,,4/3/2020
MT412332,2020-04-30T00:00:00Z,Severe acute respiratory syndrome-related coronavirus,29845,USA: WA,WA,Homo sapiens,,4/3/2020
MT412333,2020-04-30T00:00:00Z,Severe acute respiratory syndrome-related coronavirus,29825,USA: WA,WA,Homo sapiens,,4/3/2020
MT412334,2020-04-30T00:00:00Z,Severe acute respiratory syndrome-related coronavirus,29834,USA: WA,WA,Homo sapiens,,4/3/2020
MT412335,2020-04-30T00:00:00Z,Severe acute respiratory syndrome-related coronavirus,29837,USA: WA,WA,Homo sapiens,,4/3/2020
MT412336,2020-04-30T00:00:00Z,Severe acute respiratory syndrome-related coronavirus,29902,USA: WA,WA,Homo sapiens,,4/3/2020
MT412337,2020-04-30T00:00:00Z,Severe acute respiratory syndrome-related coronavirus,29840,USA: WA,WA,Homo sapiens,,4/3/2020
MT415894,2020-04-30T00:00:00Z,Severe acute respiratory syndrome-related coronavirus,29866,USA: VA,VA,Homo sapiens,,2020-03
MT415895,2020-04-30T00:00:00Z,Severe acute respiratory syndrome-related coronavirus,29867,USA: VA,VA,Homo sapiens,,2020-03
MT415896,2020-04-30T00:00:00Z,Severe acute respiratory syndrome-related coronavirus,29856,USA: VA,VA,Homo sapiens,,2020-03
MT415897,2020-04-30T00:00:00Z,Severe acute respiratory syndrome-related coronavirus,29868,USA: VA,VA,Homo sapiens,,2020-03
MT415898,2020-04-30T00:00:00Z,Severe acute respiratory syndrome-related coronavirus,29861,USA: VA,VA,Homo sapiens,,2020-03
MT415899,2020-04-30T00:00:00Z,Severe acute respiratory syndrome-related coronavirus,29897,USA: VA,VA,Homo sapiens,,2020-03
MT415900,2020-04-30T00:00:00Z,Severe acute respiratory syndrome-related coronavirus,29899,USA: VA,VA,Homo sapiens,,2020-03
MT415901,2020-04-30T00:00:00Z,Severe acute respiratory syndrome-related coronavirus,29865,USA: VA,VA,Homo sapiens,,2020-04
MT415902,2020-04-30T00:00:00Z,Severe acute respiratory syndrome-related coronavirus,29887,USA: VA,VA,Homo sapiens,,2020-03
MT415903,2020-04-30T00:00:00Z,Severe acute respiratory syndrome-related coronavirus,29903,USA: VA,VA,Homo sapiens,,2020-03
MT415904,2020-04-30T00:00:00Z,Severe acute respiratory syndrome-related coronavirus,29901,USA: VA,VA,Homo sapiens,,2020-04
MT415905,2020-04-30T00:00:00Z,Severe acute respiratory syndrome-related coronavirus,29895,USA: VA,VA,Homo sapiens,,2020-04
MT415906,2020-04-30T00:00:00Z,Severe acute respiratory syndrome-related coronavirus,29903,USA: VA,VA,Homo sapiens,,2020-03
MT415907,2020-04-30T00:00:00Z,Severe acute respiratory syndrome-related coronavirus,29900,USA: VA,VA,Homo sapiens,,2020-04
MT415908,2020-04-30T00:00:00Z,Severe acute respiratory syndrome-related coronavirus,29840,USA: VA,VA,Homo sapiens,,2020-04
MT415909,2020-04-30T00:00:00Z,Severe acute respiratory syndrome-related coronavirus,29865,USA: VA,VA,Homo sapiens,,2020-04
MT415910,2020-04-30T00:00:00Z,Severe acute respiratory syndrome-related coronavirus,29891,USA: VA,VA,Homo sapiens,,2020-04
MT415911,2020-04-30T00:00:00Z,Severe acute respiratory syndrome-related coronavirus,29893,USA: VA,VA,Homo sapiens,,2020-04
MT415912,2020-04-30T00:00:00Z,Severe acute respiratory syndrome-related coronavirus,29893,USA: VA,VA,Homo sapiens,,2020-04
MT394528,2020-04-28T00:00:00Z,Severe acute respiratory syndrome-related coronavirus,29867,USA: CA,CA,Homo sapiens,,3/24/2020
MT394529,2020-04-28T00:00:00Z,Severe acute respiratory syndrome-related coronavirus,29863,USA: CA,CA,Homo sapiens,,3/24/2020
MT394530,2020-04-28T00:00:00Z,Severe acute respiratory syndrome-related coronavirus,29870,USA: CA,CA,Homo sapiens,,3/31/2020
MT394531,2020-04-28T00:00:00Z,Severe acute respiratory syndrome-related coronavirus,29872,USA: CA,CA,Homo sapiens,,3/31/2020
MT380728,2020-04-27T00:00:00Z,Severe acute respiratory syndrome-related coronavirus,29882,USA,,Homo sapiens,oronasopharynx,3/29/2020
MT380729,2020-04-27T00:00:00Z,Severe acute respiratory syndrome-related coronavirus,29882,USA,,Homo sapiens,oronasopharynx,3/31/2020
MT380730,2020-04-27T00:00:00Z,Severe acute respiratory syndrome-related coronavirus,29882,USA,,Homo sapiens,oronasopharynx,4/1/2020
MT380731,2020-04-27T00:00:00Z,Severe acute respiratory syndrome-related coronavirus,29882,USA,,Homo sapiens,,3/20/2020
MT380732,2020-04-27T00:00:00Z,Severe acute respiratory syndrome-related coronavirus,29882,USA,,Homo sapiens,oronasopharynx,3/22/2020
MT380733,2020-04-27T00:00:00Z,Severe acute respiratory syndrome-related coronavirus,29882,USA,,Homo sapiens,oronasopharynx,3/28/2020
MT380734,2020-04-27T00:00:00Z,Severe acute respiratory syndrome-related coronavirus,29882,USA,,Homo sapiens,oronasopharynx,3/23/2020
MT385414,2020-04-27T00:00:00Z,Severe acute respiratory syndrome-related coronavirus,29903,USA: CA,CA,Homo sapiens,,3/28/2020
MT385415,2020-04-27T00:00:00Z,Severe acute respiratory syndrome-related coronavirus,29903,USA: CA,CA,Homo sapiens,,3/28/2020
MT385416,2020-04-27T00:00:00Z,Severe acute respiratory syndrome-related coronavirus,29903,USA: CA,CA,Homo sapiens,,4/8/2020
MT385417,2020-04-27T00:00:00Z,Severe acute respiratory syndrome-related coronavirus,29903,USA: CA,CA,Homo sapiens,,4/8/2020
MT385418,2020-04-27T00:00:00Z,Severe acute respiratory syndrome-related coronavirus,29902,USA: CA,CA,Homo sapiens,,3/23/2020
MT385419,2020-04-27T00:00:00Z,Severe acute respiratory syndrome-related coronavirus,29902,USA: CA,CA,Homo sapiens,,4/8/2020
MT385420,2020-04-27T00:00:00Z,Severe acute respiratory syndrome-related coronavirus,29902,USA: CA,CA,Homo sapiens,,3/28/2020
MT385421,2020-04-27T00:00:00Z,Severe acute respiratory syndrome-related coronavirus,29901,USA: CA,CA,Homo sapiens,,3/25/2020
MT385422,2020-04-27T00:00:00Z,Severe acute respiratory syndrome-related coronavirus,29901,USA: CA,CA,Homo sapiens,,3/28/2020
MT385423,2020-04-27T00:00:00Z,Severe acute respiratory syndrome-related coronavirus,29900,USA: CA,CA,Homo sapiens,,3/28/2020
MT385424,2020-04-27T00:00:00Z,Severe acute respiratory syndrome-related coronavirus,29900,USA: CA,CA,Homo sapiens,,3/28/2020
MT385425,2020-04-27T00:00:00Z,Severe acute respiratory syndrome-related coronavirus,29899,USA: CA,CA,Homo sapiens,,3/25/2020
MT385426,2020-04-27T00:00:00Z,Severe acute respiratory syndrome-related coronavirus,29899,USA: CA,CA,Homo sapiens,,3/28/2020
MT385427,2020-04-27T00:00:00Z,Severe acute respiratory syndrome-related coronavirus,29899,USA: CA,CA,Homo sapiens,,4/8/2020
MT385428,2020-04-27T00:00:00Z,Severe acute respiratory syndrome-related coronavirus,29897,USA: CA,CA,Homo sapiens,,3/28/2020
MT385429,2020-04-27T00:00:00Z,Severe acute respiratory syndrome-related coronavirus,29895,USA: CA,CA,Homo sapiens,,3/28/2020
MT385430,2020-04-27T00:00:00Z,Severe acute respiratory syndrome-related coronavirus,29894,USA: CA,CA,Homo sapiens,,3/28/2020
MT385431,2020-04-27T00:00:00Z,Severe acute respiratory syndrome-related coronavirus,29892,USA: CA,CA,Homo sapiens,,3/18/2020
MT385432,2020-04-27T00:00:00Z,Severe acute respiratory syndrome-related coronavirus,29892,USA: CA,CA,Homo sapiens,,3/28/2020
MT385433,2020-04-27T00:00:00Z,Severe acute respiratory syndrome-related coronavirus,29892,USA: CA,CA,Homo sapiens,,4/8/2020
MT385434,2020-04-27T00:00:00Z,Severe acute respiratory syndrome-related coronavirus,29893,USA: CA,CA,Homo sapiens,,3/28/2020
MT385435,2020-04-27T00:00:00Z,Severe acute respiratory syndrome-related coronavirus,29892,USA: CA,CA,Homo sapiens,,4/8/2020
MT385436,2020-04-27T00:00:00Z,Severe acute respiratory syndrome-related coronavirus,29891,USA: CA,CA,Homo sapiens,,3/25/2020
MT385437,2020-04-27T00:00:00Z,Severe acute respiratory syndrome-related coronavirus,29891,USA: CA,CA,Homo sapiens,,3/28/2020
MT385438,2020-04-27T00:00:00Z,Severe acute respiratory syndrome-related coronavirus,29891,USA: CA,CA,Homo sapiens,,4/8/2020
MT385439,2020-04-27T00:00:00Z,Severe acute respiratory syndrome-related coronavirus,29890,USA: CA,CA,Homo sapiens,,3/28/2020
MT385440,2020-04-27T00:00:00Z,Severe acute respiratory syndrome-related coronavirus,29887,USA: CA,CA,Homo sapiens,,3/23/2020
MT385441,2020-04-27T00:00:00Z,Severe acute respiratory syndrome-related coronavirus,29886,USA: CA,CA,Homo sapiens,,3/25/2020
MT385442,2020-04-27T00:00:00Z,Severe acute respiratory syndrome-related coronavirus,29885,USA: CA,CA,Homo sapiens,,4/3/2020
MT385443,2020-04-27T00:00:00Z,Severe acute respiratory syndrome-related coronavirus,29881,USA: CA,CA,Homo sapiens,,3/28/2020
MT385444,2020-04-27T00:00:00Z,Severe acute respiratory syndrome-related coronavirus,29876,USA: CA,CA,Homo sapiens,,3/31/2020
MT385445,2020-04-27T00:00:00Z,Severe acute respiratory syndrome-related coronavirus,29874,USA: CA,CA,Homo sapiens,,3/25/2020
MT385446,2020-04-27T00:00:00Z,Severe acute respiratory syndrome-related coronavirus,29874,USA: CA,CA,Homo sapiens,,3/23/2020
MT385447,2020-04-27T00:00:00Z,Severe acute respiratory syndrome-related coronavirus,29872,USA: CA,CA,Homo sapiens,,3/31/2020
MT385448,2020-04-27T00:00:00Z,Severe acute respiratory syndrome-related coronavirus,29871,USA: CA,CA,Homo sapiens,,3/23/2020
MT385449,2020-04-27T00:00:00Z,Severe acute respiratory syndrome-related coronavirus,29870,USA: CA,CA,Homo sapiens,,3/31/2020
MT385450,2020-04-27T00:00:00Z,Severe acute respiratory syndrome-related coronavirus,29869,USA: CA,CA,Homo sapiens,,3/31/2020
MT385451,2020-04-27T00:00:00Z,Severe acute respiratory syndrome-related coronavirus,29868,USA: CA,CA,Homo sapiens,,4/8/2020
MT385452,2020-04-27T00:00:00Z,Severe acute respiratory syndrome-related coronavirus,29867,USA: CA,CA,Homo sapiens,,4/3/2020
MT385453,2020-04-27T00:00:00Z,Severe acute respiratory syndrome-related coronavirus,29881,USA: CA,CA,Homo sapiens,,3/28/2020
MT385454,2020-04-27T00:00:00Z,Severe acute respiratory syndrome-related coronavirus,29864,USA: CA,CA,Homo sapiens,,3/28/2020
MT385455,2020-04-27T00:00:00Z,Severe acute respiratory syndrome-related coronavirus,29863,USA: CA,CA,Homo sapiens,,4/8/2020
MT385456,2020-04-27T00:00:00Z,Severe acute respiratory syndrome-related coronavirus,29862,USA: CA,CA,Homo sapiens,,3/28/2020
MT385457,2020-04-27T00:00:00Z,Severe acute respiratory syndrome-related coronavirus,29862,USA: CA,CA,Homo sapiens,,3/28/2020
MT385458,2020-04-27T00:00:00Z,Severe acute respiratory syndrome-related coronavirus,29861,USA: CA,CA,Homo sapiens,,3/23/2020
MT385459,2020-04-27T00:00:00Z,Severe acute respiratory syndrome-related coronavirus,29858,USA: CA,CA,Homo sapiens,,3/25/2020
MT385460,2020-04-27T00:00:00Z,Severe acute respiratory syndrome-related coronavirus,29858,USA: CA,CA,Homo sapiens,,3/28/2020
MT385461,2020-04-27T00:00:00Z,Severe acute respiratory syndrome-related coronavirus,29857,USA: CA,CA,Homo sapiens,,3/25/2020
MT385462,2020-04-27T00:00:00Z,Severe acute respiratory syndrome-related coronavirus,29855,USA: CA,CA,Homo sapiens,,3/23/2020
MT385463,2020-04-27T00:00:00Z,Severe acute respiratory syndrome-related coronavirus,29852,USA: CA,CA,Homo sapiens,,3/25/2020
MT385464,2020-04-27T00:00:00Z,Severe acute respiratory syndrome-related coronavirus,29851,USA: CA,CA,Homo sapiens,,3/23/2020
MT385465,2020-04-27T00:00:00Z,Severe acute respiratory syndrome-related coronavirus,29851,USA: CA,CA,Homo sapiens,,3/28/2020
MT385466,2020-04-27T00:00:00Z,Severe acute respiratory syndrome-related coronavirus,29847,USA: CA,CA,Homo sapiens,,3/23/2020
MT385467,2020-04-27T00:00:00Z,Severe acute respiratory syndrome-related coronavirus,29842,USA: CA,CA,Homo sapiens,,4/8/2020
MT385468,2020-04-27T00:00:00Z,Severe acute respiratory syndrome-related coronavirus,29838,USA: CA,CA,Homo sapiens,,4/8/2020
MT385469,2020-04-27T00:00:00Z,Severe acute respiratory syndrome-related coronavirus,29837,USA: CA,CA,Homo sapiens,,3/25/2020
MT385470,2020-04-27T00:00:00Z,Severe acute respiratory syndrome-related coronavirus,29838,USA: CA,CA,Homo sapiens,,4/8/2020
MT385471,2020-04-27T00:00:00Z,Severe acute respiratory syndrome-related coronavirus,29840,USA: CA,CA,Homo sapiens,,4/8/2020
MT385472,2020-04-27T00:00:00Z,Severe acute respiratory syndrome-related coronavirus,29836,USA: CA,CA,Homo sapiens,,3/25/2020
MT385473,2020-04-27T00:00:00Z,Severe acute respiratory syndrome-related coronavirus,29836,USA: CA,CA,Homo sapiens,,3/28/2020
MT385474,2020-04-27T00:00:00Z,Severe acute respiratory syndrome-related coronavirus,29836,USA: CA,CA,Homo sapiens,,3/28/2020
MT385475,2020-04-27T00:00:00Z,Severe acute respiratory syndrome-related coronavirus,29861,USA: CA,CA,Homo sapiens,,4/3/2020
MT385476,2020-04-27T00:00:00Z,Severe acute respiratory syndrome-related coronavirus,29836,USA: CA,CA,Homo sapiens,,3/23/2020
MT385477,2020-04-27T00:00:00Z,Severe acute respiratory syndrome-related coronavirus,29836,USA: CA,CA,Homo sapiens,,4/8/2020
MT385478,2020-04-27T00:00:00Z,Severe acute respiratory syndrome-related coronavirus,29835,USA: CA,CA,Homo sapiens,,4/8/2020
MT385479,2020-04-27T00:00:00Z,Severe acute respiratory syndrome-related coronavirus,29853,USA: CA,CA,Homo sapiens,,3/31/2020
MT385480,2020-04-27T00:00:00Z,Severe acute respiratory syndrome-related coronavirus,29836,USA: CA,CA,Homo sapiens,,3/28/2020
MT385481,2020-04-27T00:00:00Z,Severe acute respiratory syndrome-related coronavirus,29836,USA: CA,CA,Homo sapiens,,3/28/2020
MT385482,2020-04-27T00:00:00Z,Severe acute respiratory syndrome-related coronavirus,29838,USA: CA,CA,Homo sapiens,,3/28/2020
MT385483,2020-04-27T00:00:00Z,Severe acute respiratory syndrome-related coronavirus,29812,USA: CA,CA,Homo sapiens,,3/28/2020
MT385484,2020-04-27T00:00:00Z,Severe acute respiratory syndrome-related coronavirus,29843,USA: CA,CA,Homo sapiens,,3/31/2020
MT385485,2020-04-27T00:00:00Z,Severe acute respiratory syndrome-related coronavirus,29835,USA: CA,CA,Homo sapiens,,4/8/2020
MT385486,2020-04-27T00:00:00Z,Severe acute respiratory syndrome-related coronavirus,29892,USA: CA,CA,Homo sapiens,,4/8/2020
MT385487,2020-04-27T00:00:00Z,Severe acute respiratory syndrome-related coronavirus,29836,USA: CA,CA,Homo sapiens,,3/25/2020
MT385488,2020-04-27T00:00:00Z,Severe acute respiratory syndrome-related coronavirus,29836,USA: CA,CA,Homo sapiens,,3/25/2020
MT385489,2020-04-27T00:00:00Z,Severe acute respiratory syndrome-related coronavirus,29831,USA: CA,CA,Homo sapiens,,3/28/2020
MT385490,2020-04-27T00:00:00Z,Severe acute respiratory syndrome-related coronavirus,29813,USA: CA,CA,Homo sapiens,,3/28/2020
MT385491,2020-04-27T00:00:00Z,Severe acute respiratory syndrome-related coronavirus,29689,USA: CA,CA,Homo sapiens,,3/31/2020
MT385492,2020-04-27T00:00:00Z,Severe acute respiratory syndrome-related coronavirus,29831,USA: CA,CA,Homo sapiens,,3/25/2020
MT385493,2020-04-27T00:00:00Z,Severe acute respiratory syndrome-related coronavirus,29680,USA: CA,CA,Homo sapiens,,3/25/2020
MT385494,2020-04-27T00:00:00Z,Severe acute respiratory syndrome-related coronavirus,29824,USA: CA,CA,Homo sapiens,,3/23/2020
MT385495,2020-04-27T00:00:00Z,Severe acute respiratory syndrome-related coronavirus,29831,USA: CA,CA,Homo sapiens,,3/28/2020
MT385496,2020-04-27T00:00:00Z,Severe acute respiratory syndrome-related coronavirus,29837,USA: CA,CA,Homo sapiens,,3/31/2020
MT385497,2020-04-27T00:00:00Z,Severe acute respiratory syndrome-related coronavirus,29803,USA: CA,CA,Homo sapiens,,3/25/2020
MT252677,2020-04-24T00:00:00Z,Severe acute respiratory syndrome-related coronavirus,29895,USA: WA,WA,Homo sapiens,,3/10/2020
MT252678,2020-04-24T00:00:00Z,Severe acute respiratory syndrome-related coronavirus,29821,USA: WA,WA,Homo sapiens,,3/10/2020
MT252679,2020-04-24T00:00:00Z,Severe acute respiratory syndrome-related coronavirus,29832,USA: WA,WA,Homo sapiens,,3/10/2020
MT252680,2020-04-24T00:00:00Z,Severe acute respiratory syndrome-related coronavirus,29813,USA: WA,WA,Homo sapiens,,3/10/2020
MT252681,2020-04-24T00:00:00Z,Severe acute respiratory syndrome-related coronavirus,29772,USA: WA,WA,Homo sapiens,,3/10/2020
MT252682,2020-04-24T00:00:00Z,Severe acute respiratory syndrome-related coronavirus,29860,USA: WA,WA,Homo sapiens,,3/10/2020
MT252683,2020-04-24T00:00:00Z,Severe acute respiratory syndrome-related coronavirus,29736,USA: WA,WA,Homo sapiens,,3/10/2020
MT252684,2020-04-24T00:00:00Z,Severe acute respiratory syndrome-related coronavirus,29822,USA: WA,WA,Homo sapiens,,3/10/2020
MT252685,2020-04-24T00:00:00Z,Severe acute respiratory syndrome-related coronavirus,29822,USA: WA,WA,Homo sapiens,,3/10/2020
MT252686,2020-04-24T00:00:00Z,Severe acute respiratory syndrome-related coronavirus,29820,USA: WA,WA,Homo sapiens,,3/10/2020
MT252687,2020-04-24T00:00:00Z,Severe acute respiratory syndrome-related coronavirus,29796,USA: WA,WA,Homo sapiens,,3/10/2020
MT252688,2020-04-24T00:00:00Z,Severe acute respiratory syndrome-related coronavirus,29864,USA: WA,WA,Homo sapiens,,3/10/2020
MT252689,2020-04-24T00:00:00Z,Severe acute respiratory syndrome-related coronavirus,29809,USA: WA,WA,Homo sapiens,,3/10/2020
MT252690,2020-04-24T00:00:00Z,Severe acute respiratory syndrome-related coronavirus,29813,USA: WA,WA,Homo sapiens,,3/10/2020
MT252691,2020-04-24T00:00:00Z,Severe acute respiratory syndrome-related coronavirus,29825,USA: WA,WA,Homo sapiens,,3/11/2020
MT252692,2020-04-24T00:00:00Z,Severe acute respiratory syndrome-related coronavirus,29499,USA: WA,WA,Homo sapiens,,3/11/2020
MT252693,2020-04-24T00:00:00Z,Severe acute respiratory syndrome-related coronavirus,29748,USA: WA,WA,Homo sapiens,,3/11/2020
MT252694,2020-04-24T00:00:00Z,Severe acute respiratory syndrome-related coronavirus,29844,USA: WA,WA,Homo sapiens,,3/10/2020
MT252695,2020-04-24T00:00:00Z,Severe acute respiratory syndrome-related coronavirus,29819,USA: WA,WA,Homo sapiens,,3/10/2020
MT252696,2020-04-24T00:00:00Z,Severe acute respiratory syndrome-related coronavirus,29808,USA: WA,WA,Homo sapiens,,3/13/2020
MT252697,2020-04-24T00:00:00Z,Severe acute respiratory syndrome-related coronavirus,29844,USA: WA,WA,Homo sapiens,,3/13/2020
MT252698,2020-04-24T00:00:00Z,Severe acute respiratory syndrome-related coronavirus,29836,USA: WA,WA,Homo sapiens,,3/13/2020
MT252699,2020-04-24T00:00:00Z,Severe acute respiratory syndrome-related coronavirus,29790,USA: WA,WA,Homo sapiens,,3/13/2020
MT252700,2020-04-24T00:00:00Z,Severe acute respiratory syndrome-related coronavirus,29788,USA: WA,WA,Homo sapiens,,3/13/2020
MT252701,2020-04-24T00:00:00Z,Severe acute respiratory syndrome-related coronavirus,29705,USA: WA,WA,Homo sapiens,,3/12/2020
MT252702,2020-04-24T00:00:00Z,Severe acute respiratory syndrome-related coronavirus,29911,USA: WA,WA,Homo sapiens,,3/13/2020
MT252703,2020-04-24T00:00:00Z,Severe acute respiratory syndrome-related coronavirus,29790,USA: WA,WA,Homo sapiens,,3/13/2020
MT252704,2020-04-24T00:00:00Z,Severe acute respiratory syndrome-related coronavirus,29785,USA: WA,WA,Homo sapiens,,3/13/2020
MT252705,2020-04-24T00:00:00Z,Severe acute respiratory syndrome-related coronavirus,29788,USA: WA,WA,Homo sapiens,,3/13/2020
MT252706,2020-04-24T00:00:00Z,Severe acute respiratory syndrome-related coronavirus,29776,USA: WA,WA,Homo sapiens,,3/13/2020
MT252707,2020-04-24T00:00:00Z,Severe acute respiratory syndrome-related coronavirus,29885,USA: WA,WA,Homo sapiens,,3/13/2020
MT252708,2020-04-24T00:00:00Z,Severe acute respiratory syndrome-related coronavirus,29788,USA: WA,WA,Homo sapiens,,3/13/2020
MT252709,2020-04-24T00:00:00Z,Severe acute respiratory syndrome-related coronavirus,29756,USA: WA,WA,Homo sapiens,,3/14/2020
MT252710,2020-04-24T00:00:00Z,Severe acute respiratory syndrome-related coronavirus,29854,USA: WA,WA,Homo sapiens,,3/14/2020
MT252711,2020-04-24T00:00:00Z,Severe acute respiratory syndrome-related coronavirus,29668,USA: WA,WA,Homo sapiens,,3/14/2020
MT252712,2020-04-24T00:00:00Z,Severe acute respiratory syndrome-related coronavirus,29777,USA: WA,WA,Homo sapiens,,3/14/2020
MT252713,2020-04-24T00:00:00Z,Severe acute respiratory syndrome-related coronavirus,29848,USA: WA,WA,Homo sapiens,,3/15/2020
MT252715,2020-04-24T00:00:00Z,Severe acute respiratory syndrome-related coronavirus,29827,USA: WA,WA,Homo sapiens,,3/14/2020
MT252716,2020-04-24T00:00:00Z,Severe acute respiratory syndrome-related coronavirus,29873,USA: WA,WA,Homo sapiens,,3/14/2020
MT252717,2020-04-24T00:00:00Z,Severe acute respiratory syndrome-related coronavirus,29841,USA: WA,WA,Homo sapiens,,3/14/2020
MT252719,2020-04-24T00:00:00Z,Severe acute respiratory syndrome-related coronavirus,29865,USA: WA,WA,Homo sapiens,,3/15/2020
MT252721,2020-04-24T00:00:00Z,Severe acute respiratory syndrome-related coronavirus,29762,USA: WA,WA,Homo sapiens,,3/13/2020
MT252723,2020-04-24T00:00:00Z,Severe acute respiratory syndrome-related coronavirus,29817,USA: WA,WA,Homo sapiens,,3/13/2020
MT252725,2020-04-24T00:00:00Z,Severe acute respiratory syndrome-related coronavirus,29816,USA: WA,WA,Homo sapiens,,3/13/2020
MT252726,2020-04-24T00:00:00Z,Severe acute respiratory syndrome-related coronavirus,29793,USA: WA,WA,Homo sapiens,,3/12/2020
MT252728,2020-04-24T00:00:00Z,Severe acute respiratory syndrome-related coronavirus,29862,USA: WA,WA,Homo sapiens,,3/13/2020
MT252729,2020-04-24T00:00:00Z,Severe acute respiratory syndrome-related coronavirus,29833,USA: WA,WA,Homo sapiens,,3/13/2020
MT252730,2020-04-24T00:00:00Z,Severe acute respiratory syndrome-related coronavirus,29673,USA: WA,WA,Homo sapiens,,3/13/2020
MT252733,2020-04-24T00:00:00Z,Severe acute respiratory syndrome-related coronavirus,29841,USA: WA,WA,Homo sapiens,,3/13/2020
MT252734,2020-04-24T00:00:00Z,Severe acute respiratory syndrome-related coronavirus,29725,USA: WA,WA,Homo sapiens,,3/14/2020
MT252735,2020-04-24T00:00:00Z,Severe acute respiratory syndrome-related coronavirus,29841,USA: WA,WA,Homo sapiens,,3/14/2020
MT252736,2020-04-24T00:00:00Z,Severe acute respiratory syndrome-related coronavirus,29833,USA: WA,WA,Homo sapiens,,3/14/2020
MT252737,2020-04-24T00:00:00Z,Severe acute respiratory syndrome-related coronavirus,29744,USA: WA,WA,Homo sapiens,,3/14/2020
MT252738,2020-04-24T00:00:00Z,Severe acute respiratory syndrome-related coronavirus,29832,USA: WA,WA,Homo sapiens,,3/15/2020
MT252739,2020-04-24T00:00:00Z,Severe acute respiratory syndrome-related coronavirus,29841,USA: WA,WA,Homo sapiens,,3/15/2020
MT252740,2020-04-24T00:00:00Z,Severe acute respiratory syndrome-related coronavirus,29790,USA: WA,WA,Homo sapiens,,3/14/2020
MT252741,2020-04-24T00:00:00Z,Severe acute respiratory syndrome-related coronavirus,29874,USA: WA,WA,Homo sapiens,,3/12/2020
MT252742,2020-04-24T00:00:00Z,Severe acute respiratory syndrome-related coronavirus,29862,USA: WA,WA,Homo sapiens,,3/12/2020
MT252745,2020-04-24T00:00:00Z,Severe acute respiratory syndrome-related coronavirus,29856,USA: WA,WA,Homo sapiens,,3/12/2020
MT252746,2020-04-24T00:00:00Z,Severe acute respiratory syndrome-related coronavirus,29871,USA: WA,WA,Homo sapiens,,3/12/2020
MT252747,2020-04-24T00:00:00Z,Severe acute respiratory syndrome-related coronavirus,29878,USA: WA,WA,Homo sapiens,,3/12/2020
MT252748,2020-04-24T00:00:00Z,Severe acute respiratory syndrome-related coronavirus,29907,USA: WA,WA,Homo sapiens,,3/11/2020
MT252749,2020-04-24T00:00:00Z,Severe acute respiratory syndrome-related coronavirus,29828,USA: WA,WA,Homo sapiens,,3/11/2020
MT252756,2020-04-24T00:00:00Z,Severe acute respiratory syndrome-related coronavirus,29790,USA: WA,WA,Homo sapiens,,3/11/2020
MT252757,2020-04-24T00:00:00Z,Severe acute respiratory syndrome-related coronavirus,29869,USA: WA,WA,Homo sapiens,,3/11/2020
MT252758,2020-04-24T00:00:00Z,Severe acute respiratory syndrome-related coronavirus,29821,USA: WA,WA,Homo sapiens,,3/11/2020
MT252761,2020-04-24T00:00:00Z,Severe acute respiratory syndrome-related coronavirus,29812,USA: WA,WA,Homo sapiens,,3/12/2020
MT252763,2020-04-24T00:00:00Z,Severe acute respiratory syndrome-related coronavirus,29879,USA: WA,WA,Homo sapiens,,3/12/2020
MT252764,2020-04-24T00:00:00Z,Severe acute respiratory syndrome-related coronavirus,29879,USA: WA,WA,Homo sapiens,,3/12/2020
MT252765,2020-04-24T00:00:00Z,Severe acute respiratory syndrome-related coronavirus,29752,USA: WA,WA,Homo sapiens,,3/10/2020
MT252766,2020-04-24T00:00:00Z,Severe acute respiratory syndrome-related coronavirus,29705,USA: WA,WA,Homo sapiens,,3/11/2020
MT252767,2020-04-24T00:00:00Z,Severe acute respiratory syndrome-related coronavirus,29869,USA: WA,WA,Homo sapiens,,3/11/2020
MT252768,2020-04-24T00:00:00Z,Severe acute respiratory syndrome-related coronavirus,29785,USA: WA,WA,Homo sapiens,,3/11/2020
MT252769,2020-04-24T00:00:00Z,Severe acute respiratory syndrome-related coronavirus,29867,USA: WA,WA,Homo sapiens,,3/11/2020
MT252770,2020-04-24T00:00:00Z,Severe acute respiratory syndrome-related coronavirus,29866,USA: WA,WA,Homo sapiens,,3/11/2020
MT252771,2020-04-24T00:00:00Z,Severe acute respiratory syndrome-related coronavirus,29543,USA: WA,WA,Homo sapiens,,3/11/2020
MT252772,2020-04-24T00:00:00Z,Severe acute respiratory syndrome-related coronavirus,29822,USA: WA,WA,Homo sapiens,,3/11/2020
MT252773,2020-04-24T00:00:00Z,Severe acute respiratory syndrome-related coronavirus,29679,USA: WA,WA,Homo sapiens,,3/11/2020
MT252774,2020-04-24T00:00:00Z,Severe acute respiratory syndrome-related coronavirus,29869,USA: WA,WA,Homo sapiens,,3/11/2020
MT252775,2020-04-24T00:00:00Z,Severe acute respiratory syndrome-related coronavirus,29828,USA: WA,WA,Homo sapiens,,3/11/2020
MT252778,2020-04-24T00:00:00Z,Severe acute respiratory syndrome-related coronavirus,29829,USA: WA,WA,Homo sapiens,,3/11/2020
MT252779,2020-04-24T00:00:00Z,Severe acute respiratory syndrome-related coronavirus,29895,USA: WA,WA,Homo sapiens,,3/11/2020
MT252780,2020-04-24T00:00:00Z,Severe acute respiratory syndrome-related coronavirus,29898,USA: WA,WA,Homo sapiens,,3/11/2020
MT252781,2020-04-24T00:00:00Z,Severe acute respiratory syndrome-related coronavirus,29857,USA: WA,WA,Homo sapiens,,3/11/2020
MT252782,2020-04-24T00:00:00Z,Severe acute respiratory syndrome-related coronavirus,29858,USA: WA,WA,Homo sapiens,,3/11/2020
MT252783,2020-04-24T00:00:00Z,Severe acute respiratory syndrome-related coronavirus,29903,USA: WA,WA,Homo sapiens,,3/11/2020
MT252784,2020-04-24T00:00:00Z,Severe acute respiratory syndrome-related coronavirus,29910,USA: WA,WA,Homo sapiens,,3/11/2020
MT252785,2020-04-24T00:00:00Z,Severe acute respiratory syndrome-related coronavirus,29839,USA: WA,WA,Homo sapiens,,3/11/2020
MT252787,2020-04-24T00:00:00Z,Severe acute respiratory syndrome-related coronavirus,29706,USA: WA,WA,Homo sapiens,,3/9/2020
MT252788,2020-04-24T00:00:00Z,Severe acute respiratory syndrome-related coronavirus,29829,USA: WA,WA,Homo sapiens,,3/9/2020
MT252792,2020-04-24T00:00:00Z,Severe acute respiratory syndrome-related coronavirus,29852,USA: WA,WA,Homo sapiens,,3/10/2020
MT252793,2020-04-24T00:00:00Z,Severe acute respiratory syndrome-related coronavirus,29897,USA: WA,WA,Homo sapiens,,3/9/2020
MT252794,2020-04-24T00:00:00Z,Severe acute respiratory syndrome-related coronavirus,29886,USA: WA,WA,Homo sapiens,,3/10/2020
MT252795,2020-04-24T00:00:00Z,Severe acute respiratory syndrome-related coronavirus,29871,USA: WA,WA,Homo sapiens,,3/10/2020
MT252797,2020-04-24T00:00:00Z,Severe acute respiratory syndrome-related coronavirus,29904,USA: WA,WA,Homo sapiens,,3/10/2020
MT252798,2020-04-24T00:00:00Z,Severe acute respiratory syndrome-related coronavirus,29852,USA: WA,WA,Homo sapiens,,3/10/2020
MT252799,2020-04-24T00:00:00Z,Severe acute respiratory syndrome-related coronavirus,29877,USA: WA,WA,Homo sapiens,,3/9/2020
MT252800,2020-04-24T00:00:00Z,Severe acute respiratory syndrome-related coronavirus,29861,USA: WA,WA,Homo sapiens,,3/10/2020
MT252801,2020-04-24T00:00:00Z,Severe acute respiratory syndrome-related coronavirus,29698,USA: WA,WA,Homo sapiens,,3/5/2020
MT252802,2020-04-24T00:00:00Z,Severe acute respiratory syndrome-related coronavirus,29830,USA: WA,WA,Homo sapiens,,3/8/2020
MT252803,2020-04-24T00:00:00Z,Severe acute respiratory syndrome-related coronavirus,29765,USA: WA,WA,Homo sapiens,,3/9/2020
MT252804,2020-04-24T00:00:00Z,Severe acute respiratory syndrome-related coronavirus,29882,USA: WA,WA,Homo sapiens,,3/8/2020
MT252805,2020-04-24T00:00:00Z,Severe acute respiratory syndrome-related coronavirus,29887,USA: WA,WA,Homo sapiens,,3/8/2020
MT252806,2020-04-24T00:00:00Z,Severe acute respiratory syndrome-related coronavirus,29882,USA: WA,WA,Homo sapiens,,3/9/2020
MT252807,2020-04-24T00:00:00Z,Severe acute respiratory syndrome-related coronavirus,29882,USA: WA,WA,Homo sapiens,,3/9/2020
MT252808,2020-04-24T00:00:00Z,Severe acute respiratory syndrome-related coronavirus,29881,USA: WA,WA,Homo sapiens,,3/9/2020
MT252809,2020-04-24T00:00:00Z,Severe acute respiratory syndrome-related coronavirus,29615,USA: WA,WA,Homo sapiens,,3/9/2020
MT252810,2020-04-24T00:00:00Z,Severe acute respiratory syndrome-related coronavirus,29862,USA: WA,WA,Homo sapiens,,3/8/2020
MT252811,2020-04-24T00:00:00Z,Severe acute respiratory syndrome-related coronavirus,29629,USA: WA,WA,Homo sapiens,,3/8/2020
MT252821,2020-04-24T00:00:00Z,Severe acute respiratory syndrome-related coronavirus,29594,USA: WA,WA,Homo sapiens,,3/7/2020
MT252822,2020-04-24T00:00:00Z,Severe acute respiratory syndrome-related coronavirus,29755,USA: WA,WA,Homo sapiens,,3/6/2020
MT252823,2020-04-24T00:00:00Z,Severe acute respiratory syndrome-related coronavirus,29777,USA: WA,WA,Homo sapiens,,3/7/2020
MT252824,2020-04-24T00:00:00Z,Severe acute respiratory syndrome-related coronavirus,29841,USA: WA,WA,Homo sapiens,,3/6/2020
MT339043,2020-04-24T00:00:00Z,Severe acute respiratory syndrome-related coronavirus,29860,USA: VA,VA,Homo sapiens,,2020-03
MT365033,2020-04-24T00:00:00Z,Severe acute respiratory syndrome-related coronavirus,29897,USA: New York,NY,Panthera tigris jacksoni,"oronasopharynx, oronasopharynx",4/2/2020
MT375428,2020-04-24T00:00:00Z,Severe acute respiratory syndrome-related coronavirus,29734,USA: WA,WA,Homo sapiens,,3/29/2020
MT375429,2020-04-24T00:00:00Z,Severe acute respiratory syndrome-related coronavirus,29733,USA: ID,ID,Homo sapiens,,3/29/2020
MT375430,2020-04-24T00:00:00Z,Severe acute respiratory syndrome-related coronavirus,29883,USA: WA,WA,Homo sapiens,,3/31/2020
MT375431,2020-04-24T00:00:00Z,Severe acute respiratory syndrome-related coronavirus,29890,USA: ID,ID,Homo sapiens,,3/29/2020
MT375432,2020-04-24T00:00:00Z,Severe acute respiratory syndrome-related coronavirus,29896,USA: WA,WA,Homo sapiens,,3/30/2020
MT375433,2020-04-24T00:00:00Z,Severe acute respiratory syndrome-related coronavirus,29839,USA: WA,WA,Homo sapiens,,3/30/2020
MT375434,2020-04-24T00:00:00Z,Severe acute respiratory syndrome-related coronavirus,29867,USA: WA,WA,Homo sapiens,,3/31/2020
MT375435,2020-04-24T00:00:00Z,Severe acute respiratory syndrome-related coronavirus,29706,USA: WA,WA,Homo sapiens,,3/31/2020
MT375436,2020-04-24T00:00:00Z,Severe acute respiratory syndrome-related coronavirus,29852,USA: WA,WA,Homo sapiens,,3/31/2020
MT375437,2020-04-24T00:00:00Z,Severe acute respiratory syndrome-related coronavirus,29853,USA: WA,WA,Homo sapiens,,3/31/2020
MT375438,2020-04-24T00:00:00Z,Severe acute respiratory syndrome-related coronavirus,29868,USA: WA,WA,Homo sapiens,,3/31/2020
MT375439,2020-04-24T00:00:00Z,Severe acute respiratory syndrome-related coronavirus,29726,USA: ID,ID,Homo sapiens,,3/30/2020
MT375440,2020-04-24T00:00:00Z,Severe acute respiratory syndrome-related coronavirus,29872,USA: WA,WA,Homo sapiens,,3/31/2020
MT375441,2020-04-24T00:00:00Z,Severe acute respiratory syndrome-related coronavirus,29875,USA: WA,WA,Homo sapiens,,3/26/2020
MT375442,2020-04-24T00:00:00Z,Severe acute respiratory syndrome-related coronavirus,29856,USA: WA,WA,Homo sapiens,,3/26/2020
MT375443,2020-04-24T00:00:00Z,Severe acute respiratory syndrome-related coronavirus,29813,USA: WA,WA,Homo sapiens,,3/26/2020
MT375444,2020-04-24T00:00:00Z,Severe acute respiratory syndrome-related coronavirus,29732,USA: WA,WA,Homo sapiens,,3/29/2020
MT375445,2020-04-24T00:00:00Z,Severe acute respiratory syndrome-related coronavirus,29871,USA: WA,WA,Homo sapiens,,3/29/2020
MT375446,2020-04-24T00:00:00Z,Severe acute respiratory syndrome-related coronavirus,29892,USA: WA,WA,Homo sapiens,,3/28/2020
MT375447,2020-04-24T00:00:00Z,Severe acute respiratory syndrome-related coronavirus,29898,USA: WA,WA,Homo sapiens,,3/25/2020
MT375448,2020-04-24T00:00:00Z,Severe acute respiratory syndrome-related coronavirus,29871,USA: WA,WA,Homo sapiens,,3/27/2020
MT375449,2020-04-24T00:00:00Z,Severe acute respiratory syndrome-related coronavirus,29872,USA: WA,WA,Homo sapiens,,3/28/2020
MT375450,2020-04-24T00:00:00Z,Severe acute respiratory syndrome-related coronavirus,29839,USA: WA,WA,Homo sapiens,,3/28/2020
MT375451,2020-04-24T00:00:00Z,Severe acute respiratory syndrome-related coronavirus,29839,USA: WA,WA,Homo sapiens,,3/27/2020
MT375452,2020-04-24T00:00:00Z,Severe acute respiratory syndrome-related coronavirus,29867,USA: WA,WA,Homo sapiens,,3/28/2020
MT375453,2020-04-24T00:00:00Z,Severe acute respiratory syndrome-related coronavirus,29887,USA: WA,WA,Homo sapiens,,3/27/2020
MT375454,2020-04-24T00:00:00Z,Severe acute respiratory syndrome-related coronavirus,29714,USA: WA,WA,Homo sapiens,,3/27/2020
MT375455,2020-04-24T00:00:00Z,Severe acute respiratory syndrome-related coronavirus,29865,USA: WA,WA,Homo sapiens,,3/28/2020
MT375456,2020-04-24T00:00:00Z,Severe acute respiratory syndrome-related coronavirus,29813,USA: WA,WA,Homo sapiens,,3/27/2020
MT375457,2020-04-24T00:00:00Z,Severe acute respiratory syndrome-related coronavirus,29788,USA,,Homo sapiens,,4/6/2020
MT375458,2020-04-24T00:00:00Z,Severe acute respiratory syndrome-related coronavirus,29873,USA: WA,WA,Homo sapiens,,4/6/2020
MT375459,2020-04-24T00:00:00Z,Severe acute respiratory syndrome-related coronavirus,29891,USA: WA,WA,Homo sapiens,,4/5/2020
MT375460,2020-04-24T00:00:00Z,Severe acute respiratory syndrome-related coronavirus,29848,USA: WA,WA,Homo sapiens,,4/6/2020
MT375461,2020-04-24T00:00:00Z,Severe acute respiratory syndrome-related coronavirus,29880,USA: WA,WA,Homo sapiens,,4/6/2020
MT375462,2020-04-24T00:00:00Z,Severe acute respiratory syndrome-related coronavirus,29643,USA: WA,WA,Homo sapiens,,4/6/2020
MT375463,2020-04-24T00:00:00Z,Severe acute respiratory syndrome-related coronavirus,29876,USA: WA,WA,Homo sapiens,,4/7/2020
MT375464,2020-04-24T00:00:00Z,Severe acute respiratory syndrome-related coronavirus,29485,USA: WA,WA,Homo sapiens,,4/8/2020
MT375465,2020-04-24T00:00:00Z,Severe acute respiratory syndrome-related coronavirus,29848,USA: WA,WA,Homo sapiens,,4/7/2020
MT375466,2020-04-24T00:00:00Z,Severe acute respiratory syndrome-related coronavirus,29873,USA: WA,WA,Homo sapiens,,4/7/2020
MT375467,2020-04-24T00:00:00Z,Severe acute respiratory syndrome-related coronavirus,29729,USA: WA,WA,Homo sapiens,,4/7/2020
MT375468,2020-04-24T00:00:00Z,Severe acute respiratory syndrome-related coronavirus,29875,USA: WA,WA,Homo sapiens,,4/7/2020
MT375469,2020-04-24T00:00:00Z,Severe acute respiratory syndrome-related coronavirus,29646,USA: CT,CT,Homo sapiens,,4/7/2020
MT375470,2020-04-24T00:00:00Z,Severe acute respiratory syndrome-related coronavirus,29871,USA: CT,CT,Homo sapiens,,4/6/2020
MT375471,2020-04-24T00:00:00Z,Severe acute respiratory syndrome-related coronavirus,29653,USA: CT,CT,Homo sapiens,,4/6/2020
MT375472,2020-04-24T00:00:00Z,Severe acute respiratory syndrome-related coronavirus,29862,USA,,Homo sapiens,,4/8/2020
MT375473,2020-04-24T00:00:00Z,Severe acute respiratory syndrome-related coronavirus,29601,USA: WA,WA,Homo sapiens,,4/8/2020
MT375474,2020-04-24T00:00:00Z,Severe acute respiratory syndrome-related coronavirus,29890,USA: CT,CT,Homo sapiens,,4/6/2020
MT375475,2020-04-24T00:00:00Z,Severe acute respiratory syndrome-related coronavirus,29499,USA: WA,WA,Homo sapiens,,4/8/2020
MT375476,2020-04-24T00:00:00Z,Severe acute respiratory syndrome-related coronavirus,29784,USA: WA,WA,Homo sapiens,,4/2/2020
MT375477,2020-04-24T00:00:00Z,Severe acute respiratory syndrome-related coronavirus,29765,USA: WA,WA,Homo sapiens,,4/2/2020
MT375478,2020-04-24T00:00:00Z,Severe acute respiratory syndrome-related coronavirus,29871,USA: WA,WA,Homo sapiens,,4/2/2020
MT375479,2020-04-24T00:00:00Z,Severe acute respiratory syndrome-related coronavirus,29871,USA: WA,WA,Homo sapiens,,4/2/2020
MT375480,2020-04-24T00:00:00Z,Severe acute respiratory syndrome-related coronavirus,29872,USA: WA,WA,Homo sapiens,,4/2/2020
MT375481,2020-04-24T00:00:00Z,Severe acute respiratory syndrome-related coronavirus,29899,USA: WA,WA,Homo sapiens,,4/2/2020
MT375482,2020-04-24T00:00:00Z,Severe acute respiratory syndrome-related coronavirus,29880,USA: WA,WA,Homo sapiens,,4/2/2020
MT375483,2020-04-24T00:00:00Z,Severe acute respiratory syndrome-related coronavirus,29871,USA,,Homo sapiens,,4/2/2020
MT370831,2020-04-23T00:00:00Z,Severe acute respiratory syndrome-related coronavirus,29716,USA: NY,NY,Homo sapiens,oronasopharynx,3/18/2020
MT370832,2020-04-23T00:00:00Z,Severe acute respiratory syndrome-related coronavirus,29717,USA: NY,NY,Homo sapiens,oronasopharynx,3/17/2020
MT370833,2020-04-23T00:00:00Z,Severe acute respiratory syndrome-related coronavirus,29724,USA: NY,NY,Homo sapiens,oronasopharynx,3/18/2020
MT370834,2020-04-23T00:00:00Z,Severe acute respiratory syndrome-related coronavirus,29726,USA: NY,NY,Homo sapiens,oronasopharynx,3/18/2020
MT370835,2020-04-23T00:00:00Z,Severe acute respiratory syndrome-related coronavirus,29724,USA: NY,NY,Homo sapiens,oronasopharynx,3/18/2020
MT370836,2020-04-23T00:00:00Z,Severe acute respiratory syndrome-related coronavirus,29724,USA: NY,NY,Homo sapiens,oronasopharynx,3/18/2020
MT370837,2020-04-23T00:00:00Z,Severe acute respiratory syndrome-related coronavirus,29724,USA: NY,NY,Homo sapiens,oronasopharynx,3/18/2020
MT370838,2020-04-23T00:00:00Z,Severe acute respiratory syndrome-related coronavirus,29724,USA: NY,NY,Homo sapiens,oronasopharynx,3/17/2020
MT370839,2020-04-23T00:00:00Z,Severe acute respiratory syndrome-related coronavirus,29724,USA: NY,NY,Homo sapiens,oronasopharynx,3/14/2020
MT370840,2020-04-23T00:00:00Z,Severe acute respiratory syndrome-related coronavirus,29719,USA: NY,NY,Homo sapiens,oronasopharynx,3/17/2020
MT370841,2020-04-23T00:00:00Z,Severe acute respiratory syndrome-related coronavirus,29724,USA: NY,NY,Homo sapiens,oronasopharynx,3/17/2020
MT370842,2020-04-23T00:00:00Z,Severe acute respiratory syndrome-related coronavirus,29716,USA: NY,NY,Homo sapiens,oronasopharynx,3/4/2020
MT370843,2020-04-23T00:00:00Z,Severe acute respiratory syndrome-related coronavirus,29729,USA: NY,NY,Homo sapiens,oronasopharynx,3/17/2020
MT370844,2020-04-23T00:00:00Z,Severe acute respiratory syndrome-related coronavirus,29726,USA: NY,NY,Homo sapiens,oronasopharynx,3/18/2020
MT370845,2020-04-23T00:00:00Z,Severe acute respiratory syndrome-related coronavirus,29724,USA: NY,NY,Homo sapiens,oronasopharynx,3/18/2020
MT370846,2020-04-23T00:00:00Z,Severe acute respiratory syndrome-related coronavirus,29727,USA: NY,NY,Homo sapiens,oronasopharynx,3/16/2020
MT370847,2020-04-23T00:00:00Z,Severe acute respiratory syndrome-related coronavirus,29724,USA: NY,NY,Homo sapiens,oronasopharynx,3/18/2020
MT370848,2020-04-23T00:00:00Z,Severe acute respiratory syndrome-related coronavirus,29709,USA: NY,NY,Homo sapiens,oronasopharynx,3/18/2020
MT370849,2020-04-23T00:00:00Z,Severe acute respiratory syndrome-related coronavirus,29726,USA: NY,NY,Homo sapiens,oronasopharynx,3/17/2020
MT370850,2020-04-23T00:00:00Z,Severe acute respiratory syndrome-related coronavirus,29727,USA: NY,NY,Homo sapiens,oronasopharynx,3/17/2020
MT370851,2020-04-23T00:00:00Z,Severe acute respiratory syndrome-related coronavirus,29731,USA: NY,NY,Homo sapiens,oronasopharynx,3/18/2020
MT370852,2020-04-23T00:00:00Z,Severe acute respiratory syndrome-related coronavirus,29726,USA: NY,NY,Homo sapiens,oronasopharynx,3/17/2020
MT370853,2020-04-23T00:00:00Z,Severe acute respiratory syndrome-related coronavirus,29729,USA: NY,NY,Homo sapiens,oronasopharynx,3/17/2020
MT370854,2020-04-23T00:00:00Z,Severe acute respiratory syndrome-related coronavirus,29726,USA: NY,NY,Homo sapiens,oronasopharynx,3/14/2020
MT370855,2020-04-23T00:00:00Z,Severe acute respiratory syndrome-related coronavirus,29726,USA: NY,NY,Homo sapiens,oronasopharynx,3/19/2020
MT370856,2020-04-23T00:00:00Z,Severe acute respiratory syndrome-related coronavirus,29724,USA: NY,NY,Homo sapiens,oronasopharynx,3/18/2020
MT370857,2020-04-23T00:00:00Z,Severe acute respiratory syndrome-related coronavirus,29726,USA: NY,NY,Homo sapiens,oronasopharynx,3/14/2020
MT370858,2020-04-23T00:00:00Z,Severe acute respiratory syndrome-related coronavirus,29717,USA: NY,NY,Homo sapiens,oronasopharynx,3/18/2020
MT370859,2020-04-23T00:00:00Z,Severe acute respiratory syndrome-related coronavirus,29725,USA: NY,NY,Homo sapiens,oronasopharynx,3/17/2020
MT370860,2020-04-23T00:00:00Z,Severe acute respiratory syndrome-related coronavirus,29724,USA: NY,NY,Homo sapiens,oronasopharynx,3/18/2020
MT370861,2020-04-23T00:00:00Z,Severe acute respiratory syndrome-related coronavirus,29779,USA: NY,NY,Homo sapiens,oronasopharynx,3/17/2020
MT370862,2020-04-23T00:00:00Z,Severe acute respiratory syndrome-related coronavirus,29726,USA: NY,NY,Homo sapiens,oronasopharynx,3/16/2020
MT370863,2020-04-23T00:00:00Z,Severe acute respiratory syndrome-related coronavirus,29720,USA: NY,NY,Homo sapiens,oronasopharynx,3/18/2020
MT370864,2020-04-23T00:00:00Z,Severe acute respiratory syndrome-related coronavirus,29724,USA: NY,NY,Homo sapiens,oronasopharynx,3/18/2020
MT370865,2020-04-23T00:00:00Z,Severe acute respiratory syndrome-related coronavirus,29724,USA: NY,NY,Homo sapiens,oronasopharynx,3/17/2020
MT370866,2020-04-23T00:00:00Z,Severe acute respiratory syndrome-related coronavirus,29772,USA: NY,NY,Homo sapiens,oronasopharynx,3/17/2020
MT370867,2020-04-23T00:00:00Z,Severe acute respiratory syndrome-related coronavirus,29729,USA: NY,NY,Homo sapiens,oronasopharynx,3/15/2020
MT370868,2020-04-23T00:00:00Z,Severe acute respiratory syndrome-related coronavirus,29724,USA: NY,NY,Homo sapiens,oronasopharynx,3/17/2020
MT370869,2020-04-23T00:00:00Z,Severe acute respiratory syndrome-related coronavirus,29726,USA: NY,NY,Homo sapiens,oronasopharynx,3/18/2020
MT370870,2020-04-23T00:00:00Z,Severe acute respiratory syndrome-related coronavirus,29726,USA: NY,NY,Homo sapiens,oronasopharynx,3/18/2020
MT370871,2020-04-23T00:00:00Z,Severe acute respiratory syndrome-related coronavirus,29724,USA: NY,NY,Homo sapiens,oronasopharynx,3/17/2020
MT370872,2020-04-23T00:00:00Z,Severe acute respiratory syndrome-related coronavirus,29730,USA: NY,NY,Homo sapiens,oronasopharynx,3/17/2020
MT370873,2020-04-23T00:00:00Z,Severe acute respiratory syndrome-related coronavirus,29726,USA: NY,NY,Homo sapiens,oronasopharynx,3/16/2020
MT370874,2020-04-23T00:00:00Z,Severe acute respiratory syndrome-related coronavirus,29756,USA: NY,NY,Homo sapiens,oronasopharynx,3/15/2020
MT370875,2020-04-23T00:00:00Z,Severe acute respiratory syndrome-related coronavirus,29724,USA: NY,NY,Homo sapiens,oronasopharynx,3/18/2020
MT370876,2020-04-23T00:00:00Z,Severe acute respiratory syndrome-related coronavirus,29724,USA: NY,NY,Homo sapiens,oronasopharynx,3/17/2020
MT370877,2020-04-23T00:00:00Z,Severe acute respiratory syndrome-related coronavirus,29724,USA: NY,NY,Homo sapiens,oronasopharynx,3/17/2020
MT370878,2020-04-23T00:00:00Z,Severe acute respiratory syndrome-related coronavirus,29726,USA: NY,NY,Homo sapiens,oronasopharynx,3/16/2020
MT370879,2020-04-23T00:00:00Z,Severe acute respiratory syndrome-related coronavirus,29734,USA: NY,NY,Homo sapiens,oronasopharynx,3/17/2020
MT370880,2020-04-23T00:00:00Z,Severe acute respiratory syndrome-related coronavirus,29726,USA: NY,NY,Homo sapiens,oronasopharynx,3/19/2020
MT370881,2020-04-23T00:00:00Z,Severe acute respiratory syndrome-related coronavirus,29726,USA: NY,NY,Homo sapiens,oronasopharynx,3/13/2020
MT370882,2020-04-23T00:00:00Z,Severe acute respiratory syndrome-related coronavirus,29726,USA: NY,NY,Homo sapiens,oronasopharynx,3/18/2020
MT370883,2020-04-23T00:00:00Z,Severe acute respiratory syndrome-related coronavirus,29716,USA: NY,NY,Homo sapiens,oronasopharynx,3/18/2020
MT370884,2020-04-23T00:00:00Z,Severe acute respiratory syndrome-related coronavirus,29717,USA: NY,NY,Homo sapiens,oronasopharynx,3/16/2020
MT370885,2020-04-23T00:00:00Z,Severe acute respiratory syndrome-related coronavirus,29726,USA: NY,NY,Homo sapiens,oronasopharynx,3/18/2020
MT370886,2020-04-23T00:00:00Z,Severe acute respiratory syndrome-related coronavirus,29724,USA: NY,NY,Homo sapiens,oronasopharynx,3/17/2020
MT370887,2020-04-23T00:00:00Z,Severe acute respiratory syndrome-related coronavirus,29724,USA: NY,NY,Homo sapiens,oronasopharynx,3/18/2020
MT370888,2020-04-23T00:00:00Z,Severe acute respiratory syndrome-related coronavirus,29730,USA: NY,NY,Homo sapiens,oronasopharynx,3/17/2020
MT370889,2020-04-23T00:00:00Z,Severe acute respiratory syndrome-related coronavirus,29726,USA: NY,NY,Homo sapiens,oronasopharynx,3/13/2020
MT370890,2020-04-23T00:00:00Z,Severe acute respiratory syndrome-related coronavirus,29724,USA: NY,NY,Homo sapiens,oronasopharynx,3/18/2020
MT370891,2020-04-23T00:00:00Z,Severe acute respiratory syndrome-related coronavirus,29793,USA: NY,NY,Homo sapiens,oronasopharynx,3/16/2020
MT370892,2020-04-23T00:00:00Z,Severe acute respiratory syndrome-related coronavirus,29726,USA: NY,NY,Homo sapiens,oronasopharynx,3/11/2020
MT370893,2020-04-23T00:00:00Z,Severe acute respiratory syndrome-related coronavirus,29764,USA: NY,NY,Homo sapiens,oronasopharynx,3/17/2020
MT370894,2020-04-23T00:00:00Z,Severe acute respiratory syndrome-related coronavirus,29724,USA: NY,NY,Homo sapiens,oronasopharynx,3/17/2020
MT370895,2020-04-23T00:00:00Z,Severe acute respiratory syndrome-related coronavirus,29751,USA: NY,NY,Homo sapiens,oronasopharynx,3/16/2020
MT370896,2020-04-23T00:00:00Z,Severe acute respiratory syndrome-related coronavirus,29716,USA: NY,NY,Homo sapiens,oronasopharynx,3/18/2020
MT370897,2020-04-23T00:00:00Z,Severe acute respiratory syndrome-related coronavirus,29724,USA: NY,NY,Homo sapiens,oronasopharynx,3/18/2020
MT370898,2020-04-23T00:00:00Z,Severe acute respiratory syndrome-related coronavirus,29719,USA: NY,NY,Homo sapiens,oronasopharynx,3/18/2020
MT370899,2020-04-23T00:00:00Z,Severe acute respiratory syndrome-related coronavirus,29726,USA: NY,NY,Homo sapiens,oronasopharynx,3/17/2020
MT370900,2020-04-23T00:00:00Z,Severe acute respiratory syndrome-related coronavirus,29726,USA: NY,NY,Homo sapiens,oronasopharynx,3/16/2020
MT370901,2020-04-23T00:00:00Z,Severe acute respiratory syndrome-related coronavirus,29724,USA: NY,NY,Homo sapiens,oronasopharynx,3/17/2020
MT370902,2020-04-23T00:00:00Z,Severe acute respiratory syndrome-related coronavirus,29724,USA: NY,NY,Homo sapiens,oronasopharynx,3/17/2020
MT370903,2020-04-23T00:00:00Z,Severe acute respiratory syndrome-related coronavirus,29756,USA: NY,NY,Homo sapiens,oronasopharynx,3/17/2020
MT370904,2020-04-23T00:00:00Z,Severe acute respiratory syndrome-related coronavirus,29716,USA: NY,NY,Homo sapiens,oronasopharynx,2/29/2020
MT370905,2020-04-23T00:00:00Z,Severe acute respiratory syndrome-related coronavirus,29729,USA: NY,NY,Homo sapiens,oronasopharynx,3/17/2020
MT370906,2020-04-23T00:00:00Z,Severe acute respiratory syndrome-related coronavirus,29772,USA: NY,NY,Homo sapiens,oronasopharynx,3/17/2020
MT370907,2020-04-23T00:00:00Z,Severe acute respiratory syndrome-related coronavirus,29720,USA: NY,NY,Homo sapiens,oronasopharynx,3/17/2020
MT370908,2020-04-23T00:00:00Z,Severe acute respiratory syndrome-related coronavirus,29719,USA: NY,NY,Homo sapiens,oronasopharynx,3/18/2020
MT370909,2020-04-23T00:00:00Z,Severe acute respiratory syndrome-related coronavirus,29729,USA: NY,NY,Homo sapiens,oronasopharynx,3/17/2020
MT370910,2020-04-23T00:00:00Z,Severe acute respiratory syndrome-related coronavirus,29717,USA: NY,NY,Homo sapiens,oronasopharynx,3/13/2020
MT370911,2020-04-23T00:00:00Z,Severe acute respiratory syndrome-related coronavirus,29729,USA: NY,NY,Homo sapiens,oronasopharynx,3/17/2020
MT370912,2020-04-23T00:00:00Z,Severe acute respiratory syndrome-related coronavirus,29724,USA: NY,NY,Homo sapiens,oronasopharynx,3/19/2020
MT370913,2020-04-23T00:00:00Z,Severe acute respiratory syndrome-related coronavirus,29726,USA: NY,NY,Homo sapiens,oronasopharynx,3/17/2020
MT370914,2020-04-23T00:00:00Z,Severe acute respiratory syndrome-related coronavirus,29718,USA: NY,NY,Homo sapiens,oronasopharynx,3/17/2020
MT370915,2020-04-23T00:00:00Z,Severe acute respiratory syndrome-related coronavirus,29724,USA: NY,NY,Homo sapiens,oronasopharynx,3/13/2020
MT370916,2020-04-23T00:00:00Z,Severe acute respiratory syndrome-related coronavirus,29717,USA: NY,NY,Homo sapiens,oronasopharynx,3/17/2020
MT370917,2020-04-23T00:00:00Z,Severe acute respiratory syndrome-related coronavirus,29706,USA: NY,NY,Homo sapiens,oronasopharynx,3/19/2020
MT370918,2020-04-23T00:00:00Z,Severe acute respiratory syndrome-related coronavirus,29726,USA: NY,NY,Homo sapiens,oronasopharynx,3/16/2020
MT370919,2020-04-23T00:00:00Z,Severe acute respiratory syndrome-related coronavirus,29772,USA: NY,NY,Homo sapiens,oronasopharynx,3/14/2020
MT370920,2020-04-23T00:00:00Z,Severe acute respiratory syndrome-related coronavirus,29724,USA: NY,NY,Homo sapiens,oronasopharynx,3/18/2020
MT370921,2020-04-23T00:00:00Z,Severe acute respiratory syndrome-related coronavirus,29694,USA: NY,NY,Homo sapiens,oronasopharynx,3/20/2020
MT370922,2020-04-23T00:00:00Z,Severe acute respiratory syndrome-related coronavirus,29694,USA: NY,NY,Homo sapiens,oronasopharynx,3/22/2020
MT370923,2020-04-23T00:00:00Z,Severe acute respiratory syndrome-related coronavirus,29709,USA: NY,NY,Homo sapiens,oronasopharynx,3/21/2020
MT370924,2020-04-23T00:00:00Z,Severe acute respiratory syndrome-related coronavirus,29701,USA: NY,NY,Homo sapiens,oronasopharynx,3/22/2020
MT370925,2020-04-23T00:00:00Z,Severe acute respiratory syndrome-related coronavirus,29743,USA: NY,NY,Homo sapiens,oronasopharynx,3/20/2020
MT370926,2020-04-23T00:00:00Z,Severe acute respiratory syndrome-related coronavirus,29702,USA: NY,NY,Homo sapiens,oronasopharynx,3/18/2020
MT370927,2020-04-23T00:00:00Z,Severe acute respiratory syndrome-related coronavirus,29709,USA: NY,NY,Homo sapiens,oronasopharynx,3/21/2020
MT370928,2020-04-23T00:00:00Z,Severe acute respiratory syndrome-related coronavirus,29726,USA: NY,NY,Homo sapiens,oronasopharynx,3/19/2020
MT370929,2020-04-23T00:00:00Z,Severe acute respiratory syndrome-related coronavirus,29695,USA: NY,NY,Homo sapiens,oronasopharynx,3/20/2020
MT370930,2020-04-23T00:00:00Z,Severe acute respiratory syndrome-related coronavirus,29714,USA: NY,NY,Homo sapiens,oronasopharynx,3/22/2020
MT370931,2020-04-23T00:00:00Z,Severe acute respiratory syndrome-related coronavirus,29712,USA: NY,NY,Homo sapiens,oronasopharynx,3/21/2020
MT370932,2020-04-23T00:00:00Z,Severe acute respiratory syndrome-related coronavirus,29724,USA: NY,NY,Homo sapiens,oronasopharynx,3/20/2020
MT370933,2020-04-23T00:00:00Z,Severe acute respiratory syndrome-related coronavirus,29715,USA: NJ,NJ,Homo sapiens,oronasopharynx,3/20/2020
MT370934,2020-04-23T00:00:00Z,Severe acute respiratory syndrome-related coronavirus,29726,USA: NY,NY,Homo sapiens,oronasopharynx,3/20/2020
MT370935,2020-04-23T00:00:00Z,Severe acute respiratory syndrome-related coronavirus,29712,USA: NY,NY,Homo sapiens,oronasopharynx,3/20/2020
MT370936,2020-04-23T00:00:00Z,Severe acute respiratory syndrome-related coronavirus,29693,USA: NY,NY,Homo sapiens,oronasopharynx,3/20/2020
MT370937,2020-04-23T00:00:00Z,Severe acute respiratory syndrome-related coronavirus,29737,USA: NY,NY,Homo sapiens,oronasopharynx,3/20/2020
MT370938,2020-04-23T00:00:00Z,Severe acute respiratory syndrome-related coronavirus,29694,USA: NY,NY,Homo sapiens,oronasopharynx,3/21/2020
MT370939,2020-04-23T00:00:00Z,Severe acute respiratory syndrome-related coronavirus,29715,USA: NY,NY,Homo sapiens,oronasopharynx,3/19/2020
MT370940,2020-04-23T00:00:00Z,Severe acute respiratory syndrome-related coronavirus,29724,USA: NY,NY,Homo sapiens,oronasopharynx,3/19/2020
MT370941,2020-04-23T00:00:00Z,Severe acute respiratory syndrome-related coronavirus,29694,USA: NY,NY,Homo sapiens,oronasopharynx,3/20/2020
MT370942,2020-04-23T00:00:00Z,Severe acute respiratory syndrome-related coronavirus,29706,USA: NY,NY,Homo sapiens,oronasopharynx,3/19/2020
MT370943,2020-04-23T00:00:00Z,Severe acute respiratory syndrome-related coronavirus,29703,USA: NY,NY,Homo sapiens,oronasopharynx,3/21/2020
MT370944,2020-04-23T00:00:00Z,Severe acute respiratory syndrome-related coronavirus,29739,USA: NY,NY,Homo sapiens,oronasopharynx,3/19/2020
MT370945,2020-04-23T00:00:00Z,Severe acute respiratory syndrome-related coronavirus,29694,USA: NY,NY,Homo sapiens,oronasopharynx,3/22/2020
MT370946,2020-04-23T00:00:00Z,Severe acute respiratory syndrome-related coronavirus,29710,USA: NY,NY,Homo sapiens,oronasopharynx,3/20/2020
MT370947,2020-04-23T00:00:00Z,Severe acute respiratory syndrome-related coronavirus,29716,USA: NY,NY,Homo sapiens,oronasopharynx,3/21/2020
MT370948,2020-04-23T00:00:00Z,Severe acute respiratory syndrome-related coronavirus,29730,USA: NY,NY,Homo sapiens,oronasopharynx,3/20/2020
MT370949,2020-04-23T00:00:00Z,Severe acute respiratory syndrome-related coronavirus,29717,USA: NY,NY,Homo sapiens,oronasopharynx,3/20/2020
MT370950,2020-04-23T00:00:00Z,Severe acute respiratory syndrome-related coronavirus,29731,USA: NY,NY,Homo sapiens,oronasopharynx,3/20/2020
MT370951,2020-04-23T00:00:00Z,Severe acute respiratory syndrome-related coronavirus,29694,USA: NY,NY,Homo sapiens,oronasopharynx,3/19/2020
MT370952,2020-04-23T00:00:00Z,Severe acute respiratory syndrome-related coronavirus,29717,USA: NY,NY,Homo sapiens,oronasopharynx,3/20/2020
MT370953,2020-04-23T00:00:00Z,Severe acute respiratory syndrome-related coronavirus,29723,USA: NY,NY,Homo sapiens,oronasopharynx,3/19/2020
MT370954,2020-04-23T00:00:00Z,Severe acute respiratory syndrome-related coronavirus,29716,USA: NY,NY,Homo sapiens,oronasopharynx,3/21/2020
MT370955,2020-04-23T00:00:00Z,Severe acute respiratory syndrome-related coronavirus,29694,USA: NY,NY,Homo sapiens,oronasopharynx,3/19/2020
MT370956,2020-04-23T00:00:00Z,Severe acute respiratory syndrome-related coronavirus,29712,USA: NY,NY,Homo sapiens,oronasopharynx,3/19/2020
MT370957,2020-04-23T00:00:00Z,Severe acute respiratory syndrome-related coronavirus,29714,USA: NY,NY,Homo sapiens,oronasopharynx,3/18/2020
MT370958,2020-04-23T00:00:00Z,Severe acute respiratory syndrome-related coronavirus,29723,USA: NY,NY,Homo sapiens,oronasopharynx,3/19/2020
MT370959,2020-04-23T00:00:00Z,Severe acute respiratory syndrome-related coronavirus,29694,USA: NY,NY,Homo sapiens,oronasopharynx,3/21/2020
MT370960,2020-04-23T00:00:00Z,Severe acute respiratory syndrome-related coronavirus,29714,USA: NY,NY,Homo sapiens,oronasopharynx,3/18/2020
MT370961,2020-04-23T00:00:00Z,Severe acute respiratory syndrome-related coronavirus,29706,USA: NY,NY,Homo sapiens,oronasopharynx,3/20/2020
MT370962,2020-04-23T00:00:00Z,Severe acute respiratory syndrome-related coronavirus,29719,USA: NY,NY,Homo sapiens,oronasopharynx,3/21/2020
MT370963,2020-04-23T00:00:00Z,Severe acute respiratory syndrome-related coronavirus,29649,USA: NY,NY,Homo sapiens,oronasopharynx,3/19/2020
MT370964,2020-04-23T00:00:00Z,Severe acute respiratory syndrome-related coronavirus,29726,USA: NY,NY,Homo sapiens,oronasopharynx,3/21/2020
MT370965,2020-04-23T00:00:00Z,Severe acute respiratory syndrome-related coronavirus,29767,USA: NY,NY,Homo sapiens,oronasopharynx,3/19/2020
MT370966,2020-04-23T00:00:00Z,Severe acute respiratory syndrome-related coronavirus,29732,USA: NY,NY,Homo sapiens,oronasopharynx,3/19/2020
MT370967,2020-04-23T00:00:00Z,Severe acute respiratory syndrome-related coronavirus,29714,USA: NY,NY,Homo sapiens,oronasopharynx,3/21/2020
MT370968,2020-04-23T00:00:00Z,Severe acute respiratory syndrome-related coronavirus,29700,USA: NY,NY,Homo sapiens,oronasopharynx,3/20/2020
MT370969,2020-04-23T00:00:00Z,Severe acute respiratory syndrome-related coronavirus,29703,USA: NY,NY,Homo sapiens,oronasopharynx,3/21/2020
MT370970,2020-04-23T00:00:00Z,Severe acute respiratory syndrome-related coronavirus,29716,USA: NY,NY,Homo sapiens,oronasopharynx,3/20/2020
MT370971,2020-04-23T00:00:00Z,Severe acute respiratory syndrome-related coronavirus,29722,USA: NY,NY,Homo sapiens,oronasopharynx,3/20/2020
MT370972,2020-04-23T00:00:00Z,Severe acute respiratory syndrome-related coronavirus,29722,USA: NY,NY,Homo sapiens,oronasopharynx,3/20/2020
MT370973,2020-04-23T00:00:00Z,Severe acute respiratory syndrome-related coronavirus,29701,USA: NY,NY,Homo sapiens,oronasopharynx,3/20/2020
MT370974,2020-04-23T00:00:00Z,Severe acute respiratory syndrome-related coronavirus,29694,USA: NY,NY,Homo sapiens,oronasopharynx,3/22/2020
MT370975,2020-04-23T00:00:00Z,Severe acute respiratory syndrome-related coronavirus,29726,USA: NY,NY,Homo sapiens,oronasopharynx,3/19/2020
MT370976,2020-04-23T00:00:00Z,Severe acute respiratory syndrome-related coronavirus,29724,USA: NY,NY,Homo sapiens,oronasopharynx,3/20/2020
MT370977,2020-04-23T00:00:00Z,Severe acute respiratory syndrome-related coronavirus,29711,USA: NY,NY,Homo sapiens,oronasopharynx,3/21/2020
MT370978,2020-04-23T00:00:00Z,Severe acute respiratory syndrome-related coronavirus,29703,USA: NY,NY,Homo sapiens,oronasopharynx,3/22/2020
MT370979,2020-04-23T00:00:00Z,Severe acute respiratory syndrome-related coronavirus,29712,USA: NY,NY,Homo sapiens,oronasopharynx,3/21/2020
MT370980,2020-04-23T00:00:00Z,Severe acute respiratory syndrome-related coronavirus,29724,USA: NY,NY,Homo sapiens,oronasopharynx,3/20/2020
MT370981,2020-04-23T00:00:00Z,Severe acute respiratory syndrome-related coronavirus,29714,USA: NY,NY,Homo sapiens,oronasopharynx,3/19/2020
MT370982,2020-04-23T00:00:00Z,Severe acute respiratory syndrome-related coronavirus,29723,USA: NY,NY,Homo sapiens,oronasopharynx,3/19/2020
MT370983,2020-04-23T00:00:00Z,Severe acute respiratory syndrome-related coronavirus,29696,USA: NY,NY,Homo sapiens,oronasopharynx,3/21/2020
MT370984,2020-04-23T00:00:00Z,Severe acute respiratory syndrome-related coronavirus,29715,USA: NY,NY,Homo sapiens,oronasopharynx,3/21/2020
MT370985,2020-04-23T00:00:00Z,Severe acute respiratory syndrome-related coronavirus,29729,USA: NY,NY,Homo sapiens,oronasopharynx,3/20/2020
MT370986,2020-04-23T00:00:00Z,Severe acute respiratory syndrome-related coronavirus,29713,USA: NY,NY,Homo sapiens,oronasopharynx,3/20/2020
MT370987,2020-04-23T00:00:00Z,Severe acute respiratory syndrome-related coronavirus,29723,USA: NY,NY,Homo sapiens,oronasopharynx,3/18/2020
MT370988,2020-04-23T00:00:00Z,Severe acute respiratory syndrome-related coronavirus,29723,USA: NY,NY,Homo sapiens,oronasopharynx,3/20/2020
MT370989,2020-04-23T00:00:00Z,Severe acute respiratory syndrome-related coronavirus,29694,USA: NY,NY,Homo sapiens,oronasopharynx,3/19/2020
MT370990,2020-04-23T00:00:00Z,Severe acute respiratory syndrome-related coronavirus,29693,USA: NY,NY,Homo sapiens,oronasopharynx,3/21/2020
MT370991,2020-04-23T00:00:00Z,Severe acute respiratory syndrome-related coronavirus,29704,USA: NY,NY,Homo sapiens,oronasopharynx,3/21/2020
MT370992,2020-04-23T00:00:00Z,Severe acute respiratory syndrome-related coronavirus,29658,USA: NY,NY,Homo sapiens,oronasopharynx,3/20/2020
MT370993,2020-04-23T00:00:00Z,Severe acute respiratory syndrome-related coronavirus,29718,USA: NY,NY,Homo sapiens,oronasopharynx,3/19/2020
MT370994,2020-04-23T00:00:00Z,Severe acute respiratory syndrome-related coronavirus,29724,USA: NY,NY,Homo sapiens,oronasopharynx,3/20/2020
MT370995,2020-04-23T00:00:00Z,Severe acute respiratory syndrome-related coronavirus,29694,USA: NY,NY,Homo sapiens,oronasopharynx,3/20/2020
MT370996,2020-04-23T00:00:00Z,Severe acute respiratory syndrome-related coronavirus,29768,USA: NY,NY,Homo sapiens,oronasopharynx,3/19/2020
MT370997,2020-04-23T00:00:00Z,Severe acute respiratory syndrome-related coronavirus,29705,USA: NY,NY,Homo sapiens,oronasopharynx,3/19/2020
MT370998,2020-04-23T00:00:00Z,Severe acute respiratory syndrome-related coronavirus,29724,USA: NY,NY,Homo sapiens,oronasopharynx,3/19/2020
MT370999,2020-04-23T00:00:00Z,Severe acute respiratory syndrome-related coronavirus,29701,USA: NY,NY,Homo sapiens,oronasopharynx,3/20/2020
MT371000,2020-04-23T00:00:00Z,Severe acute respiratory syndrome-related coronavirus,29724,USA: NY,NY,Homo sapiens,oronasopharynx,3/21/2020
MT371001,2020-04-23T00:00:00Z,Severe acute respiratory syndrome-related coronavirus,29724,USA: NY,NY,Homo sapiens,oronasopharynx,3/19/2020
MT371002,2020-04-23T00:00:00Z,Severe acute respiratory syndrome-related coronavirus,29710,USA: NY,NY,Homo sapiens,oronasopharynx,3/22/2020
MT371003,2020-04-23T00:00:00Z,Severe acute respiratory syndrome-related coronavirus,29718,USA: NY,NY,Homo sapiens,oronasopharynx,3/20/2020
MT371004,2020-04-23T00:00:00Z,Severe acute respiratory syndrome-related coronavirus,29694,USA: NY,NY,Homo sapiens,oronasopharynx,3/20/2020
MT371005,2020-04-23T00:00:00Z,Severe acute respiratory syndrome-related coronavirus,29694,USA: NY,NY,Homo sapiens,oronasopharynx,3/19/2020
MT371006,2020-04-23T00:00:00Z,Severe acute respiratory syndrome-related coronavirus,29723,USA: NY,NY,Homo sapiens,oronasopharynx,3/20/2020
MT371007,2020-04-23T00:00:00Z,Severe acute respiratory syndrome-related coronavirus,29716,USA: NY,NY,Homo sapiens,oronasopharynx,3/19/2020
MT371008,2020-04-23T00:00:00Z,Severe acute respiratory syndrome-related coronavirus,29724,USA: NY,NY,Homo sapiens,oronasopharynx,3/22/2020
MT371009,2020-04-23T00:00:00Z,Severe acute respiratory syndrome-related coronavirus,29724,USA: NY,NY,Homo sapiens,oronasopharynx,3/21/2020
MT371010,2020-04-23T00:00:00Z,Severe acute respiratory syndrome-related coronavirus,29694,USA: NY,NY,Homo sapiens,oronasopharynx,3/19/2020
MT371011,2020-04-23T00:00:00Z,Severe acute respiratory syndrome-related coronavirus,29635,USA: NY,NY,Homo sapiens,oronasopharynx,3/22/2020
MT371012,2020-04-23T00:00:00Z,Severe acute respiratory syndrome-related coronavirus,29723,USA: NY,NY,Homo sapiens,oronasopharynx,3/19/2020
MT371013,2020-04-23T00:00:00Z,Severe acute respiratory syndrome-related coronavirus,29724,USA: NY,NY,Homo sapiens,oronasopharynx,3/21/2020
MT371014,2020-04-23T00:00:00Z,Severe acute respiratory syndrome-related coronavirus,29643,USA: NY,NY,Homo sapiens,oronasopharynx,3/21/2020
MT371015,2020-04-23T00:00:00Z,Severe acute respiratory syndrome-related coronavirus,29723,USA: NY,NY,Homo sapiens,oronasopharynx,3/20/2020
MT371016,2020-04-23T00:00:00Z,Severe acute respiratory syndrome-related coronavirus,29724,USA: NY,NY,Homo sapiens,oronasopharynx,3/22/2020
MT371017,2020-04-23T00:00:00Z,Severe acute respiratory syndrome-related coronavirus,29722,USA: NY,NY,Homo sapiens,oronasopharynx,3/22/2020
MT371018,2020-04-23T00:00:00Z,Severe acute respiratory syndrome-related coronavirus,29724,USA: NY,NY,Homo sapiens,oronasopharynx,3/20/2020
MT371019,2020-04-23T00:00:00Z,Severe acute respiratory syndrome-related coronavirus,29720,USA: NY,NY,Homo sapiens,oronasopharynx,3/21/2020
MT371020,2020-04-23T00:00:00Z,Severe acute respiratory syndrome-related coronavirus,29674,USA: NY,NY,Homo sapiens,oronasopharynx,3/19/2020
MT371021,2020-04-23T00:00:00Z,Severe acute respiratory syndrome-related coronavirus,29694,USA: NY,NY,Homo sapiens,oronasopharynx,3/20/2020
MT371022,2020-04-23T00:00:00Z,Severe acute respiratory syndrome-related coronavirus,29714,USA: NY,NY,Homo sapiens,oronasopharynx,3/22/2020
MT371023,2020-04-23T00:00:00Z,Severe acute respiratory syndrome-related coronavirus,29724,USA: NY,NY,Homo sapiens,oronasopharynx,3/21/2020
MT371024,2020-04-23T00:00:00Z,Severe acute respiratory syndrome-related coronavirus,29686,USA: NY,NY,Homo sapiens,oronasopharynx,3/21/2020
MT371025,2020-04-23T00:00:00Z,Severe acute respiratory syndrome-related coronavirus,29694,USA: NY,NY,Homo sapiens,oronasopharynx,3/22/2020
MT371026,2020-04-23T00:00:00Z,Severe acute respiratory syndrome-related coronavirus,29723,USA: NY,NY,Homo sapiens,oronasopharynx,3/19/2020
MT371027,2020-04-23T00:00:00Z,Severe acute respiratory syndrome-related coronavirus,29724,USA: NY,NY,Homo sapiens,oronasopharynx,3/20/2020
MT371028,2020-04-23T00:00:00Z,Severe acute respiratory syndrome-related coronavirus,29724,USA: NY,NY,Homo sapiens,oronasopharynx,3/21/2020
MT371029,2020-04-23T00:00:00Z,Severe acute respiratory syndrome-related coronavirus,29719,USA: NY,NY,Homo sapiens,oronasopharynx,3/20/2020
MT371030,2020-04-23T00:00:00Z,Severe acute respiratory syndrome-related coronavirus,29705,USA: NY,NY,Homo sapiens,oronasopharynx,3/19/2020
MT371031,2020-04-23T00:00:00Z,Severe acute respiratory syndrome-related coronavirus,29696,USA: NY,NY,Homo sapiens,oronasopharynx,3/20/2020
MT371032,2020-04-23T00:00:00Z,Severe acute respiratory syndrome-related coronavirus,29705,USA: NY,NY,Homo sapiens,oronasopharynx,3/19/2020
MT371033,2020-04-23T00:00:00Z,Severe acute respiratory syndrome-related coronavirus,29723,USA: NY,NY,Homo sapiens,oronasopharynx,3/21/2020
MT371034,2020-04-23T00:00:00Z,Severe acute respiratory syndrome-related coronavirus,29732,USA: NY,NY,Homo sapiens,oronasopharynx,3/22/2020
MT371035,2020-04-23T00:00:00Z,Severe acute respiratory syndrome-related coronavirus,29724,USA: NY,NY,Homo sapiens,oronasopharynx,3/21/2020
MT371036,2020-04-23T00:00:00Z,Severe acute respiratory syndrome-related coronavirus,29724,USA: NY,NY,Homo sapiens,oronasopharynx,3/20/2020
MT371037,2020-04-23T00:00:00Z,Severe acute respiratory syndrome-related coronavirus,29694,USA: NY,NY,Homo sapiens,oronasopharynx,3/19/2020
MT371038,2020-04-23T00:00:00Z,Severe acute respiratory syndrome-related coronavirus,29719,USA: NY,NY,Homo sapiens,oronasopharynx,3/19/2020
MT358401,2020-04-20T00:00:00Z,Severe acute respiratory syndrome-related coronavirus,29895,"USA: New Orleans, LA",LA,Homo sapiens,oronasopharynx,4/6/2020
MT358402,2020-04-20T00:00:00Z,Severe acute respiratory syndrome-related coronavirus,29896,"USA: New Orleans, LA",LA,Homo sapiens,oronasopharynx,4/6/2020
MT358644,2020-04-20T00:00:00Z,Severe acute respiratory syndrome-related coronavirus,29842,USA: WA,WA,Homo sapiens,,4/1/2020
MT358645,2020-04-20T00:00:00Z,Severe acute respiratory syndrome-related coronavirus,29831,USA: WA,WA,Homo sapiens,,3/31/2020
MT358646,2020-04-20T00:00:00Z,Severe acute respiratory syndrome-related coronavirus,29862,USA: WA,WA,Homo sapiens,,3/31/2020
MT358647,2020-04-20T00:00:00Z,Severe acute respiratory syndrome-related coronavirus,29872,USA: WA,WA,Homo sapiens,,3/31/2020
MT358648,2020-04-20T00:00:00Z,Severe acute respiratory syndrome-related coronavirus,29831,USA: WA,WA,Homo sapiens,,3/31/2020
MT358649,2020-04-20T00:00:00Z,Severe acute respiratory syndrome-related coronavirus,29902,USA: WA,WA,Homo sapiens,,3/31/2020
MT358650,2020-04-20T00:00:00Z,Severe acute respiratory syndrome-related coronavirus,29829,USA: WA,WA,Homo sapiens,,3/31/2020
MT358651,2020-04-20T00:00:00Z,Severe acute respiratory syndrome-related coronavirus,29841,USA: CT,CT,Homo sapiens,,3/30/2020
MT358652,2020-04-20T00:00:00Z,Severe acute respiratory syndrome-related coronavirus,29828,USA: ID,ID,Homo sapiens,,3/30/2020
MT358653,2020-04-20T00:00:00Z,Severe acute respiratory syndrome-related coronavirus,29847,USA: CT,CT,Homo sapiens,,3/31/2020
MT358654,2020-04-20T00:00:00Z,Severe acute respiratory syndrome-related coronavirus,29868,USA: CT,CT,Homo sapiens,,3/31/2020
MT358655,2020-04-20T00:00:00Z,Severe acute respiratory syndrome-related coronavirus,29852,USA: ID,ID,Homo sapiens,,3/30/2020
MT358656,2020-04-20T00:00:00Z,Severe acute respiratory syndrome-related coronavirus,29853,USA: WA,WA,Homo sapiens,,3/31/2020
MT358657,2020-04-20T00:00:00Z,Severe acute respiratory syndrome-related coronavirus,29872,USA: WA,WA,Homo sapiens,,3/31/2020
MT358658,2020-04-20T00:00:00Z,Severe acute respiratory syndrome-related coronavirus,29853,USA: WA,WA,Homo sapiens,,3/31/2020
MT358659,2020-04-20T00:00:00Z,Severe acute respiratory syndrome-related coronavirus,29854,USA: WA,WA,Homo sapiens,,3/31/2020
MT358660,2020-04-20T00:00:00Z,Severe acute respiratory syndrome-related coronavirus,29838,USA: WA,WA,Homo sapiens,,3/31/2020
MT358661,2020-04-20T00:00:00Z,Severe acute respiratory syndrome-related coronavirus,29873,USA: OR,OR,Homo sapiens,,3/31/2020
MT358662,2020-04-20T00:00:00Z,Severe acute respiratory syndrome-related coronavirus,29862,USA: WA,WA,Homo sapiens,,3/31/2020
MT358663,2020-04-20T00:00:00Z,Severe acute respiratory syndrome-related coronavirus,29829,USA: WA,WA,Homo sapiens,,3/31/2020
MT358664,2020-04-20T00:00:00Z,Severe acute respiratory syndrome-related coronavirus,29821,USA: WA,WA,Homo sapiens,,3/31/2020
MT358665,2020-04-20T00:00:00Z,Severe acute respiratory syndrome-related coronavirus,29835,USA: WA,WA,Homo sapiens,,3/31/2020
MT358666,2020-04-20T00:00:00Z,Severe acute respiratory syndrome-related coronavirus,29833,USA: WA,WA,Homo sapiens,,3/31/2020
MT358667,2020-04-20T00:00:00Z,Severe acute respiratory syndrome-related coronavirus,29872,USA: WA,WA,Homo sapiens,,3/30/2020
MT358668,2020-04-20T00:00:00Z,Severe acute respiratory syndrome-related coronavirus,29865,USA: WA,WA,Homo sapiens,,3/31/2020
MT358669,2020-04-20T00:00:00Z,Severe acute respiratory syndrome-related coronavirus,29864,USA: WA,WA,Homo sapiens,,3/29/2020
MT358670,2020-04-20T00:00:00Z,Severe acute respiratory syndrome-related coronavirus,29866,USA: WA,WA,Homo sapiens,,3/31/2020
MT358671,2020-04-20T00:00:00Z,Severe acute respiratory syndrome-related coronavirus,29864,USA: WA,WA,Homo sapiens,,3/30/2020
MT358672,2020-04-20T00:00:00Z,Severe acute respiratory syndrome-related coronavirus,29832,USA: WA,WA,Homo sapiens,,3/30/2020
MT358673,2020-04-20T00:00:00Z,Severe acute respiratory syndrome-related coronavirus,29872,USA: CT,CT,Homo sapiens,,3/30/2020
MT358674,2020-04-20T00:00:00Z,Severe acute respiratory syndrome-related coronavirus,29813,USA: WA,WA,Homo sapiens,,3/26/2020
MT358675,2020-04-20T00:00:00Z,Severe acute respiratory syndrome-related coronavirus,29897,USA: WA,WA,Homo sapiens,,3/26/2020
MT358676,2020-04-20T00:00:00Z,Severe acute respiratory syndrome-related coronavirus,29813,USA: WA,WA,Homo sapiens,,3/26/2020
MT358677,2020-04-20T00:00:00Z,Severe acute respiratory syndrome-related coronavirus,29831,USA: WA,WA,Homo sapiens,,3/26/2020
MT358678,2020-04-20T00:00:00Z,Severe acute respiratory syndrome-related coronavirus,29832,USA: WA,WA,Homo sapiens,,3/27/2020
MT358679,2020-04-20T00:00:00Z,Severe acute respiratory syndrome-related coronavirus,29832,USA: WA,WA,Homo sapiens,,3/26/2020
MT358680,2020-04-20T00:00:00Z,Severe acute respiratory syndrome-related coronavirus,29815,USA: WA,WA,Homo sapiens,,3/26/2020
MT358681,2020-04-20T00:00:00Z,Severe acute respiratory syndrome-related coronavirus,29831,USA: WA,WA,Homo sapiens,,3/26/2020
MT358682,2020-04-20T00:00:00Z,Severe acute respiratory syndrome-related coronavirus,29834,USA: WA,WA,Homo sapiens,,3/26/2020
MT358683,2020-04-20T00:00:00Z,Severe acute respiratory syndrome-related coronavirus,29832,USA: WA,WA,Homo sapiens,,3/25/2020
MT358684,2020-04-20T00:00:00Z,Severe acute respiratory syndrome-related coronavirus,29875,USA: WA,WA,Homo sapiens,,3/25/2020
MT358685,2020-04-20T00:00:00Z,Severe acute respiratory syndrome-related coronavirus,29871,USA: WA,WA,Homo sapiens,,3/26/2020
MT358686,2020-04-20T00:00:00Z,Severe acute respiratory syndrome-related coronavirus,29808,USA: WA,WA,Homo sapiens,,3/26/2020
MT358687,2020-04-20T00:00:00Z,Severe acute respiratory syndrome-related coronavirus,29866,USA: WA,WA,Homo sapiens,,3/26/2020
MT358688,2020-04-20T00:00:00Z,Severe acute respiratory syndrome-related coronavirus,29851,USA: WA,WA,Homo sapiens,,3/26/2020
MT358689,2020-04-20T00:00:00Z,Severe acute respiratory syndrome-related coronavirus,29833,USA: WA,WA,Homo sapiens,,3/26/2020
MT358690,2020-04-20T00:00:00Z,Severe acute respiratory syndrome-related coronavirus,29862,USA: WA,WA,Homo sapiens,,3/26/2020
MT358691,2020-04-20T00:00:00Z,Severe acute respiratory syndrome-related coronavirus,29835,USA: WA,WA,Homo sapiens,,3/27/2020
MT358692,2020-04-20T00:00:00Z,Severe acute respiratory syndrome-related coronavirus,29832,USA: WA,WA,Homo sapiens,,3/25/2020
MT358693,2020-04-20T00:00:00Z,Severe acute respiratory syndrome-related coronavirus,29873,USA: CT,CT,Homo sapiens,,3/25/2020
MT358694,2020-04-20T00:00:00Z,Severe acute respiratory syndrome-related coronavirus,29883,USA: WA,WA,Homo sapiens,,3/26/2020
MT358695,2020-04-20T00:00:00Z,Severe acute respiratory syndrome-related coronavirus,29892,USA: WA,WA,Homo sapiens,,3/26/2020
MT358696,2020-04-20T00:00:00Z,Severe acute respiratory syndrome-related coronavirus,29866,USA: WA,WA,Homo sapiens,,3/26/2020
MT358697,2020-04-20T00:00:00Z,Severe acute respiratory syndrome-related coronavirus,29813,USA: WA,WA,Homo sapiens,,3/26/2020
MT358698,2020-04-20T00:00:00Z,Severe acute respiratory syndrome-related coronavirus,29860,USA: WA,WA,Homo sapiens,,3/25/2020
MT358699,2020-04-20T00:00:00Z,Severe acute respiratory syndrome-related coronavirus,29833,USA: WA,WA,Homo sapiens,,3/26/2020
MT358700,2020-04-20T00:00:00Z,Severe acute respiratory syndrome-related coronavirus,29851,USA: WA,WA,Homo sapiens,,3/26/2020
MT358701,2020-04-20T00:00:00Z,Severe acute respiratory syndrome-related coronavirus,29842,USA: WA,WA,Homo sapiens,,3/25/2020
MT358702,2020-04-20T00:00:00Z,Severe acute respiratory syndrome-related coronavirus,29889,USA: WA,WA,Homo sapiens,,3/27/2020
MT358703,2020-04-20T00:00:00Z,Severe acute respiratory syndrome-related coronavirus,29855,USA: ID,ID,Homo sapiens,,3/25/2020
MT358704,2020-04-20T00:00:00Z,Severe acute respiratory syndrome-related coronavirus,29901,USA: ID,ID,Homo sapiens,,3/29/2020
MT358705,2020-04-20T00:00:00Z,Severe acute respiratory syndrome-related coronavirus,29910,USA: ID,ID,Homo sapiens,,3/29/2020
MT358706,2020-04-20T00:00:00Z,Severe acute respiratory syndrome-related coronavirus,29873,USA: WA,WA,Homo sapiens,,3/31/2020
MT358707,2020-04-20T00:00:00Z,Severe acute respiratory syndrome-related coronavirus,29813,USA: WA,WA,Homo sapiens,,3/31/2020
MT358708,2020-04-20T00:00:00Z,Severe acute respiratory syndrome-related coronavirus,29720,USA: WA,WA,Homo sapiens,,3/27/2020
MT358709,2020-04-20T00:00:00Z,Severe acute respiratory syndrome-related coronavirus,29834,USA: ID,ID,Homo sapiens,,3/26/2020
MT358710,2020-04-20T00:00:00Z,Severe acute respiratory syndrome-related coronavirus,29869,USA: WA,WA,Homo sapiens,,3/27/2020
MT358711,2020-04-20T00:00:00Z,Severe acute respiratory syndrome-related coronavirus,29844,USA: WA,WA,Homo sapiens,,3/27/2020
MT358712,2020-04-20T00:00:00Z,Severe acute respiratory syndrome-related coronavirus,29833,USA: WA,WA,Homo sapiens,,3/27/2020
MT358713,2020-04-20T00:00:00Z,Severe acute respiratory syndrome-related coronavirus,29835,USA: WA,WA,Homo sapiens,,3/27/2020
MT358714,2020-04-20T00:00:00Z,Severe acute respiratory syndrome-related coronavirus,29826,USA: WA,WA,Homo sapiens,,3/27/2020
MT358715,2020-04-20T00:00:00Z,Severe acute respiratory syndrome-related coronavirus,29901,USA: WA,WA,Homo sapiens,,3/27/2020
MT358716,2020-04-20T00:00:00Z,Severe acute respiratory syndrome-related coronavirus,29920,USA: WA,WA,Homo sapiens,,3/27/2020
MT358717,2020-04-20T00:00:00Z,Severe acute respiratory syndrome-related coronavirus,29847,USA: WA,WA,Homo sapiens,,3/27/2020
MT358718,2020-04-20T00:00:00Z,Severe acute respiratory syndrome-related coronavirus,29903,USA: WA,WA,Homo sapiens,,3/27/2020
MT358719,2020-04-20T00:00:00Z,Severe acute respiratory syndrome-related coronavirus,29863,USA: WA,WA,Homo sapiens,,3/27/2020
MT358720,2020-04-20T00:00:00Z,Severe acute respiratory syndrome-related coronavirus,29776,USA: WA,WA,Homo sapiens,,3/27/2020
MT358721,2020-04-20T00:00:00Z,Severe acute respiratory syndrome-related coronavirus,29891,USA: WA,WA,Homo sapiens,,3/27/2020
MT358722,2020-04-20T00:00:00Z,Severe acute respiratory syndrome-related coronavirus,29902,USA: WA,WA,Homo sapiens,,3/27/2020
MT358723,2020-04-20T00:00:00Z,Severe acute respiratory syndrome-related coronavirus,29867,USA: WA,WA,Homo sapiens,,3/27/2020
MT358724,2020-04-20T00:00:00Z,Severe acute respiratory syndrome-related coronavirus,29833,USA: WA,WA,Homo sapiens,,3/27/2020
MT358725,2020-04-20T00:00:00Z,Severe acute respiratory syndrome-related coronavirus,29826,USA: WA,WA,Homo sapiens,,3/27/2020
MT358726,2020-04-20T00:00:00Z,Severe acute respiratory syndrome-related coronavirus,29859,USA: WA,WA,Homo sapiens,,3/27/2020
MT358727,2020-04-20T00:00:00Z,Severe acute respiratory syndrome-related coronavirus,29651,USA: WA,WA,Homo sapiens,,3/30/2020
MT358728,2020-04-20T00:00:00Z,Severe acute respiratory syndrome-related coronavirus,29835,USA: WA,WA,Homo sapiens,,3/31/2020
MT358729,2020-04-20T00:00:00Z,Severe acute respiratory syndrome-related coronavirus,29823,USA: WA,WA,Homo sapiens,,3/31/2020
MT358730,2020-04-20T00:00:00Z,Severe acute respiratory syndrome-related coronavirus,29868,USA: WA,WA,Homo sapiens,,3/29/2020
MT358731,2020-04-20T00:00:00Z,Severe acute respiratory syndrome-related coronavirus,29815,USA: WA,WA,Homo sapiens,,3/29/2020
MT358732,2020-04-20T00:00:00Z,Severe acute respiratory syndrome-related coronavirus,29828,USA: WA,WA,Homo sapiens,,3/29/2020
MT358733,2020-04-20T00:00:00Z,Severe acute respiratory syndrome-related coronavirus,29848,USA: WA,WA,Homo sapiens,,3/29/2020
MT358734,2020-04-20T00:00:00Z,Severe acute respiratory syndrome-related coronavirus,29919,USA: WA,WA,Homo sapiens,,3/29/2020
MT358735,2020-04-20T00:00:00Z,Severe acute respiratory syndrome-related coronavirus,29872,USA: WA,WA,Homo sapiens,,3/28/2020
MT358736,2020-04-20T00:00:00Z,Severe acute respiratory syndrome-related coronavirus,29901,USA: WA,WA,Homo sapiens,,3/29/2020
MT358737,2020-04-20T00:00:00Z,Severe acute respiratory syndrome-related coronavirus,29842,USA: WA,WA,Homo sapiens,,3/28/2020
MT358738,2020-04-20T00:00:00Z,Severe acute respiratory syndrome-related coronavirus,29853,USA: WA,WA,Homo sapiens,,3/28/2020
MT358739,2020-04-20T00:00:00Z,Severe acute respiratory syndrome-related coronavirus,29872,USA: WA,WA,Homo sapiens,,3/29/2020
MT358740,2020-04-20T00:00:00Z,Severe acute respiratory syndrome-related coronavirus,29895,USA: WA,WA,Homo sapiens,,3/28/2020
MT358741,2020-04-20T00:00:00Z,Severe acute respiratory syndrome-related coronavirus,29875,USA: WA,WA,Homo sapiens,,3/29/2020
MT358742,2020-04-20T00:00:00Z,Severe acute respiratory syndrome-related coronavirus,29888,USA: WA,WA,Homo sapiens,,3/29/2020
MT358743,2020-04-20T00:00:00Z,Severe acute respiratory syndrome-related coronavirus,29877,USA: WA,WA,Homo sapiens,,4/1/2020
MT358744,2020-04-20T00:00:00Z,Severe acute respiratory syndrome-related coronavirus,29897,USA: WA,WA,Homo sapiens,,4/1/2020
MT358745,2020-04-20T00:00:00Z,Severe acute respiratory syndrome-related coronavirus,29838,USA: ID,ID,Homo sapiens,,3/29/2020
MT358746,2020-04-20T00:00:00Z,Severe acute respiratory syndrome-related coronavirus,29838,USA: WA,WA,Homo sapiens,,3/31/2020
MT358747,2020-04-20T00:00:00Z,Severe acute respiratory syndrome-related coronavirus,29871,USA: WA,WA,Homo sapiens,,3/31/2020
MT358748,2020-04-20T00:00:00Z,Severe acute respiratory syndrome-related coronavirus,29878,USA: WA,WA,Homo sapiens,,3/31/2020
MT350236,2020-04-17T00:00:00Z,Severe acute respiratory syndrome-related coronavirus,29865,USA: VA,VA,Homo sapiens,,2020-03
MT350237,2020-04-17T00:00:00Z,Severe acute respiratory syndrome-related coronavirus,29866,USA: VA,VA,Homo sapiens,,2020-03
MT350238,2020-04-17T00:00:00Z,Severe acute respiratory syndrome-related coronavirus,29826,USA: VA,VA,Homo sapiens,,2020-03
MT350239,2020-04-17T00:00:00Z,Severe acute respiratory syndrome-related coronavirus,29897,USA: VA,VA,Homo sapiens,,2020-03
MT350240,2020-04-17T00:00:00Z,Severe acute respiratory syndrome-related coronavirus,29899,USA: VA,VA,Homo sapiens,,2020-03
MT350241,2020-04-17T00:00:00Z,Severe acute respiratory syndrome-related coronavirus,29857,USA: VA,VA,Homo sapiens,,2020-03
MT350242,2020-04-17T00:00:00Z,Severe acute respiratory syndrome-related coronavirus,29865,USA: VA,VA,Homo sapiens,,2020-03
MT350243,2020-04-17T00:00:00Z,Severe acute respiratory syndrome-related coronavirus,29856,USA: VA,VA,Homo sapiens,,2020-03
MT350244,2020-04-17T00:00:00Z,Severe acute respiratory syndrome-related coronavirus,29870,USA: VA,VA,Homo sapiens,,2020-03
MT350245,2020-04-17T00:00:00Z,Severe acute respiratory syndrome-related coronavirus,29897,USA: VA,VA,Homo sapiens,,2020-03
MT350246,2020-04-17T00:00:00Z,Severe acute respiratory syndrome-related coronavirus,29851,USA: VA,VA,Homo sapiens,,2020-04
MT350247,2020-04-17T00:00:00Z,Severe acute respiratory syndrome-related coronavirus,29883,USA: VA,VA,Homo sapiens,,2020-03
MT350248,2020-04-17T00:00:00Z,Severe acute respiratory syndrome-related coronavirus,29865,USA: VA,VA,Homo sapiens,,2020-03
MT350249,2020-04-17T00:00:00Z,Severe acute respiratory syndrome-related coronavirus,29891,USA: VA,VA,Homo sapiens,,2020-03
MT350250,2020-04-17T00:00:00Z,Severe acute respiratory syndrome-related coronavirus,29865,USA: VA,VA,Homo sapiens,,2020-03
MT350251,2020-04-17T00:00:00Z,Severe acute respiratory syndrome-related coronavirus,29887,USA: VA,VA,Homo sapiens,,2020-03
MT350252,2020-04-17T00:00:00Z,Severe acute respiratory syndrome-related coronavirus,29894,USA: VA,VA,Homo sapiens,,2020-03
MT350253,2020-04-17T00:00:00Z,Severe acute respiratory syndrome-related coronavirus,29899,USA: VA,VA,Homo sapiens,,2020-04
MT350254,2020-04-17T00:00:00Z,Severe acute respiratory syndrome-related coronavirus,29902,USA: VA,VA,Homo sapiens,,2020-04
MT350255,2020-04-17T00:00:00Z,Severe acute respiratory syndrome-related coronavirus,29858,USA: VA,VA,Homo sapiens,,2020-04
MT350256,2020-04-17T00:00:00Z,Severe acute respiratory syndrome-related coronavirus,29835,USA: VA,VA,Homo sapiens,,2020-04
MT350257,2020-04-17T00:00:00Z,Severe acute respiratory syndrome-related coronavirus,29860,USA: VA,VA,Homo sapiens,,2020-04
MT350263,2020-04-17T00:00:00Z,Severe acute respiratory syndrome-related coronavirus,29882,USA: WA,WA,Homo sapiens,oronasopharynx,3/19/2020
MT350264,2020-04-17T00:00:00Z,Severe acute respiratory syndrome-related coronavirus,29882,USA: WA,WA,Homo sapiens,oronasopharynx,3/19/2020
MT350265,2020-04-17T00:00:00Z,Severe acute respiratory syndrome-related coronavirus,29882,USA: WA,WA,Homo sapiens,oronasopharynx,3/19/2020
MT350266,2020-04-17T00:00:00Z,Severe acute respiratory syndrome-related coronavirus,29882,USA: WA,WA,Homo sapiens,oronasopharynx,3/19/2020
MT350267,2020-04-17T00:00:00Z,Severe acute respiratory syndrome-related coronavirus,29882,USA: WA,WA,Homo sapiens,oronasopharynx,3/19/2020
MT350268,2020-04-17T00:00:00Z,Severe acute respiratory syndrome-related coronavirus,29882,USA: WA,WA,Homo sapiens,oronasopharynx,3/19/2020
MT350269,2020-04-17T00:00:00Z,Severe acute respiratory syndrome-related coronavirus,29882,USA: WA,WA,Homo sapiens,oronasopharynx,3/20/2020
MT350270,2020-04-17T00:00:00Z,Severe acute respiratory syndrome-related coronavirus,29882,USA: WA,WA,Homo sapiens,oronasopharynx,3/19/2020
MT350271,2020-04-17T00:00:00Z,Severe acute respiratory syndrome-related coronavirus,29882,USA: WA,WA,Homo sapiens,oronasopharynx,3/20/2020
MT350272,2020-04-17T00:00:00Z,Severe acute respiratory syndrome-related coronavirus,29882,USA: WA,WA,Homo sapiens,oronasopharynx,3/19/2020
MT350273,2020-04-17T00:00:00Z,Severe acute respiratory syndrome-related coronavirus,29882,USA: WA,WA,Homo sapiens,oronasopharynx,3/19/2020
MT350274,2020-04-17T00:00:00Z,Severe acute respiratory syndrome-related coronavirus,29882,USA: WA,WA,Homo sapiens,oronasopharynx,3/19/2020
MT350275,2020-04-17T00:00:00Z,Severe acute respiratory syndrome-related coronavirus,29882,USA: WA,WA,Homo sapiens,oronasopharynx,3/19/2020
MT350276,2020-04-17T00:00:00Z,Severe acute respiratory syndrome-related coronavirus,29882,USA: WA,WA,Homo sapiens,oronasopharynx,3/19/2020
MT350277,2020-04-17T00:00:00Z,Severe acute respiratory syndrome-related coronavirus,29882,USA: WA,WA,Homo sapiens,oronasopharynx,3/19/2020
MT350278,2020-04-17T00:00:00Z,Severe acute respiratory syndrome-related coronavirus,29882,USA: WA,WA,Homo sapiens,oronasopharynx,3/19/2020
MT350279,2020-04-17T00:00:00Z,Severe acute respiratory syndrome-related coronavirus,29882,USA: WA,WA,Homo sapiens,oronasopharynx,3/19/2020
MT350280,2020-04-17T00:00:00Z,Severe acute respiratory syndrome-related coronavirus,29882,USA: WA,WA,Homo sapiens,oronasopharynx,3/19/2020
MT344944,2020-04-16T00:00:00Z,Severe acute respiratory syndrome-related coronavirus,29882,USA: CT,CT,Homo sapiens,oronasopharynx,3/8/2020
MT344945,2020-04-16T00:00:00Z,Severe acute respiratory syndrome-related coronavirus,29882,USA: GA,GA,Homo sapiens,oronasopharynx,3/7/2020
MT344946,2020-04-16T00:00:00Z,Severe acute respiratory syndrome-related coronavirus,29882,USA: GA,GA,Homo sapiens,oronasopharynx,2020-03
MT344947,2020-04-16T00:00:00Z,Severe acute respiratory syndrome-related coronavirus,29882,USA: GA,GA,Homo sapiens,oronasopharynx,2020-03
MT344948,2020-04-16T00:00:00Z,Severe acute respiratory syndrome-related coronavirus,29882,USA: HI,HI,Homo sapiens,oronasopharynx,3/5/2020
MT344949,2020-04-16T00:00:00Z,Severe acute respiratory syndrome-related coronavirus,29882,USA: HI,HI,Homo sapiens,oronasopharynx,3/7/2020
MT344950,2020-04-16T00:00:00Z,Severe acute respiratory syndrome-related coronavirus,29861,USA: IN,IN,Homo sapiens,oronasopharynx,3/7/2020
MT344951,2020-04-16T00:00:00Z,Severe acute respiratory syndrome-related coronavirus,29861,USA: IN,IN,Homo sapiens,,3/8/2020
MT344952,2020-04-16T00:00:00Z,Severe acute respiratory syndrome-related coronavirus,29861,USA: IN,IN,Homo sapiens,oronasopharynx,3/9/2020
MT344953,2020-04-16T00:00:00Z,Severe acute respiratory syndrome-related coronavirus,29882,USA: MD,MD,Homo sapiens,oronasopharynx,3/4/2020
MT344954,2020-04-16T00:00:00Z,Severe acute respiratory syndrome-related coronavirus,29882,USA: MN,MN,Homo sapiens,oronasopharynx,3/5/2020
MT344955,2020-04-16T00:00:00Z,Severe acute respiratory syndrome-related coronavirus,29876,USA: OH,OH,Homo sapiens,oronasopharynx,3/8/2020
MT344956,2020-04-16T00:00:00Z,Severe acute respiratory syndrome-related coronavirus,29876,USA: OH,OH,Homo sapiens,oronasopharynx,3/7/2020
MT344957,2020-04-16T00:00:00Z,Severe acute respiratory syndrome-related coronavirus,29876,USA: PA,PA,Homo sapiens,"lung, oronasopharynx",3/7/2020
MT344958,2020-04-16T00:00:00Z,Severe acute respiratory syndrome-related coronavirus,29876,USA: PA,PA,Homo sapiens,oronasopharynx,3/7/2020
MT344959,2020-04-16T00:00:00Z,Severe acute respiratory syndrome-related coronavirus,29882,USA: PA,PA,Homo sapiens,oronasopharynx,3/8/2020
MT344960,2020-04-16T00:00:00Z,Severe acute respiratory syndrome-related coronavirus,29882,USA: RI,RI,Homo sapiens,oronasopharynx,3/9/2020
MT344961,2020-04-16T00:00:00Z,Severe acute respiratory syndrome-related coronavirus,29879,USA: NV,NV,Homo sapiens,oronasopharynx,3/7/2020
MT344962,2020-04-16T00:00:00Z,Severe acute respiratory syndrome-related coronavirus,29877,USA: MN,MN,Homo sapiens,oronasopharynx,3/7/2020
MT344963,2020-04-16T00:00:00Z,Severe acute respiratory syndrome-related coronavirus,29882,USA: NC,NC,Homo sapiens,,3/8/2020
MT345798,2020-04-16T00:00:00Z,Severe acute respiratory syndrome-related coronavirus,29844,USA: WA,WA,Homo sapiens,,3/24/2020
MT345799,2020-04-16T00:00:00Z,Severe acute respiratory syndrome-related coronavirus,29608,USA: WA,WA,Homo sapiens,,3/23/2020
MT345800,2020-04-16T00:00:00Z,Severe acute respiratory syndrome-related coronavirus,29689,USA: WA,WA,Homo sapiens,,3/25/2020
MT345801,2020-04-16T00:00:00Z,Severe acute respiratory syndrome-related coronavirus,29818,USA: WA,WA,Homo sapiens,,3/25/2020
MT345802,2020-04-16T00:00:00Z,Severe acute respiratory syndrome-related coronavirus,29875,USA,,Homo sapiens,,3/21/2020
MT345803,2020-04-16T00:00:00Z,Severe acute respiratory syndrome-related coronavirus,29869,USA: ID,ID,Homo sapiens,,3/21/2020
MT345804,2020-04-16T00:00:00Z,Severe acute respiratory syndrome-related coronavirus,29594,USA: WA,WA,Homo sapiens,,3/24/2020
MT345805,2020-04-16T00:00:00Z,Severe acute respiratory syndrome-related coronavirus,29884,USA: WA,WA,Homo sapiens,,3/23/2020
MT345806,2020-04-16T00:00:00Z,Severe acute respiratory syndrome-related coronavirus,29898,USA: WA,WA,Homo sapiens,,3/25/2020
MT345807,2020-04-16T00:00:00Z,Severe acute respiratory syndrome-related coronavirus,29481,USA: WA,WA,Homo sapiens,,3/25/2020
MT345808,2020-04-16T00:00:00Z,Severe acute respiratory syndrome-related coronavirus,29687,USA: WA,WA,Homo sapiens,,3/25/2020
MT345809,2020-04-16T00:00:00Z,Severe acute respiratory syndrome-related coronavirus,29863,USA: WA,WA,Homo sapiens,,3/25/2020
MT345810,2020-04-16T00:00:00Z,Severe acute respiratory syndrome-related coronavirus,29417,USA: WA,WA,Homo sapiens,,3/25/2020
MT345811,2020-04-16T00:00:00Z,Severe acute respiratory syndrome-related coronavirus,29850,USA: WA,WA,Homo sapiens,,3/24/2020
MT345812,2020-04-16T00:00:00Z,Severe acute respiratory syndrome-related coronavirus,29762,USA: WA,WA,Homo sapiens,,3/25/2020
MT345813,2020-04-16T00:00:00Z,Severe acute respiratory syndrome-related coronavirus,29445,USA: WA,WA,Homo sapiens,,3/25/2020
MT345814,2020-04-16T00:00:00Z,Severe acute respiratory syndrome-related coronavirus,29733,USA: WA,WA,Homo sapiens,,3/24/2020
MT345815,2020-04-16T00:00:00Z,Severe acute respiratory syndrome-related coronavirus,29862,USA: WA,WA,Homo sapiens,,3/24/2020
MT345816,2020-04-16T00:00:00Z,Severe acute respiratory syndrome-related coronavirus,29861,USA,,Homo sapiens,,3/23/2020
MT345817,2020-04-16T00:00:00Z,Severe acute respiratory syndrome-related coronavirus,29861,USA: ID,ID,Homo sapiens,,3/24/2020
MT345818,2020-04-16T00:00:00Z,Severe acute respiratory syndrome-related coronavirus,29625,USA: WA,WA,Homo sapiens,,3/25/2020
MT345819,2020-04-16T00:00:00Z,Severe acute respiratory syndrome-related coronavirus,29900,USA: WA,WA,Homo sapiens,,3/25/2020
MT345820,2020-04-16T00:00:00Z,Severe acute respiratory syndrome-related coronavirus,29537,USA: WA,WA,Homo sapiens,,3/25/2020
MT345821,2020-04-16T00:00:00Z,Severe acute respiratory syndrome-related coronavirus,29617,USA: WA,WA,Homo sapiens,,3/25/2020
MT345822,2020-04-16T00:00:00Z,Severe acute respiratory syndrome-related coronavirus,29738,USA: WA,WA,Homo sapiens,,3/25/2020
MT345823,2020-04-16T00:00:00Z,Severe acute respiratory syndrome-related coronavirus,29817,USA: WA,WA,Homo sapiens,,3/25/2020
MT345824,2020-04-16T00:00:00Z,Severe acute respiratory syndrome-related coronavirus,29792,USA: WA,WA,Homo sapiens,,3/25/2020
MT345825,2020-04-16T00:00:00Z,Severe acute respiratory syndrome-related coronavirus,29875,USA: WA,WA,Homo sapiens,,3/25/2020
MT345826,2020-04-16T00:00:00Z,Severe acute respiratory syndrome-related coronavirus,29839,USA: WA,WA,Homo sapiens,,3/25/2020
MT345827,2020-04-16T00:00:00Z,Severe acute respiratory syndrome-related coronavirus,29872,USA: WA,WA,Homo sapiens,,3/25/2020
MT345828,2020-04-16T00:00:00Z,Severe acute respiratory syndrome-related coronavirus,29853,USA: ID,ID,Homo sapiens,,3/23/2020
MT345829,2020-04-16T00:00:00Z,Severe acute respiratory syndrome-related coronavirus,29875,USA: WA,WA,Homo sapiens,,3/25/2020
MT345830,2020-04-16T00:00:00Z,Severe acute respiratory syndrome-related coronavirus,29857,USA: WA,WA,Homo sapiens,,3/25/2020
MT345831,2020-04-16T00:00:00Z,Severe acute respiratory syndrome-related coronavirus,29740,USA: ID,ID,Homo sapiens,,3/23/2020
MT345832,2020-04-16T00:00:00Z,Severe acute respiratory syndrome-related coronavirus,29869,USA: WA,WA,Homo sapiens,,3/25/2020
MT345833,2020-04-16T00:00:00Z,Severe acute respiratory syndrome-related coronavirus,29893,USA: WA,WA,Homo sapiens,,3/25/2020
MT345834,2020-04-16T00:00:00Z,Severe acute respiratory syndrome-related coronavirus,29901,USA: WA,WA,Homo sapiens,,3/26/2020
MT345835,2020-04-16T00:00:00Z,Severe acute respiratory syndrome-related coronavirus,29878,USA: WA,WA,Homo sapiens,,3/25/2020
MT345836,2020-04-16T00:00:00Z,Severe acute respiratory syndrome-related coronavirus,29871,USA: WA,WA,Homo sapiens,,3/23/2020
MT345837,2020-04-16T00:00:00Z,Severe acute respiratory syndrome-related coronavirus,29336,USA: WA,WA,Homo sapiens,,3/23/2020
MT345838,2020-04-16T00:00:00Z,Severe acute respiratory syndrome-related coronavirus,29659,USA: WA,WA,Homo sapiens,,3/23/2020
MT345839,2020-04-16T00:00:00Z,Severe acute respiratory syndrome-related coronavirus,29591,USA: WA,WA,Homo sapiens,,3/23/2020
MT345840,2020-04-16T00:00:00Z,Severe acute respiratory syndrome-related coronavirus,29893,USA: WA,WA,Homo sapiens,,3/24/2020
MT345841,2020-04-16T00:00:00Z,Severe acute respiratory syndrome-related coronavirus,29882,USA: WA,WA,Homo sapiens,,3/24/2020
MT345842,2020-04-16T00:00:00Z,Severe acute respiratory syndrome-related coronavirus,29696,USA: WA,WA,Homo sapiens,,3/24/2020
MT345843,2020-04-16T00:00:00Z,Severe acute respiratory syndrome-related coronavirus,29785,USA: WA,WA,Homo sapiens,,3/24/2020
MT345844,2020-04-16T00:00:00Z,Severe acute respiratory syndrome-related coronavirus,29776,USA: WA,WA,Homo sapiens,,3/24/2020
MT345845,2020-04-16T00:00:00Z,Severe acute respiratory syndrome-related coronavirus,29816,USA: WA,WA,Homo sapiens,,3/24/2020
MT345846,2020-04-16T00:00:00Z,Severe acute respiratory syndrome-related coronavirus,29869,USA: WA,WA,Homo sapiens,,3/24/2020
MT345847,2020-04-16T00:00:00Z,Severe acute respiratory syndrome-related coronavirus,29863,USA: WA,WA,Homo sapiens,,3/24/2020
MT345848,2020-04-16T00:00:00Z,Severe acute respiratory syndrome-related coronavirus,29840,USA: WA,WA,Homo sapiens,,3/24/2020
MT345849,2020-04-16T00:00:00Z,Severe acute respiratory syndrome-related coronavirus,29871,USA: WA,WA,Homo sapiens,,3/24/2020
MT345850,2020-04-16T00:00:00Z,Severe acute respiratory syndrome-related coronavirus,29808,USA: WA,WA,Homo sapiens,,3/24/2020
MT345851,2020-04-16T00:00:00Z,Severe acute respiratory syndrome-related coronavirus,29637,USA: WA,WA,Homo sapiens,,3/25/2020
MT345852,2020-04-16T00:00:00Z,Severe acute respiratory syndrome-related coronavirus,29833,USA: WA,WA,Homo sapiens,,3/25/2020
MT345853,2020-04-16T00:00:00Z,Severe acute respiratory syndrome-related coronavirus,29850,USA: WA,WA,Homo sapiens,,3/25/2020
MT345854,2020-04-16T00:00:00Z,Severe acute respiratory syndrome-related coronavirus,29860,USA: WA,WA,Homo sapiens,,3/25/2020
MT345855,2020-04-16T00:00:00Z,Severe acute respiratory syndrome-related coronavirus,29859,USA: WA,WA,Homo sapiens,,3/25/2020
MT345856,2020-04-16T00:00:00Z,Severe acute respiratory syndrome-related coronavirus,29872,USA: WA,WA,Homo sapiens,,3/25/2020
MT345857,2020-04-16T00:00:00Z,Severe acute respiratory syndrome-related coronavirus,29641,USA: ID,ID,Homo sapiens,,3/24/2020
MT345858,2020-04-16T00:00:00Z,Severe acute respiratory syndrome-related coronavirus,29882,USA: ID,ID,Homo sapiens,,3/23/2020
MT345859,2020-04-16T00:00:00Z,Severe acute respiratory syndrome-related coronavirus,29814,USA: WA,WA,Homo sapiens,,3/25/2020
MT345860,2020-04-16T00:00:00Z,Severe acute respiratory syndrome-related coronavirus,29779,USA: WA,WA,Homo sapiens,,3/25/2020
MT345861,2020-04-16T00:00:00Z,Severe acute respiratory syndrome-related coronavirus,29867,USA: WA,WA,Homo sapiens,,3/25/2020
MT345862,2020-04-16T00:00:00Z,Severe acute respiratory syndrome-related coronavirus,29888,USA: WA,WA,Homo sapiens,,3/25/2020
MT345863,2020-04-16T00:00:00Z,Severe acute respiratory syndrome-related coronavirus,29478,USA: ID,ID,Homo sapiens,,3/23/2020
MT345864,2020-04-16T00:00:00Z,Severe acute respiratory syndrome-related coronavirus,29295,USA: ID,ID,Homo sapiens,,3/20/2020
MT345865,2020-04-16T00:00:00Z,Severe acute respiratory syndrome-related coronavirus,29868,USA: WA,WA,Homo sapiens,,3/25/2020
MT345866,2020-04-16T00:00:00Z,Severe acute respiratory syndrome-related coronavirus,29831,USA: ID,ID,Homo sapiens,,3/23/2020
MT345867,2020-04-16T00:00:00Z,Severe acute respiratory syndrome-related coronavirus,29871,USA: WA,WA,Homo sapiens,,3/23/2020
MT345868,2020-04-16T00:00:00Z,Severe acute respiratory syndrome-related coronavirus,29889,USA: CT,CT,Homo sapiens,,3/30/2020
MT345869,2020-04-16T00:00:00Z,Severe acute respiratory syndrome-related coronavirus,29904,USA: CT,CT,Homo sapiens,,3/30/2020
MT345870,2020-04-16T00:00:00Z,Severe acute respiratory syndrome-related coronavirus,29840,USA: CT,CT,Homo sapiens,,3/30/2020
MT345871,2020-04-16T00:00:00Z,Severe acute respiratory syndrome-related coronavirus,29903,USA: ID,ID,Homo sapiens,,3/27/2020
MT345872,2020-04-16T00:00:00Z,Severe acute respiratory syndrome-related coronavirus,29872,USA: ID,ID,Homo sapiens,,3/27/2020
MT345873,2020-04-16T00:00:00Z,Severe acute respiratory syndrome-related coronavirus,29907,USA: CT,CT,Homo sapiens,,3/30/2020
MT345874,2020-04-16T00:00:00Z,Severe acute respiratory syndrome-related coronavirus,29831,USA: CT,CT,Homo sapiens,,3/30/2020
MT345875,2020-04-16T00:00:00Z,Severe acute respiratory syndrome-related coronavirus,29898,USA: ID,ID,Homo sapiens,,3/28/2020
MT345876,2020-04-16T00:00:00Z,Severe acute respiratory syndrome-related coronavirus,29825,USA: ID,ID,Homo sapiens,,3/28/2020
MT345877,2020-04-16T00:00:00Z,Severe acute respiratory syndrome-related coronavirus,29903,USA: ID,ID,Homo sapiens,,3/27/2020
MT345878,2020-04-16T00:00:00Z,Severe acute respiratory syndrome-related coronavirus,29868,USA: OR,OR,Homo sapiens,,3/29/2020
MT345879,2020-04-16T00:00:00Z,Severe acute respiratory syndrome-related coronavirus,29847,USA: ID,ID,Homo sapiens,,3/28/2020
MT345880,2020-04-16T00:00:00Z,Severe acute respiratory syndrome-related coronavirus,29871,USA: ID,ID,Homo sapiens,,3/28/2020
MT345881,2020-04-16T00:00:00Z,Severe acute respiratory syndrome-related coronavirus,29835,USA: WA,WA,Homo sapiens,,3/30/2020
MT345882,2020-04-16T00:00:00Z,Severe acute respiratory syndrome-related coronavirus,29893,USA: WA,WA,Homo sapiens,,3/31/2020
MT345883,2020-04-16T00:00:00Z,Severe acute respiratory syndrome-related coronavirus,29833,USA: WA,WA,Homo sapiens,,3/31/2020
MT345884,2020-04-16T00:00:00Z,Severe acute respiratory syndrome-related coronavirus,29788,USA: ID,ID,Homo sapiens,,3/29/2020
MT345885,2020-04-16T00:00:00Z,Severe acute respiratory syndrome-related coronavirus,29891,USA: ID,ID,Homo sapiens,,3/30/2020
MT345886,2020-04-16T00:00:00Z,Severe acute respiratory syndrome-related coronavirus,29876,USA: ID,ID,Homo sapiens,,3/27/2020
MT345887,2020-04-16T00:00:00Z,Severe acute respiratory syndrome-related coronavirus,29876,USA: ID,ID,Homo sapiens,,3/29/2020
MT345888,2020-04-16T00:00:00Z,Severe acute respiratory syndrome-related coronavirus,29882,USA: ID,ID,Homo sapiens,,3/29/2020
MT339039,2020-04-15T00:00:00Z,Severe acute respiratory syndrome-related coronavirus,29896,"USA: Maricopa County, Arizona",AZ,Homo sapiens,oronasopharynx,3/17/2020
MT339040,2020-04-15T00:00:00Z,Severe acute respiratory syndrome-related coronavirus,29807,"USA: Maricopa County, Arizona",AZ,Homo sapiens,oronasopharynx,3/16/2020
MT339041,2020-04-15T00:00:00Z,Severe acute respiratory syndrome-related coronavirus,29903,"USA: Maricopa County, Arizona",AZ,Homo sapiens,oronasopharynx,3/17/2020
MT334522,2020-04-14T00:00:00Z,Severe acute respiratory syndrome-related coronavirus,29798,USA: UT,UT,Homo sapiens,,3/5/2020
MT334523,2020-04-14T00:00:00Z,Severe acute respiratory syndrome-related coronavirus,29901,USA: UT,UT,Homo sapiens,,3/5/2020
MT334524,2020-04-14T00:00:00Z,Severe acute respiratory syndrome-related coronavirus,29864,USA: UT,UT,Homo sapiens,,3/5/2020
MT334525,2020-04-14T00:00:00Z,Severe acute respiratory syndrome-related coronavirus,29900,USA: UT,UT,Homo sapiens,,3/7/2020
MT334526,2020-04-14T00:00:00Z,Severe acute respiratory syndrome-related coronavirus,29896,USA: UT,UT,Homo sapiens,,3/7/2020
MT334527,2020-04-14T00:00:00Z,Severe acute respiratory syndrome-related coronavirus,29813,USA: UT,UT,Homo sapiens,,3/11/2020
MT334528,2020-04-14T00:00:00Z,Severe acute respiratory syndrome-related coronavirus,29865,USA: UT,UT,Homo sapiens,,3/12/2020
MT334529,2020-04-14T00:00:00Z,Severe acute respiratory syndrome-related coronavirus,29903,USA: UT,UT,Homo sapiens,,3/10/2020
MT334530,2020-04-14T00:00:00Z,Severe acute respiratory syndrome-related coronavirus,29899,USA: UT,UT,Homo sapiens,,3/11/2020
MT334531,2020-04-14T00:00:00Z,Severe acute respiratory syndrome-related coronavirus,29864,USA: UT,UT,Homo sapiens,,3/12/2020
MT334532,2020-04-14T00:00:00Z,Severe acute respiratory syndrome-related coronavirus,29875,USA: UT,UT,Homo sapiens,,3/12/2020
MT334533,2020-04-14T00:00:00Z,Severe acute respiratory syndrome-related coronavirus,29902,USA: UT,UT,Homo sapiens,,3/13/2020
MT334534,2020-04-14T00:00:00Z,Severe acute respiratory syndrome-related coronavirus,29895,USA: UT,UT,Homo sapiens,,3/13/2020
MT334535,2020-04-14T00:00:00Z,Severe acute respiratory syndrome-related coronavirus,29900,USA: UT,UT,Homo sapiens,,3/13/2020
MT334536,2020-04-14T00:00:00Z,Severe acute respiratory syndrome-related coronavirus,29899,USA: UT,UT,Homo sapiens,,3/13/2020
MT334537,2020-04-14T00:00:00Z,Severe acute respiratory syndrome-related coronavirus,29901,USA: UT,UT,Homo sapiens,,3/13/2020
MT334538,2020-04-14T00:00:00Z,Severe acute respiratory syndrome-related coronavirus,29903,USA: UT,UT,Homo sapiens,,3/13/2020
MT334539,2020-04-14T00:00:00Z,Severe acute respiratory syndrome-related coronavirus,29862,USA: UT,UT,Homo sapiens,,3/14/2020
MT334540,2020-04-14T00:00:00Z,Severe acute respiratory syndrome-related coronavirus,29901,USA: UT,UT,Homo sapiens,,3/14/2020
MT334541,2020-04-14T00:00:00Z,Severe acute respiratory syndrome-related coronavirus,29902,USA: UT,UT,Homo sapiens,,3/11/2020
MT334542,2020-04-14T00:00:00Z,Severe acute respiratory syndrome-related coronavirus,29903,USA: UT,UT,Homo sapiens,,3/11/2020
MT334543,2020-04-14T00:00:00Z,Severe acute respiratory syndrome-related coronavirus,29864,USA: UT,UT,Homo sapiens,,3/16/2020
MT334544,2020-04-14T00:00:00Z,Severe acute respiratory syndrome-related coronavirus,29903,USA: UT,UT,Homo sapiens,,3/19/2020
MT334545,2020-04-14T00:00:00Z,Severe acute respiratory syndrome-related coronavirus,29861,USA: UT,UT,Homo sapiens,,3/19/2020
MT334546,2020-04-14T00:00:00Z,Severe acute respiratory syndrome-related coronavirus,29899,USA: UT,UT,Homo sapiens,,3/19/2020
MT334547,2020-04-14T00:00:00Z,Severe acute respiratory syndrome-related coronavirus,29903,USA: UT,UT,Homo sapiens,,3/19/2020
MT334548,2020-04-14T00:00:00Z,Severe acute respiratory syndrome-related coronavirus,29899,USA: UT,UT,Homo sapiens,,3/20/2020
MT334549,2020-04-14T00:00:00Z,Severe acute respiratory syndrome-related coronavirus,29864,USA: UT,UT,Homo sapiens,,3/12/2020
MT334550,2020-04-14T00:00:00Z,Severe acute respiratory syndrome-related coronavirus,29890,USA: UT,UT,Homo sapiens,,3/14/2020
MT334551,2020-04-14T00:00:00Z,Severe acute respiratory syndrome-related coronavirus,29863,USA: UT,UT,Homo sapiens,,3/14/2020
MT334552,2020-04-14T00:00:00Z,Severe acute respiratory syndrome-related coronavirus,29788,USA: UT,UT,Homo sapiens,,3/23/2020
MT334553,2020-04-14T00:00:00Z,Severe acute respiratory syndrome-related coronavirus,29863,USA: UT,UT,Homo sapiens,,3/24/2020
MT334554,2020-04-14T00:00:00Z,Severe acute respiratory syndrome-related coronavirus,29797,USA: UT,UT,Homo sapiens,,3/19/2020
MT334555,2020-04-14T00:00:00Z,Severe acute respiratory syndrome-related coronavirus,29806,USA: UT,UT,Homo sapiens,,3/20/2020
MT334556,2020-04-14T00:00:00Z,Severe acute respiratory syndrome-related coronavirus,29847,USA: UT,UT,Homo sapiens,,3/20/2020
MT334557,2020-04-14T00:00:00Z,Severe acute respiratory syndrome-related coronavirus,29840,USA: UT,UT,Homo sapiens,,3/20/2020
MT334558,2020-04-14T00:00:00Z,Severe acute respiratory syndrome-related coronavirus,29811,USA: UT,UT,Homo sapiens,,3/19/2020
MT334559,2020-04-14T00:00:00Z,Severe acute respiratory syndrome-related coronavirus,29899,USA: UT,UT,Homo sapiens,,3/24/2020
MT334560,2020-04-14T00:00:00Z,Severe acute respiratory syndrome-related coronavirus,29797,USA: UT,UT,Homo sapiens,,3/25/2020
MT334561,2020-04-14T00:00:00Z,Severe acute respiratory syndrome-related coronavirus,29878,USA: UT,UT,Homo sapiens,,3/26/2020
MT334562,2020-04-14T00:00:00Z,Severe acute respiratory syndrome-related coronavirus,29864,USA: UT,UT,Homo sapiens,,3/25/2020
MT334563,2020-04-14T00:00:00Z,Severe acute respiratory syndrome-related coronavirus,29849,USA: UT,UT,Homo sapiens,,3/26/2020
MT334564,2020-04-14T00:00:00Z,Severe acute respiratory syndrome-related coronavirus,29864,USA: UT,UT,Homo sapiens,,3/25/2020
MT334565,2020-04-14T00:00:00Z,Severe acute respiratory syndrome-related coronavirus,29864,USA: UT,UT,Homo sapiens,,3/26/2020
MT334566,2020-04-14T00:00:00Z,Severe acute respiratory syndrome-related coronavirus,29864,USA: UT,UT,Homo sapiens,,3/25/2020
MT334567,2020-04-14T00:00:00Z,Severe acute respiratory syndrome-related coronavirus,29864,USA: UT,UT,Homo sapiens,,3/26/2020
MT334568,2020-04-14T00:00:00Z,Severe acute respiratory syndrome-related coronavirus,29893,USA: UT,UT,Homo sapiens,,3/27/2020
MT334569,2020-04-14T00:00:00Z,Severe acute respiratory syndrome-related coronavirus,29863,USA: UT,UT,Homo sapiens,,3/27/2020
MT334570,2020-04-14T00:00:00Z,Severe acute respiratory syndrome-related coronavirus,29886,USA: UT,UT,Homo sapiens,,3/26/2020
MT334571,2020-04-14T00:00:00Z,Severe acute respiratory syndrome-related coronavirus,29803,USA: UT,UT,Homo sapiens,,3/26/2020
MT334572,2020-04-14T00:00:00Z,Severe acute respiratory syndrome-related coronavirus,29864,USA: UT,UT,Homo sapiens,,3/27/2020
MT334573,2020-04-14T00:00:00Z,Severe acute respiratory syndrome-related coronavirus,29848,USA: UT,UT,Homo sapiens,,3/30/2020
MT324684,2020-04-13T00:00:00Z,Severe acute respiratory syndrome-related coronavirus,29889,USA,,,,3/25/2020
MT325561,2020-04-13T00:00:00Z,Severe acute respiratory syndrome-related coronavirus,29882,USA: AZ,AZ,Homo sapiens,oronasopharynx,3/9/2020
MT325562,2020-04-13T00:00:00Z,Severe acute respiratory syndrome-related coronavirus,29882,USA: AZ,AZ,Homo sapiens,feces,3/9/2020
MT325563,2020-04-13T00:00:00Z,Severe acute respiratory syndrome-related coronavirus,29882,USA: DC,DC,Homo sapiens,oronasopharynx,3/6/2020
MT325564,2020-04-13T00:00:00Z,Severe acute respiratory syndrome-related coronavirus,29882,USA: FL,FL,Homo sapiens,oronasopharynx,3/6/2020
MT325565,2020-04-13T00:00:00Z,Severe acute respiratory syndrome-related coronavirus,29882,USA: FL,FL,Homo sapiens,"lung, oronasopharynx",3/2/2020
MT325566,2020-04-13T00:00:00Z,Severe acute respiratory syndrome-related coronavirus,29882,USA: FL,FL,Homo sapiens,"lung, oronasopharynx",3/5/2020
MT325567,2020-04-13T00:00:00Z,Severe acute respiratory syndrome-related coronavirus,29882,USA: FL,FL,Homo sapiens,oronasopharynx,3/5/2020
MT325568,2020-04-13T00:00:00Z,Severe acute respiratory syndrome-related coronavirus,29882,USA: FL,FL,Homo sapiens,oronasopharynx,3/6/2020
MT325569,2020-04-13T00:00:00Z,Severe acute respiratory syndrome-related coronavirus,29882,USA: GA,GA,Homo sapiens,oronasopharynx,3/4/2020
MT325570,2020-04-13T00:00:00Z,Severe acute respiratory syndrome-related coronavirus,29882,USA: GA,GA,Homo sapiens,oronasopharynx,3/5/2020
MT325571,2020-04-13T00:00:00Z,Severe acute respiratory syndrome-related coronavirus,29882,USA: GA,GA,Homo sapiens,oronasopharynx,2020-03
MT325572,2020-04-13T00:00:00Z,Severe acute respiratory syndrome-related coronavirus,29882,USA: GA,GA,Homo sapiens,oronasopharynx,3/8/2020
MT325573,2020-04-13T00:00:00Z,Severe acute respiratory syndrome-related coronavirus,29882,USA: GA,GA,Homo sapiens,oronasopharynx,2020-03
MT325574,2020-04-13T00:00:00Z,Severe acute respiratory syndrome-related coronavirus,29882,USA: GA,GA,Homo sapiens,oronasopharynx,2020-03
MT325575,2020-04-13T00:00:00Z,Severe acute respiratory syndrome-related coronavirus,29882,USA: GA,GA,Homo sapiens,oronasopharynx,3/10/2020
MT325576,2020-04-13T00:00:00Z,Severe acute respiratory syndrome-related coronavirus,29882,USA: IA,IA,Homo sapiens,oronasopharynx,3/8/2020
MT325577,2020-04-13T00:00:00Z,Severe acute respiratory syndrome-related coronavirus,29882,USA: IL,IL,Homo sapiens,oronasopharynx,3/7/2020
MT325578,2020-04-13T00:00:00Z,Severe acute respiratory syndrome-related coronavirus,29882,USA: IL,IL,Homo sapiens,oronasopharynx,3/7/2020
MT325579,2020-04-13T00:00:00Z,Severe acute respiratory syndrome-related coronavirus,29882,USA: IN,IN,Homo sapiens,oronasopharynx,3/9/2020
MT325580,2020-04-13T00:00:00Z,Severe acute respiratory syndrome-related coronavirus,29882,USA: KS,KS,Homo sapiens,oronasopharynx,3/6/2020
MT325581,2020-04-13T00:00:00Z,Severe acute respiratory syndrome-related coronavirus,29882,USA: LA,LA,Homo sapiens,oronasopharynx,3/9/2020
MT325582,2020-04-13T00:00:00Z,Severe acute respiratory syndrome-related coronavirus,29882,USA: MA,MA,Homo sapiens,oronasopharynx,3/5/2020
MT325583,2020-04-13T00:00:00Z,Severe acute respiratory syndrome-related coronavirus,29882,USA: MA,MA,Homo sapiens,oronasopharynx,3/6/2020
MT325584,2020-04-13T00:00:00Z,Severe acute respiratory syndrome-related coronavirus,29882,USA: MA,MA,Homo sapiens,oronasopharynx,3/6/2020
MT325585,2020-04-13T00:00:00Z,Severe acute respiratory syndrome-related coronavirus,29882,USA: MA,MA,Homo sapiens,oronasopharynx,3/6/2020
MT325586,2020-04-13T00:00:00Z,Severe acute respiratory syndrome-related coronavirus,29882,USA: MA,MA,Homo sapiens,oronasopharynx,3/7/2020
MT325587,2020-04-13T00:00:00Z,Severe acute respiratory syndrome-related coronavirus,29882,USA: MD,MD,Homo sapiens,oronasopharynx,3/4/2020
MT325588,2020-04-13T00:00:00Z,Severe acute respiratory syndrome-related coronavirus,29882,USA: MO,MO,Homo sapiens,oronasopharynx,3/6/2020
MT325589,2020-04-13T00:00:00Z,Severe acute respiratory syndrome-related coronavirus,29882,USA: NC,NC,Homo sapiens,,3/8/2020
MT325590,2020-04-13T00:00:00Z,Severe acute respiratory syndrome-related coronavirus,29882,USA: NC,NC,Homo sapiens,oronasopharynx,3/7/2020
MT325591,2020-04-13T00:00:00Z,Severe acute respiratory syndrome-related coronavirus,29882,USA: NC,NC,Homo sapiens,oronasopharynx,3/6/2020
MT325592,2020-04-13T00:00:00Z,Severe acute respiratory syndrome-related coronavirus,29882,USA: NE,NE,Homo sapiens,oronasopharynx,3/5/2020
MT325593,2020-04-13T00:00:00Z,Severe acute respiratory syndrome-related coronavirus,29882,USA: NE,NE,Homo sapiens,oronasopharynx,3/7/2020
MT325594,2020-04-13T00:00:00Z,Severe acute respiratory syndrome-related coronavirus,29882,USA: NH,NH,Homo sapiens,oronasopharynx,3/6/2020
MT325595,2020-04-13T00:00:00Z,Severe acute respiratory syndrome-related coronavirus,29882,USA: NH,NH,Homo sapiens,oronasopharynx,3/6/2020
MT325596,2020-04-13T00:00:00Z,Severe acute respiratory syndrome-related coronavirus,29882,USA: NJ,NJ,Homo sapiens,oronasopharynx,3/4/2020
MT325597,2020-04-13T00:00:00Z,Severe acute respiratory syndrome-related coronavirus,29882,USA: NV,NV,Homo sapiens,oronasopharynx,3/9/2020
MT325598,2020-04-13T00:00:00Z,Severe acute respiratory syndrome-related coronavirus,29882,USA: OH,OH,Homo sapiens,oronasopharynx,3/8/2020
MT325599,2020-04-13T00:00:00Z,Severe acute respiratory syndrome-related coronavirus,29882,USA: PA,PA,Homo sapiens,oronasopharynx,3/5/2020
MT325600,2020-04-13T00:00:00Z,Severe acute respiratory syndrome-related coronavirus,29882,USA: PA,PA,Homo sapiens,oronasopharynx,3/5/2020
MT325601,2020-04-13T00:00:00Z,Severe acute respiratory syndrome-related coronavirus,29882,USA: PA,PA,Homo sapiens,oronasopharynx,3/7/2020
MT325602,2020-04-13T00:00:00Z,Severe acute respiratory syndrome-related coronavirus,29882,USA: PA,PA,Homo sapiens,oronasopharynx,3/8/2020
MT325603,2020-04-13T00:00:00Z,Severe acute respiratory syndrome-related coronavirus,29882,USA: PA,PA,Homo sapiens,oronasopharynx,3/9/2020
MT325604,2020-04-13T00:00:00Z,Severe acute respiratory syndrome-related coronavirus,29882,USA: PA,PA,Homo sapiens,oronasopharynx,3/6/2020
MT325605,2020-04-13T00:00:00Z,Severe acute respiratory syndrome-related coronavirus,29882,USA: RI,RI,Homo sapiens,oronasopharynx,3/5/2020
MT325606,2020-04-13T00:00:00Z,Severe acute respiratory syndrome-related coronavirus,29882,USA: SC,SC,Homo sapiens,oronasopharynx,3/6/2020
MT325607,2020-04-13T00:00:00Z,Severe acute respiratory syndrome-related coronavirus,29882,USA: SC,SC,Homo sapiens,oronasopharynx,3/7/2020
MT325608,2020-04-13T00:00:00Z,Severe acute respiratory syndrome-related coronavirus,29882,USA: SC,SC,Homo sapiens,oronasopharynx,3/8/2020
MT325609,2020-04-13T00:00:00Z,Severe acute respiratory syndrome-related coronavirus,29882,USA: UT,UT,Homo sapiens,oronasopharynx,3/5/2020
MT325610,2020-04-13T00:00:00Z,Severe acute respiratory syndrome-related coronavirus,29882,USA: UT,UT,Homo sapiens,oronasopharynx,3/7/2020
MT325611,2020-04-13T00:00:00Z,Severe acute respiratory syndrome-related coronavirus,29882,USA: VA,VA,Homo sapiens,oronasopharynx,3/8/2020
MT325612,2020-04-13T00:00:00Z,Severe acute respiratory syndrome-related coronavirus,29882,USA: VA,VA,Homo sapiens,oronasopharynx,3/8/2020
MT325613,2020-04-13T00:00:00Z,Severe acute respiratory syndrome-related coronavirus,29882,USA: VA,VA,Homo sapiens,"lung, oronasopharynx",3/8/2020
MT325614,2020-04-13T00:00:00Z,Severe acute respiratory syndrome-related coronavirus,29882,USA: VA,VA,Homo sapiens,oronasopharynx,3/8/2020
MT325615,2020-04-13T00:00:00Z,Severe acute respiratory syndrome-related coronavirus,29882,USA: IA,IA,Homo sapiens,oronasopharynx,3/7/2020
MT325616,2020-04-13T00:00:00Z,Severe acute respiratory syndrome-related coronavirus,29882,USA: MA,MA,Homo sapiens,oronasopharynx,3/6/2020
MT325617,2020-04-13T00:00:00Z,Severe acute respiratory syndrome-related coronavirus,29882,USA: IA,IA,Homo sapiens,oronasopharynx,3/8/2020
MT325618,2020-04-13T00:00:00Z,Severe acute respiratory syndrome-related coronavirus,29882,USA: IA,IA,Homo sapiens,oronasopharynx,3/8/2020
MT325619,2020-04-13T00:00:00Z,Severe acute respiratory syndrome-related coronavirus,29882,USA: IA,IA,Homo sapiens,oronasopharynx,3/8/2020
MT325620,2020-04-13T00:00:00Z,Severe acute respiratory syndrome-related coronavirus,29882,USA: IA,IA,Homo sapiens,oronasopharynx,3/8/2020
MT325621,2020-04-13T00:00:00Z,Severe acute respiratory syndrome-related coronavirus,29882,USA: IA,IA,Homo sapiens,oronasopharynx,3/7/2020
MT325622,2020-04-13T00:00:00Z,Severe acute respiratory syndrome-related coronavirus,29882,USA: NJ,NJ,Homo sapiens,oronasopharynx,3/4/2020
MT325623,2020-04-13T00:00:00Z,Severe acute respiratory syndrome-related coronavirus,29882,USA: SC,SC,Homo sapiens,"lung, oronasopharynx",3/5/2020
MT325624,2020-04-13T00:00:00Z,Severe acute respiratory syndrome-related coronavirus,29882,USA: SC,SC,Homo sapiens,oronasopharynx,3/7/2020
MT325625,2020-04-13T00:00:00Z,Severe acute respiratory syndrome-related coronavirus,29882,USA: SC,SC,Homo sapiens,oronasopharynx,3/7/2020
MT325626,2020-04-13T00:00:00Z,Severe acute respiratory syndrome-related coronavirus,29882,USA: SC,SC,Homo sapiens,oronasopharynx,3/5/2020
MT325627,2020-04-13T00:00:00Z,Severe acute respiratory syndrome-related coronavirus,29882,USA: NY,NY,Homo sapiens,oronasopharynx,3/4/2020
MT325628,2020-04-13T00:00:00Z,Severe acute respiratory syndrome-related coronavirus,29882,USA: VA,VA,Homo sapiens,oronasopharynx,3/6/2020
MT325629,2020-04-13T00:00:00Z,Severe acute respiratory syndrome-related coronavirus,29882,USA: MA,MA,Homo sapiens,oronasopharynx,3/5/2020
MT325630,2020-04-13T00:00:00Z,Severe acute respiratory syndrome-related coronavirus,29882,USA: MA,MA,Homo sapiens,oronasopharynx,3/5/2020
MT325631,2020-04-13T00:00:00Z,Severe acute respiratory syndrome-related coronavirus,29882,USA: MA,MA,Homo sapiens,oronasopharynx,3/5/2020
MT325632,2020-04-13T00:00:00Z,Severe acute respiratory syndrome-related coronavirus,29882,USA: MA,MA,Homo sapiens,oronasopharynx,3/4/2020
MT325633,2020-04-13T00:00:00Z,Severe acute respiratory syndrome-related coronavirus,29882,USA: MA,MA,Homo sapiens,oronasopharynx,3/4/2020
MT325634,2020-04-13T00:00:00Z,Severe acute respiratory syndrome-related coronavirus,29882,USA: MA,MA,Homo sapiens,oronasopharynx,3/5/2020
MT325635,2020-04-13T00:00:00Z,Severe acute respiratory syndrome-related coronavirus,29882,USA: MA,MA,Homo sapiens,oronasopharynx,3/6/2020
MT325636,2020-04-13T00:00:00Z,Severe acute respiratory syndrome-related coronavirus,29882,USA: MA,MA,Homo sapiens,oronasopharynx,3/6/2020
MT325637,2020-04-13T00:00:00Z,Severe acute respiratory syndrome-related coronavirus,29882,USA: MA,MA,Homo sapiens,oronasopharynx,3/6/2020
MT325638,2020-04-13T00:00:00Z,Severe acute respiratory syndrome-related coronavirus,29882,USA: MA,MA,Homo sapiens,oronasopharynx,3/6/2020
MT325639,2020-04-13T00:00:00Z,Severe acute respiratory syndrome-related coronavirus,29882,USA: MA,MA,Homo sapiens,oronasopharynx,3/7/2020
MT325640,2020-04-13T00:00:00Z,Severe acute respiratory syndrome-related coronavirus,29882,USA: MA,MA,Homo sapiens,oronasopharynx,3/6/2020
MT326023,2020-04-13T00:00:00Z,Severe acute respiratory syndrome-related coronavirus,29858,USA,,Homo sapiens,,3/24/2020
MT326024,2020-04-13T00:00:00Z,Severe acute respiratory syndrome-related coronavirus,29685,USA,,Homo sapiens,,3/24/2020
MT326025,2020-04-13T00:00:00Z,Severe acute respiratory syndrome-related coronavirus,29707,USA,,Homo sapiens,,3/24/2020
MT326026,2020-04-13T00:00:00Z,Severe acute respiratory syndrome-related coronavirus,29482,USA,,Homo sapiens,,3/24/2020
MT326027,2020-04-13T00:00:00Z,Severe acute respiratory syndrome-related coronavirus,29863,USA,,Homo sapiens,,3/24/2020
MT326028,2020-04-13T00:00:00Z,Severe acute respiratory syndrome-related coronavirus,29823,USA,,Homo sapiens,,3/24/2020
MT326029,2020-04-13T00:00:00Z,Severe acute respiratory syndrome-related coronavirus,29863,USA,,Homo sapiens,,3/24/2020
MT326030,2020-04-13T00:00:00Z,Severe acute respiratory syndrome-related coronavirus,29853,USA,,Homo sapiens,,3/24/2020
MT326031,2020-04-13T00:00:00Z,Severe acute respiratory syndrome-related coronavirus,29775,USA,,Homo sapiens,,3/24/2020
MT326032,2020-04-13T00:00:00Z,Severe acute respiratory syndrome-related coronavirus,29854,USA,,Homo sapiens,,3/23/2020
MT326033,2020-04-13T00:00:00Z,Severe acute respiratory syndrome-related coronavirus,29534,USA,,Homo sapiens,,3/23/2020
MT326034,2020-04-13T00:00:00Z,Severe acute respiratory syndrome-related coronavirus,29793,USA,,Homo sapiens,,3/23/2020
MT326035,2020-04-13T00:00:00Z,Severe acute respiratory syndrome-related coronavirus,29778,USA,,Homo sapiens,,3/23/2020
MT326036,2020-04-13T00:00:00Z,Severe acute respiratory syndrome-related coronavirus,29747,USA,,Homo sapiens,,3/23/2020
MT326037,2020-04-13T00:00:00Z,Severe acute respiratory syndrome-related coronavirus,29422,USA,,Homo sapiens,,3/23/2020
MT326038,2020-04-13T00:00:00Z,Severe acute respiratory syndrome-related coronavirus,29440,USA,,Homo sapiens,,3/24/2020
MT326039,2020-04-13T00:00:00Z,Severe acute respiratory syndrome-related coronavirus,29792,USA,,Homo sapiens,,3/23/2020
MT326040,2020-04-13T00:00:00Z,Severe acute respiratory syndrome-related coronavirus,29820,USA,,Homo sapiens,,3/21/2020
MT326041,2020-04-13T00:00:00Z,Severe acute respiratory syndrome-related coronavirus,29774,USA,,Homo sapiens,,3/20/2020
MT326042,2020-04-13T00:00:00Z,Severe acute respiratory syndrome-related coronavirus,29867,USA,,Homo sapiens,,3/23/2020
MT326043,2020-04-13T00:00:00Z,Severe acute respiratory syndrome-related coronavirus,29549,USA,,Homo sapiens,,3/22/2020
MT326044,2020-04-13T00:00:00Z,Severe acute respiratory syndrome-related coronavirus,29746,USA,,Homo sapiens,,3/23/2020
MT326045,2020-04-13T00:00:00Z,Severe acute respiratory syndrome-related coronavirus,29600,USA,,Homo sapiens,,3/23/2020
MT326046,2020-04-13T00:00:00Z,Severe acute respiratory syndrome-related coronavirus,29777,USA,,Homo sapiens,,3/23/2020
MT326047,2020-04-13T00:00:00Z,Severe acute respiratory syndrome-related coronavirus,29627,USA,,Homo sapiens,,3/23/2020
MT326048,2020-04-13T00:00:00Z,Severe acute respiratory syndrome-related coronavirus,29871,USA,,Homo sapiens,,3/23/2020
MT326049,2020-04-13T00:00:00Z,Severe acute respiratory syndrome-related coronavirus,29833,USA,,Homo sapiens,,3/23/2020
MT326050,2020-04-13T00:00:00Z,Severe acute respiratory syndrome-related coronavirus,29451,USA,,Homo sapiens,,3/23/2020
MT326051,2020-04-13T00:00:00Z,Severe acute respiratory syndrome-related coronavirus,29853,USA,,Homo sapiens,,3/23/2020
MT326052,2020-04-13T00:00:00Z,Severe acute respiratory syndrome-related coronavirus,29892,USA,,Homo sapiens,,3/23/2020
MT326053,2020-04-13T00:00:00Z,Severe acute respiratory syndrome-related coronavirus,29763,USA,,Homo sapiens,,3/23/2020
MT326054,2020-04-13T00:00:00Z,Severe acute respiratory syndrome-related coronavirus,29714,USA,,Homo sapiens,,3/23/2020
MT326055,2020-04-13T00:00:00Z,Severe acute respiratory syndrome-related coronavirus,29860,USA,,Homo sapiens,,3/21/2020
MT326056,2020-04-13T00:00:00Z,Severe acute respiratory syndrome-related coronavirus,29865,USA,,Homo sapiens,,3/24/2020
MT326057,2020-04-13T00:00:00Z,Severe acute respiratory syndrome-related coronavirus,29424,USA,,Homo sapiens,,3/21/2020
MT326058,2020-04-13T00:00:00Z,Severe acute respiratory syndrome-related coronavirus,29830,USA,,Homo sapiens,,3/24/2020
MT326059,2020-04-13T00:00:00Z,Severe acute respiratory syndrome-related coronavirus,29643,USA,,Homo sapiens,,3/24/2020
MT326060,2020-04-13T00:00:00Z,Severe acute respiratory syndrome-related coronavirus,29548,USA,,Homo sapiens,,3/23/2020
MT326061,2020-04-13T00:00:00Z,Severe acute respiratory syndrome-related coronavirus,29869,USA,,Homo sapiens,,3/23/2020
MT326062,2020-04-13T00:00:00Z,Severe acute respiratory syndrome-related coronavirus,29480,USA,,Homo sapiens,,3/22/2020
MT326063,2020-04-13T00:00:00Z,Severe acute respiratory syndrome-related coronavirus,29872,USA,,Homo sapiens,,3/24/2020
MT326064,2020-04-13T00:00:00Z,Severe acute respiratory syndrome-related coronavirus,29662,USA,,Homo sapiens,,3/23/2020
MT326065,2020-04-13T00:00:00Z,Severe acute respiratory syndrome-related coronavirus,29892,USA,,Homo sapiens,,3/24/2020
MT326066,2020-04-13T00:00:00Z,Severe acute respiratory syndrome-related coronavirus,29870,USA,,Homo sapiens,,3/24/2020
MT326067,2020-04-13T00:00:00Z,Severe acute respiratory syndrome-related coronavirus,29870,USA,,Homo sapiens,,3/24/2020
MT326068,2020-04-13T00:00:00Z,Severe acute respiratory syndrome-related coronavirus,29864,USA,,Homo sapiens,,3/24/2020
MT326069,2020-04-13T00:00:00Z,Severe acute respiratory syndrome-related coronavirus,29882,USA,,Homo sapiens,,3/24/2020
MT326070,2020-04-13T00:00:00Z,Severe acute respiratory syndrome-related coronavirus,29834,USA,,Homo sapiens,,3/24/2020
MT326071,2020-04-13T00:00:00Z,Severe acute respiratory syndrome-related coronavirus,29846,USA,,Homo sapiens,,3/22/2020
MT326072,2020-04-13T00:00:00Z,Severe acute respiratory syndrome-related coronavirus,29781,USA,,Homo sapiens,,3/22/2020
MT326073,2020-04-13T00:00:00Z,Severe acute respiratory syndrome-related coronavirus,29428,USA,,Homo sapiens,,3/21/2020
MT326074,2020-04-13T00:00:00Z,Severe acute respiratory syndrome-related coronavirus,29839,USA,,Homo sapiens,,3/20/2020
MT326075,2020-04-13T00:00:00Z,Severe acute respiratory syndrome-related coronavirus,29836,USA,,Homo sapiens,,3/20/2020
MT326076,2020-04-13T00:00:00Z,Severe acute respiratory syndrome-related coronavirus,29839,USA,,Homo sapiens,,3/24/2020
MT326077,2020-04-13T00:00:00Z,Severe acute respiratory syndrome-related coronavirus,29628,USA,,Homo sapiens,,3/24/2020
MT326078,2020-04-13T00:00:00Z,Severe acute respiratory syndrome-related coronavirus,29838,USA,,Homo sapiens,,3/24/2020
MT326079,2020-04-13T00:00:00Z,Severe acute respiratory syndrome-related coronavirus,29804,USA,,Homo sapiens,,3/20/2020
MT326080,2020-04-13T00:00:00Z,Severe acute respiratory syndrome-related coronavirus,29379,USA,,Homo sapiens,,3/24/2020
MT326081,2020-04-13T00:00:00Z,Severe acute respiratory syndrome-related coronavirus,29836,USA,,Homo sapiens,,3/24/2020
MT326082,2020-04-13T00:00:00Z,Severe acute respiratory syndrome-related coronavirus,29833,USA,,Homo sapiens,,3/23/2020
MT326083,2020-04-13T00:00:00Z,Severe acute respiratory syndrome-related coronavirus,29683,USA,,Homo sapiens,,3/22/2020
MT326084,2020-04-13T00:00:00Z,Severe acute respiratory syndrome-related coronavirus,29827,USA,,Homo sapiens,,3/22/2020
MT326085,2020-04-13T00:00:00Z,Severe acute respiratory syndrome-related coronavirus,29795,USA,,Homo sapiens,,3/20/2020
MT326086,2020-04-13T00:00:00Z,Severe acute respiratory syndrome-related coronavirus,29856,USA,,Homo sapiens,,3/19/2020
MT326087,2020-04-13T00:00:00Z,Severe acute respiratory syndrome-related coronavirus,29853,USA,,Homo sapiens,,3/23/2020
MT326088,2020-04-13T00:00:00Z,Severe acute respiratory syndrome-related coronavirus,29872,USA,,Homo sapiens,,3/23/2020
MT326089,2020-04-13T00:00:00Z,Severe acute respiratory syndrome-related coronavirus,29851,USA,,Homo sapiens,,3/21/2020
MT326090,2020-04-13T00:00:00Z,Severe acute respiratory syndrome-related coronavirus,29794,USA,,Homo sapiens,,3/21/2020
MT326091,2020-04-13T00:00:00Z,Severe acute respiratory syndrome-related coronavirus,29710,USA,,Homo sapiens,,3/16/2020
MT326092,2020-04-13T00:00:00Z,Severe acute respiratory syndrome-related coronavirus,29890,USA,,Homo sapiens,,3/22/2020
MT326093,2020-04-13T00:00:00Z,Severe acute respiratory syndrome-related coronavirus,29833,USA,,Homo sapiens,,3/22/2020
MT326094,2020-04-13T00:00:00Z,Severe acute respiratory syndrome-related coronavirus,29749,USA,,Homo sapiens,,3/22/2020
MT326095,2020-04-13T00:00:00Z,Severe acute respiratory syndrome-related coronavirus,29880,USA,,Homo sapiens,,3/22/2020
MT326096,2020-04-13T00:00:00Z,Severe acute respiratory syndrome-related coronavirus,29876,USA,,Homo sapiens,,3/22/2020
MT326097,2020-04-13T00:00:00Z,Severe acute respiratory syndrome-related coronavirus,29859,USA,,Homo sapiens,,3/21/2020
MT326098,2020-04-13T00:00:00Z,Severe acute respiratory syndrome-related coronavirus,29867,USA,,Homo sapiens,,3/22/2020
MT326099,2020-04-13T00:00:00Z,Severe acute respiratory syndrome-related coronavirus,29861,USA,,Homo sapiens,,3/22/2020
MT326100,2020-04-13T00:00:00Z,Severe acute respiratory syndrome-related coronavirus,29873,USA,,Homo sapiens,,3/22/2020
MT326101,2020-04-13T00:00:00Z,Severe acute respiratory syndrome-related coronavirus,29754,USA,,Homo sapiens,,3/22/2020
MT326102,2020-04-13T00:00:00Z,Severe acute respiratory syndrome-related coronavirus,29652,USA,,Homo sapiens,,3/22/2020
MT326103,2020-04-13T00:00:00Z,Severe acute respiratory syndrome-related coronavirus,29868,USA,,Homo sapiens,,3/22/2020
MT326104,2020-04-13T00:00:00Z,Severe acute respiratory syndrome-related coronavirus,29808,USA,,Homo sapiens,,3/22/2020
MT326105,2020-04-13T00:00:00Z,Severe acute respiratory syndrome-related coronavirus,29842,USA,,Homo sapiens,,3/22/2020
MT326106,2020-04-13T00:00:00Z,Severe acute respiratory syndrome-related coronavirus,29885,USA,,Homo sapiens,,3/22/2020
MT326107,2020-04-13T00:00:00Z,Severe acute respiratory syndrome-related coronavirus,29643,USA,,Homo sapiens,,3/22/2020
MT326108,2020-04-13T00:00:00Z,Severe acute respiratory syndrome-related coronavirus,29598,USA,,Homo sapiens,,3/22/2020
MT326109,2020-04-13T00:00:00Z,Severe acute respiratory syndrome-related coronavirus,29649,USA,,Homo sapiens,,3/22/2020
MT326110,2020-04-13T00:00:00Z,Severe acute respiratory syndrome-related coronavirus,29773,USA,,Homo sapiens,,3/22/2020
MT326111,2020-04-13T00:00:00Z,Severe acute respiratory syndrome-related coronavirus,29777,USA,,Homo sapiens,,3/22/2020
MT326112,2020-04-13T00:00:00Z,Severe acute respiratory syndrome-related coronavirus,29814,USA,,Homo sapiens,,3/20/2020
MT326113,2020-04-13T00:00:00Z,Severe acute respiratory syndrome-related coronavirus,29858,USA,,Homo sapiens,,3/20/2020
MT326114,2020-04-13T00:00:00Z,Severe acute respiratory syndrome-related coronavirus,29474,USA,,Homo sapiens,,3/20/2020
MT326115,2020-04-13T00:00:00Z,Severe acute respiratory syndrome-related coronavirus,29520,USA,,Homo sapiens,,3/20/2020
MT326116,2020-04-13T00:00:00Z,Severe acute respiratory syndrome-related coronavirus,29865,USA,,Homo sapiens,,3/20/2020
MT326117,2020-04-13T00:00:00Z,Severe acute respiratory syndrome-related coronavirus,29890,USA,,Homo sapiens,,3/20/2020
MT326118,2020-04-13T00:00:00Z,Severe acute respiratory syndrome-related coronavirus,29871,USA,,Homo sapiens,,3/21/2020
MT326119,2020-04-13T00:00:00Z,Severe acute respiratory syndrome-related coronavirus,29854,USA,,Homo sapiens,,3/20/2020
MT326120,2020-04-13T00:00:00Z,Severe acute respiratory syndrome-related coronavirus,29848,USA,,Homo sapiens,,3/21/2020
MT326121,2020-04-13T00:00:00Z,Severe acute respiratory syndrome-related coronavirus,29643,USA,,Homo sapiens,,3/20/2020
MT326122,2020-04-13T00:00:00Z,Severe acute respiratory syndrome-related coronavirus,29616,USA,,Homo sapiens,,3/20/2020
MT326123,2020-04-13T00:00:00Z,Severe acute respiratory syndrome-related coronavirus,29744,USA,,Homo sapiens,,3/20/2020
MT326124,2020-04-13T00:00:00Z,Severe acute respiratory syndrome-related coronavirus,29765,USA,,Homo sapiens,,3/20/2020
MT326125,2020-04-13T00:00:00Z,Severe acute respiratory syndrome-related coronavirus,29828,USA,,Homo sapiens,,3/20/2020
MT326126,2020-04-13T00:00:00Z,Severe acute respiratory syndrome-related coronavirus,29856,USA,,Homo sapiens,,3/20/2020
MT326127,2020-04-13T00:00:00Z,Severe acute respiratory syndrome-related coronavirus,29861,USA,,Homo sapiens,,3/20/2020
MT326128,2020-04-13T00:00:00Z,Severe acute respiratory syndrome-related coronavirus,29837,USA,,Homo sapiens,,3/20/2020
MT326129,2020-04-13T00:00:00Z,Severe acute respiratory syndrome-related coronavirus,29895,USA,,Homo sapiens,,3/20/2020
MT326130,2020-04-13T00:00:00Z,Severe acute respiratory syndrome-related coronavirus,29790,USA,,Homo sapiens,,3/20/2020
MT326131,2020-04-13T00:00:00Z,Severe acute respiratory syndrome-related coronavirus,29381,USA,,Homo sapiens,,3/20/2020
MT326132,2020-04-13T00:00:00Z,Severe acute respiratory syndrome-related coronavirus,29888,USA,,Homo sapiens,,3/20/2020
MT326133,2020-04-13T00:00:00Z,Severe acute respiratory syndrome-related coronavirus,29832,USA,,Homo sapiens,,3/20/2020
MT326134,2020-04-13T00:00:00Z,Severe acute respiratory syndrome-related coronavirus,29864,USA,,Homo sapiens,,3/20/2020
MT326135,2020-04-13T00:00:00Z,Severe acute respiratory syndrome-related coronavirus,29794,USA,,Homo sapiens,,3/20/2020
MT326136,2020-04-13T00:00:00Z,Severe acute respiratory syndrome-related coronavirus,29695,USA,,Homo sapiens,,3/19/2020
MT326137,2020-04-13T00:00:00Z,Severe acute respiratory syndrome-related coronavirus,29862,USA,,Homo sapiens,,3/19/2020
MT326138,2020-04-13T00:00:00Z,Severe acute respiratory syndrome-related coronavirus,29766,USA,,Homo sapiens,,3/20/2020
MT326139,2020-04-13T00:00:00Z,Severe acute respiratory syndrome-related coronavirus,29647,USA,,Homo sapiens,,3/20/2020
MT326140,2020-04-13T00:00:00Z,Severe acute respiratory syndrome-related coronavirus,29868,USA,,Homo sapiens,,3/20/2020
MT326141,2020-04-13T00:00:00Z,Severe acute respiratory syndrome-related coronavirus,29551,USA,,Homo sapiens,,3/19/2020
MT326142,2020-04-13T00:00:00Z,Severe acute respiratory syndrome-related coronavirus,29335,USA,,Homo sapiens,,3/19/2020
MT326143,2020-04-13T00:00:00Z,Severe acute respiratory syndrome-related coronavirus,29617,USA,,Homo sapiens,,3/20/2020
MT326144,2020-04-13T00:00:00Z,Severe acute respiratory syndrome-related coronavirus,29787,USA,,Homo sapiens,,3/20/2020
MT326145,2020-04-13T00:00:00Z,Severe acute respiratory syndrome-related coronavirus,29301,USA,,Homo sapiens,,3/21/2020
MT326146,2020-04-13T00:00:00Z,Severe acute respiratory syndrome-related coronavirus,29538,USA,,Homo sapiens,,3/21/2020
MT326147,2020-04-13T00:00:00Z,Severe acute respiratory syndrome-related coronavirus,29777,USA,,Homo sapiens,,3/20/2020
MT326148,2020-04-13T00:00:00Z,Severe acute respiratory syndrome-related coronavirus,29817,USA,,Homo sapiens,,3/21/2020
MT326149,2020-04-13T00:00:00Z,Severe acute respiratory syndrome-related coronavirus,29725,USA,,Homo sapiens,,3/21/2020
MT326150,2020-04-13T00:00:00Z,Severe acute respiratory syndrome-related coronavirus,29876,USA,,Homo sapiens,,3/21/2020
MT326151,2020-04-13T00:00:00Z,Severe acute respiratory syndrome-related coronavirus,29744,USA,,Homo sapiens,,3/21/2020
MT326152,2020-04-13T00:00:00Z,Severe acute respiratory syndrome-related coronavirus,29758,USA,,Homo sapiens,,3/21/2020
MT326153,2020-04-13T00:00:00Z,Severe acute respiratory syndrome-related coronavirus,29874,USA,,Homo sapiens,,3/21/2020
MT326154,2020-04-13T00:00:00Z,Severe acute respiratory syndrome-related coronavirus,29863,USA,,Homo sapiens,,3/21/2020
MT326155,2020-04-13T00:00:00Z,Severe acute respiratory syndrome-related coronavirus,29734,USA,,Homo sapiens,,3/21/2020
MT326156,2020-04-13T00:00:00Z,Severe acute respiratory syndrome-related coronavirus,29871,USA,,Homo sapiens,,3/21/2020
MT326157,2020-04-13T00:00:00Z,Severe acute respiratory syndrome-related coronavirus,29532,USA,,Homo sapiens,,3/21/2020
MT326158,2020-04-13T00:00:00Z,Severe acute respiratory syndrome-related coronavirus,29737,USA,,Homo sapiens,,3/21/2020
MT326159,2020-04-13T00:00:00Z,Severe acute respiratory syndrome-related coronavirus,29836,USA,,Homo sapiens,,3/21/2020
MT326160,2020-04-13T00:00:00Z,Severe acute respiratory syndrome-related coronavirus,29765,USA,,Homo sapiens,,3/21/2020
MT326161,2020-04-13T00:00:00Z,Severe acute respiratory syndrome-related coronavirus,29589,USA,,Homo sapiens,,3/21/2020
MT326162,2020-04-13T00:00:00Z,Severe acute respiratory syndrome-related coronavirus,29861,USA,,Homo sapiens,,3/21/2020
MT326163,2020-04-13T00:00:00Z,Severe acute respiratory syndrome-related coronavirus,29639,USA,,Homo sapiens,,3/21/2020
MT326164,2020-04-13T00:00:00Z,Severe acute respiratory syndrome-related coronavirus,29870,USA,,Homo sapiens,,3/21/2020
MT326165,2020-04-13T00:00:00Z,Severe acute respiratory syndrome-related coronavirus,29730,USA,,Homo sapiens,,3/21/2020
MT326166,2020-04-13T00:00:00Z,Severe acute respiratory syndrome-related coronavirus,29759,USA,,Homo sapiens,,3/21/2020
MT326167,2020-04-13T00:00:00Z,Severe acute respiratory syndrome-related coronavirus,29897,USA,,Homo sapiens,,3/21/2020
MT326168,2020-04-13T00:00:00Z,Severe acute respiratory syndrome-related coronavirus,29772,USA,,Homo sapiens,,3/21/2020
MT326169,2020-04-13T00:00:00Z,Severe acute respiratory syndrome-related coronavirus,29830,USA,,Homo sapiens,,3/22/2020
MT326170,2020-04-13T00:00:00Z,Severe acute respiratory syndrome-related coronavirus,29710,USA,,Homo sapiens,,3/21/2020
MT326171,2020-04-13T00:00:00Z,Severe acute respiratory syndrome-related coronavirus,29878,USA,,Homo sapiens,,3/21/2020
MT326172,2020-04-13T00:00:00Z,Severe acute respiratory syndrome-related coronavirus,29854,USA,,Homo sapiens,,3/21/2020
MT326173,2020-04-13T00:00:00Z,Severe acute respiratory syndrome-related coronavirus,29574,USA,,Homo sapiens,,2020
MT326174,2020-04-13T00:00:00Z,Severe acute respiratory syndrome-related coronavirus,29786,USA,,Homo sapiens,,3/19/2020
MT326175,2020-04-13T00:00:00Z,Severe acute respiratory syndrome-related coronavirus,29564,USA,,Homo sapiens,,3/19/2020
MT326176,2020-04-13T00:00:00Z,Severe acute respiratory syndrome-related coronavirus,29301,USA,,Homo sapiens,,3/19/2020
MT326177,2020-04-13T00:00:00Z,Severe acute respiratory syndrome-related coronavirus,29770,USA,,Homo sapiens,,3/19/2020
MT326178,2020-04-13T00:00:00Z,Severe acute respiratory syndrome-related coronavirus,29903,USA,,Homo sapiens,,3/19/2020
MT326179,2020-04-13T00:00:00Z,Severe acute respiratory syndrome-related coronavirus,29737,USA,,Homo sapiens,,3/19/2020
MT326180,2020-04-13T00:00:00Z,Severe acute respiratory syndrome-related coronavirus,29841,USA,,Homo sapiens,,3/19/2020
MT326181,2020-04-13T00:00:00Z,Severe acute respiratory syndrome-related coronavirus,29641,USA,,Homo sapiens,,3/14/2020
MT326182,2020-04-13T00:00:00Z,Severe acute respiratory syndrome-related coronavirus,29689,USA,,Homo sapiens,,3/13/2020
MT326183,2020-04-13T00:00:00Z,Severe acute respiratory syndrome-related coronavirus,29755,USA,,Homo sapiens,,3/17/2020
MT326184,2020-04-13T00:00:00Z,Severe acute respiratory syndrome-related coronavirus,29733,USA,,Homo sapiens,,3/17/2020
MT326185,2020-04-13T00:00:00Z,Severe acute respiratory syndrome-related coronavirus,29823,USA,,Homo sapiens,,3/17/2020
MT326186,2020-04-13T00:00:00Z,Severe acute respiratory syndrome-related coronavirus,29599,USA,,Homo sapiens,,3/17/2020
MT326187,2020-04-13T00:00:00Z,Severe acute respiratory syndrome-related coronavirus,29919,USA,,Homo sapiens,,3/18/2020
MT326188,2020-04-13T00:00:00Z,Severe acute respiratory syndrome-related coronavirus,29776,USA,,Homo sapiens,,3/16/2020
MT326189,2020-04-13T00:00:00Z,Severe acute respiratory syndrome-related coronavirus,29882,USA,,Homo sapiens,,3/18/2020
MT326190,2020-04-13T00:00:00Z,Severe acute respiratory syndrome-related coronavirus,29913,USA,,Homo sapiens,,3/18/2020
MT326191,2020-04-13T00:00:00Z,Severe acute respiratory syndrome-related coronavirus,29832,USA,,Homo sapiens,,3/18/2020
MT322394,2020-04-11T00:00:00Z,Severe acute respiratory syndrome-related coronavirus,29865,USA: VA,VA,Homo sapiens,,2020-03
MT322395,2020-04-11T00:00:00Z,Severe acute respiratory syndrome-related coronavirus,29867,USA: VA,VA,Homo sapiens,,2020-03
MT322396,2020-04-11T00:00:00Z,Severe acute respiratory syndrome-related coronavirus,29867,USA: VA,VA,Homo sapiens,,2020-03
MT322397,2020-04-11T00:00:00Z,Severe acute respiratory syndrome-related coronavirus,29893,USA: VA,VA,Homo sapiens,,2020-03
MT322398,2020-04-11T00:00:00Z,Severe acute respiratory syndrome-related coronavirus,29866,USA: VA,VA,Homo sapiens,,2020-03
MT322399,2020-04-11T00:00:00Z,Severe acute respiratory syndrome-related coronavirus,29864,USA: VA,VA,Homo sapiens,,2020-03
MT322400,2020-04-11T00:00:00Z,Severe acute respiratory syndrome-related coronavirus,29887,USA: VA,VA,Homo sapiens,,2020-03
MT322401,2020-04-11T00:00:00Z,Severe acute respiratory syndrome-related coronavirus,29900,USA: VA,VA,Homo sapiens,,2020-03
MT322402,2020-04-11T00:00:00Z,Severe acute respiratory syndrome-related coronavirus,29898,USA: VA,VA,Homo sapiens,,2020-03
MT322403,2020-04-11T00:00:00Z,Severe acute respiratory syndrome-related coronavirus,29851,USA: VA,VA,Homo sapiens,,2020-03
MT322404,2020-04-11T00:00:00Z,Severe acute respiratory syndrome-related coronavirus,29865,USA: VA,VA,Homo sapiens,,2020-03
MT322405,2020-04-11T00:00:00Z,Severe acute respiratory syndrome-related coronavirus,29902,USA: VA,VA,Homo sapiens,,2020-03
MT322406,2020-04-11T00:00:00Z,Severe acute respiratory syndrome-related coronavirus,29886,USA: VA,VA,Homo sapiens,,2020-03
MT322407,2020-04-11T00:00:00Z,Severe acute respiratory syndrome-related coronavirus,29866,USA: VA,VA,Homo sapiens,,2020-03
MT322408,2020-04-11T00:00:00Z,Severe acute respiratory syndrome-related coronavirus,29866,USA: VA,VA,Homo sapiens,,2020-03
MT322409,2020-04-11T00:00:00Z,Severe acute respiratory syndrome-related coronavirus,29900,USA: VA,VA,Homo sapiens,,2020-03
MT322410,2020-04-11T00:00:00Z,Severe acute respiratory syndrome-related coronavirus,29891,USA: VA,VA,Homo sapiens,,2020-03
MT322411,2020-04-11T00:00:00Z,Severe acute respiratory syndrome-related coronavirus,29866,USA: VA,VA,Homo sapiens,,2020-03
MT322412,2020-04-11T00:00:00Z,Severe acute respiratory syndrome-related coronavirus,29859,USA: VA,VA,Homo sapiens,,2020-03
MT322413,2020-04-11T00:00:00Z,Severe acute respiratory syndrome-related coronavirus,29897,USA: VA,VA,Homo sapiens,,2020-03
MT322414,2020-04-11T00:00:00Z,Severe acute respiratory syndrome-related coronavirus,29901,USA: VA,VA,Homo sapiens,,2020-03
MT322415,2020-04-11T00:00:00Z,Severe acute respiratory syndrome-related coronavirus,29865,USA: VA,VA,Homo sapiens,,2020-03
MT322416,2020-04-11T00:00:00Z,Severe acute respiratory syndrome-related coronavirus,29867,USA: VA,VA,Homo sapiens,,2020-03
MT322417,2020-04-11T00:00:00Z,Severe acute respiratory syndrome-related coronavirus,29901,USA: VA,VA,Homo sapiens,,2020-03
MT322418,2020-04-11T00:00:00Z,Severe acute respiratory syndrome-related coronavirus,29896,USA: VA,VA,Homo sapiens,,2020-03
MT322419,2020-04-11T00:00:00Z,Severe acute respiratory syndrome-related coronavirus,29899,USA: VA,VA,Homo sapiens,,2020-03
MT322420,2020-04-11T00:00:00Z,Severe acute respiratory syndrome-related coronavirus,29864,USA: VA,VA,Homo sapiens,,2020-03
MT322421,2020-04-11T00:00:00Z,Severe acute respiratory syndrome-related coronavirus,29859,USA: VA,VA,Homo sapiens,,2020-03
MT322422,2020-04-11T00:00:00Z,Severe acute respiratory syndrome-related coronavirus,29897,USA: VA,VA,Homo sapiens,,2020-03
MT322423,2020-04-11T00:00:00Z,Severe acute respiratory syndrome-related coronavirus,29900,USA: VA,VA,Homo sapiens,,2020-03
MT322424,2020-04-11T00:00:00Z,Severe acute respiratory syndrome-related coronavirus,29903,USA: VA,VA,Homo sapiens,,2020-03
MT308692,2020-04-08T00:00:00Z,Severe acute respiratory syndrome-related coronavirus,29789,USA: MI,MI,Homo sapiens,swab,3/9/2020
MT308693,2020-04-08T00:00:00Z,Severe acute respiratory syndrome-related coronavirus,29788,USA: MI,MI,Homo sapiens,swab,3/10/2020
MT308694,2020-04-08T00:00:00Z,Severe acute respiratory syndrome-related coronavirus,29757,USA: MI,MI,Homo sapiens,swab,3/11/2020
MT308695,2020-04-08T00:00:00Z,Severe acute respiratory syndrome-related coronavirus,29765,USA: MI,MI,Homo sapiens,swab,3/10/2020
MT308696,2020-04-08T00:00:00Z,Severe acute respiratory syndrome-related coronavirus,29767,USA: MI,MI,Homo sapiens,swab,3/9/2020
MT308697,2020-04-08T00:00:00Z,Severe acute respiratory syndrome-related coronavirus,29789,USA: MI,MI,Homo sapiens,swab,3/11/2020
MT308698,2020-04-08T00:00:00Z,Severe acute respiratory syndrome-related coronavirus,29783,USA: MI,MI,Homo sapiens,swab,3/12/2020
MT308699,2020-04-08T00:00:00Z,Severe acute respiratory syndrome-related coronavirus,29782,USA: MI,MI,Homo sapiens,swab,3/12/2020
MT308700,2020-04-08T00:00:00Z,Severe acute respiratory syndrome-related coronavirus,29792,USA: MI,MI,Homo sapiens,swab,3/12/2020
MT308702,2020-04-08T00:00:00Z,Severe acute respiratory syndrome-related coronavirus,29834,USA: NC,NC,Homo sapiens,,2020-04
MT308703,2020-04-08T00:00:00Z,Severe acute respiratory syndrome-related coronavirus,29834,USA: NC,NC,Homo sapiens,,2020-04
MT308704,2020-04-08T00:00:00Z,Severe acute respiratory syndrome-related coronavirus,29834,USA: NC,NC,Homo sapiens,,2020-04
MT300186,2020-04-07T00:00:00Z,Severe acute respiratory syndrome-related coronavirus,29834,USA: North Carolina,NC,Homo sapiens,,4/2/2020
MT304477,2020-04-07T00:00:00Z,Severe acute respiratory syndrome-related coronavirus,29882,USA: AZ,AZ,Homo sapiens,"lung, oronasopharynx",3/2/2020
MT304478,2020-04-07T00:00:00Z,Severe acute respiratory syndrome-related coronavirus,29882,USA: FL,FL,Homo sapiens,oronasopharynx,3/2/2020
MT304479,2020-04-07T00:00:00Z,Severe acute respiratory syndrome-related coronavirus,29882,USA: GA,GA,Homo sapiens,oronasopharynx,3/3/2020
MT304480,2020-04-07T00:00:00Z,Severe acute respiratory syndrome-related coronavirus,29882,USA: GA,GA,Homo sapiens,oronasopharynx,3/3/2020
MT304481,2020-04-07T00:00:00Z,Severe acute respiratory syndrome-related coronavirus,29882,USA: GA,GA,Homo sapiens,oronasopharynx,3/4/2020
MT304482,2020-04-07T00:00:00Z,Severe acute respiratory syndrome-related coronavirus,29882,USA: IL,IL,Homo sapiens,oronasopharynx,3/1/2020
MT304483,2020-04-07T00:00:00Z,Severe acute respiratory syndrome-related coronavirus,29882,USA: IL,IL,Homo sapiens,oronasopharynx,3/1/2020
MT304484,2020-04-07T00:00:00Z,Severe acute respiratory syndrome-related coronavirus,29882,USA: NH,NH,Homo sapiens,oronasopharynx,2/29/2020
MT304485,2020-04-07T00:00:00Z,Severe acute respiratory syndrome-related coronavirus,29882,USA: NH,NH,Homo sapiens,oronasopharynx,3/2/2020
MT304486,2020-04-07T00:00:00Z,Severe acute respiratory syndrome-related coronavirus,29882,USA: NY,NY,Homo sapiens,oronasopharynx,3/2/2020
MT304487,2020-04-07T00:00:00Z,Severe acute respiratory syndrome-related coronavirus,29882,USA: OR,OR,Homo sapiens,oronasopharynx,3/1/2020
MT304488,2020-04-07T00:00:00Z,Severe acute respiratory syndrome-related coronavirus,29882,USA: RI,RI,Homo sapiens,oronasopharynx,3/1/2020
MT304489,2020-04-07T00:00:00Z,Severe acute respiratory syndrome-related coronavirus,29882,USA: TX,TX,Homo sapiens,oronasopharynx,2/29/2020
MT304490,2020-04-07T00:00:00Z,Severe acute respiratory syndrome-related coronavirus,29882,USA: TX,TX,Homo sapiens,oronasopharynx,3/1/2020
MT304491,2020-04-07T00:00:00Z,Severe acute respiratory syndrome-related coronavirus,29882,USA: TX,TX,Homo sapiens,,3/1/2020
MT293156,2020-04-06T00:00:00Z,Severe acute respiratory syndrome-related coronavirus,29844,USA: WA,WA,Homo sapiens,,3/30/2020
MT293157,2020-04-06T00:00:00Z,Severe acute respiratory syndrome-related coronavirus,29603,USA: WA,WA,Homo sapiens,,3/29/2020
MT293158,2020-04-06T00:00:00Z,Severe acute respiratory syndrome-related coronavirus,29748,USA: WA,WA,Homo sapiens,,3/16/2020
MT293159,2020-04-06T00:00:00Z,Severe acute respiratory syndrome-related coronavirus,29890,USA: WA,WA,Homo sapiens,,3/16/2020
MT293160,2020-04-06T00:00:00Z,Severe acute respiratory syndrome-related coronavirus,29864,USA: WA,WA,Homo sapiens,,3/16/2020
MT293161,2020-04-06T00:00:00Z,Severe acute respiratory syndrome-related coronavirus,29873,USA: WA,WA,Homo sapiens,,3/16/2020
MT293162,2020-04-06T00:00:00Z,Severe acute respiratory syndrome-related coronavirus,29848,USA: WA,WA,Homo sapiens,,3/16/2020
MT293163,2020-04-06T00:00:00Z,Severe acute respiratory syndrome-related coronavirus,29596,USA: WA,WA,Homo sapiens,,3/29/2020
MT293164,2020-04-06T00:00:00Z,Severe acute respiratory syndrome-related coronavirus,29772,USA: WA,WA,Homo sapiens,,3/17/2020
MT293165,2020-04-06T00:00:00Z,Severe acute respiratory syndrome-related coronavirus,29839,USA: WA,WA,Homo sapiens,,3/17/2020
MT293166,2020-04-06T00:00:00Z,Severe acute respiratory syndrome-related coronavirus,29865,USA: WA,WA,Homo sapiens,,3/17/2020
MT293167,2020-04-06T00:00:00Z,Severe acute respiratory syndrome-related coronavirus,29796,USA: WA,WA,Homo sapiens,,3/17/2020
MT293168,2020-04-06T00:00:00Z,Severe acute respiratory syndrome-related coronavirus,29694,USA: WA,WA,Homo sapiens,,3/17/2020
MT293169,2020-04-06T00:00:00Z,Severe acute respiratory syndrome-related coronavirus,29790,USA: WA,WA,Homo sapiens,,3/17/2020
MT293170,2020-04-06T00:00:00Z,Severe acute respiratory syndrome-related coronavirus,29798,USA: WA,WA,Homo sapiens,,3/18/2020
MT293171,2020-04-06T00:00:00Z,Severe acute respiratory syndrome-related coronavirus,29848,USA: WA,WA,Homo sapiens,,3/17/2020
MT293172,2020-04-06T00:00:00Z,Severe acute respiratory syndrome-related coronavirus,29870,USA: WA,WA,Homo sapiens,,3/17/2020
MT293173,2020-04-06T00:00:00Z,Severe acute respiratory syndrome-related coronavirus,29820,USA: WA,WA,Homo sapiens,,3/30/2020
MT293174,2020-04-06T00:00:00Z,Severe acute respiratory syndrome-related coronavirus,29672,USA: WA,WA,Homo sapiens,,3/27/2020
MT293175,2020-04-06T00:00:00Z,Severe acute respiratory syndrome-related coronavirus,29776,USA: WA,WA,Homo sapiens,,3/30/2020
MT293176,2020-04-06T00:00:00Z,Severe acute respiratory syndrome-related coronavirus,29883,USA: WA,WA,Homo sapiens,,3/17/2020
MT293177,2020-04-06T00:00:00Z,Severe acute respiratory syndrome-related coronavirus,29882,USA,,Homo sapiens,,3/16/2020
MT293178,2020-04-06T00:00:00Z,Severe acute respiratory syndrome-related coronavirus,29868,USA: WA,WA,Homo sapiens,,3/26/2020
MT293179,2020-04-06T00:00:00Z,Severe acute respiratory syndrome-related coronavirus,29877,USA: WA,WA,Homo sapiens,,3/17/2020
MT293180,2020-04-06T00:00:00Z,Severe acute respiratory syndrome-related coronavirus,29554,USA: WA,WA,Homo sapiens,,3/17/2020
MT293181,2020-04-06T00:00:00Z,Severe acute respiratory syndrome-related coronavirus,29871,USA: WA,WA,Homo sapiens,,3/18/2020
MT293182,2020-04-06T00:00:00Z,Severe acute respiratory syndrome-related coronavirus,29866,USA: WA,WA,Homo sapiens,,3/18/2020
MT293183,2020-04-06T00:00:00Z,Severe acute respiratory syndrome-related coronavirus,29871,USA: WA,WA,Homo sapiens,,3/18/2020
MT293184,2020-04-06T00:00:00Z,Severe acute respiratory syndrome-related coronavirus,29756,USA: WA,WA,Homo sapiens,,3/18/2020
MT293185,2020-04-06T00:00:00Z,Severe acute respiratory syndrome-related coronavirus,29640,USA: WA,WA,Homo sapiens,,3/28/2020
MT293186,2020-04-06T00:00:00Z,Severe acute respiratory syndrome-related coronavirus,29865,USA: WA,WA,Homo sapiens,,3/17/2020
MT293187,2020-04-06T00:00:00Z,Severe acute respiratory syndrome-related coronavirus,29869,USA: WA,WA,Homo sapiens,,3/17/2020
MT293188,2020-04-06T00:00:00Z,Severe acute respiratory syndrome-related coronavirus,29778,USA: WA,WA,Homo sapiens,,3/28/2020
MT293189,2020-04-06T00:00:00Z,Severe acute respiratory syndrome-related coronavirus,29863,USA: WA,WA,Homo sapiens,,3/18/2020
MT293190,2020-04-06T00:00:00Z,Severe acute respiratory syndrome-related coronavirus,29829,USA: WA,WA,Homo sapiens,,3/17/2020
MT293191,2020-04-06T00:00:00Z,Severe acute respiratory syndrome-related coronavirus,29711,USA: WA,WA,Homo sapiens,,3/17/2020
MT293192,2020-04-06T00:00:00Z,Severe acute respiratory syndrome-related coronavirus,29868,USA: WA,WA,Homo sapiens,,3/28/2020
MT293193,2020-04-06T00:00:00Z,Severe acute respiratory syndrome-related coronavirus,29251,USA: WA,WA,Homo sapiens,,3/27/2020
MT293194,2020-04-06T00:00:00Z,Severe acute respiratory syndrome-related coronavirus,29653,USA: WA,WA,Homo sapiens,,3/18/2020
MT293195,2020-04-06T00:00:00Z,Severe acute respiratory syndrome-related coronavirus,29871,USA: WA,WA,Homo sapiens,,3/28/2020
MT293196,2020-04-06T00:00:00Z,Severe acute respiratory syndrome-related coronavirus,29888,USA: WA,WA,Homo sapiens,,3/19/2020
MT293197,2020-04-06T00:00:00Z,Severe acute respiratory syndrome-related coronavirus,29619,USA: WA,WA,Homo sapiens,,3/19/2020
MT293198,2020-04-06T00:00:00Z,Severe acute respiratory syndrome-related coronavirus,29881,USA: WA,WA,Homo sapiens,,3/19/2020
MT293199,2020-04-06T00:00:00Z,Severe acute respiratory syndrome-related coronavirus,29671,USA: WA,WA,Homo sapiens,,3/19/2020
MT293200,2020-04-06T00:00:00Z,Severe acute respiratory syndrome-related coronavirus,29852,USA: WA,WA,Homo sapiens,,3/19/2020
MT293201,2020-04-06T00:00:00Z,Severe acute respiratory syndrome-related coronavirus,29846,USA: WA,WA,Homo sapiens,,3/19/2020
MT293202,2020-04-06T00:00:00Z,Severe acute respiratory syndrome-related coronavirus,29874,USA: WA,WA,Homo sapiens,,3/19/2020
MT293203,2020-04-06T00:00:00Z,Severe acute respiratory syndrome-related coronavirus,29527,USA: WA,WA,Homo sapiens,,3/18/2020
MT293204,2020-04-06T00:00:00Z,Severe acute respiratory syndrome-related coronavirus,29896,USA: WA,WA,Homo sapiens,,3/18/2020
MT293205,2020-04-06T00:00:00Z,Severe acute respiratory syndrome-related coronavirus,29833,USA: WA,WA,Homo sapiens,,3/19/2020
MT293206,2020-04-06T00:00:00Z,Severe acute respiratory syndrome-related coronavirus,29668,USA: WA,WA,Homo sapiens,,3/19/2020
MT293207,2020-04-06T00:00:00Z,Severe acute respiratory syndrome-related coronavirus,29866,USA: WA,WA,Homo sapiens,,3/19/2020
MT293208,2020-04-06T00:00:00Z,Severe acute respiratory syndrome-related coronavirus,29884,USA: WA,WA,Homo sapiens,,3/19/2020
MT293209,2020-04-06T00:00:00Z,Severe acute respiratory syndrome-related coronavirus,29842,USA: WA,WA,Homo sapiens,,3/19/2020
MT293210,2020-04-06T00:00:00Z,Severe acute respiratory syndrome-related coronavirus,29871,USA: WA,WA,Homo sapiens,,3/19/2020
MT293211,2020-04-06T00:00:00Z,Severe acute respiratory syndrome-related coronavirus,29864,USA: WA,WA,Homo sapiens,,3/19/2020
MT293212,2020-04-06T00:00:00Z,Severe acute respiratory syndrome-related coronavirus,29883,USA: WA,WA,Homo sapiens,,3/19/2020
MT293213,2020-04-06T00:00:00Z,Severe acute respiratory syndrome-related coronavirus,29887,USA: WA,WA,Homo sapiens,,3/19/2020
MT293214,2020-04-06T00:00:00Z,Severe acute respiratory syndrome-related coronavirus,29801,USA: WA,WA,Homo sapiens,,3/19/2020
MT293215,2020-04-06T00:00:00Z,Severe acute respiratory syndrome-related coronavirus,29855,USA: WA,WA,Homo sapiens,,3/19/2020
MT293216,2020-04-06T00:00:00Z,Severe acute respiratory syndrome-related coronavirus,29859,USA: WA,WA,Homo sapiens,,3/19/2020
MT293217,2020-04-06T00:00:00Z,Severe acute respiratory syndrome-related coronavirus,29273,USA: WA,WA,Homo sapiens,,3/17/2020
MT293218,2020-04-06T00:00:00Z,Severe acute respiratory syndrome-related coronavirus,29870,USA: WA,WA,Homo sapiens,,3/18/2020
MT293219,2020-04-06T00:00:00Z,Severe acute respiratory syndrome-related coronavirus,29885,USA: WA,WA,Homo sapiens,,3/18/2020
MT293220,2020-04-06T00:00:00Z,Severe acute respiratory syndrome-related coronavirus,29869,USA: WA,WA,Homo sapiens,,3/18/2020
MT293221,2020-04-06T00:00:00Z,Severe acute respiratory syndrome-related coronavirus,29559,USA: WA,WA,Homo sapiens,,3/18/2020
MT293222,2020-04-06T00:00:00Z,Severe acute respiratory syndrome-related coronavirus,29842,USA: WA,WA,Homo sapiens,,3/18/2020
MT293223,2020-04-06T00:00:00Z,Severe acute respiratory syndrome-related coronavirus,29846,USA: WA,WA,Homo sapiens,,3/18/2020
MT293224,2020-04-06T00:00:00Z,Severe acute respiratory syndrome-related coronavirus,29847,USA: WA,WA,Homo sapiens,,3/18/2020
MT293225,2020-04-06T00:00:00Z,Severe acute respiratory syndrome-related coronavirus,29865,USA: WA,WA,Homo sapiens,,3/18/2020
MT295464,2020-04-06T00:00:00Z,Severe acute respiratory syndrome-related coronavirus,29892,USA,,Homo sapiens,,3/10/2020
MT295465,2020-04-06T00:00:00Z,Severe acute respiratory syndrome-related coronavirus,29893,USA,,Homo sapiens,,3/27/2020
MT276323,2020-04-03T00:00:00Z,Severe acute respiratory syndrome-related coronavirus,29882,USA: RI,RI,Homo sapiens,oronasopharynx,2/28/2020
MT276324,2020-04-03T00:00:00Z,Severe acute respiratory syndrome-related coronavirus,29882,USA: CA,CA,Homo sapiens,oronasopharynx,2/26/2020
MT276325,2020-04-03T00:00:00Z,Severe acute respiratory syndrome-related coronavirus,29882,USA: WA,WA,Homo sapiens,oronasopharynx,2/27/2020
MT276326,2020-04-03T00:00:00Z,Severe acute respiratory syndrome-related coronavirus,29882,USA: GA,GA,Homo sapiens,oronasopharynx,2/29/2020
MT276327,2020-04-03T00:00:00Z,Severe acute respiratory syndrome-related coronavirus,29882,USA: GA,GA,Homo sapiens,oronasopharynx,2/29/2020
MT276328,2020-04-03T00:00:00Z,Severe acute respiratory syndrome-related coronavirus,29882,USA: OR,OR,Homo sapiens,oronasopharynx,2/27/2020
MT276329,2020-04-03T00:00:00Z,Severe acute respiratory syndrome-related coronavirus,29882,USA: FL,FL,Homo sapiens,oronasopharynx,2/28/2020
MT276330,2020-04-03T00:00:00Z,Severe acute respiratory syndrome-related coronavirus,29882,USA: FL,FL,Homo sapiens,oronasopharynx,2/28/2020
MT262896,2020-03-31T00:00:00Z,Severe acute respiratory syndrome-related coronavirus,29882,USA: WA,WA,Homo sapiens,,3/13/2020
MT262897,2020-03-31T00:00:00Z,Severe acute respiratory syndrome-related coronavirus,29882,USA: WA,WA,Homo sapiens,,3/13/2020
MT262898,2020-03-31T00:00:00Z,Severe acute respiratory syndrome-related coronavirus,29882,USA: WA,WA,Homo sapiens,,3/13/2020
MT262899,2020-03-31T00:00:00Z,Severe acute respiratory syndrome-related coronavirus,29882,USA: WA,WA,Homo sapiens,,3/13/2020
MT262900,2020-03-31T00:00:00Z,Severe acute respiratory syndrome-related coronavirus,29882,USA: WA,WA,Homo sapiens,,3/13/2020
MT262901,2020-03-31T00:00:00Z,Severe acute respiratory syndrome-related coronavirus,29882,USA: WA,WA,Homo sapiens,,3/13/2020
MT262902,2020-03-31T00:00:00Z,Severe acute respiratory syndrome-related coronavirus,29882,USA: WA,WA,Homo sapiens,,3/13/2020
MT262903,2020-03-31T00:00:00Z,Severe acute respiratory syndrome-related coronavirus,29882,USA: WA,WA,Homo sapiens,,3/13/2020
MT262904,2020-03-31T00:00:00Z,Severe acute respiratory syndrome-related coronavirus,29882,USA: WA,WA,Homo sapiens,,3/13/2020
MT262905,2020-03-31T00:00:00Z,Severe acute respiratory syndrome-related coronavirus,29882,USA: WA,WA,Homo sapiens,,3/13/2020
MT262906,2020-03-31T00:00:00Z,Severe acute respiratory syndrome-related coronavirus,29882,USA: WA,WA,Homo sapiens,,3/13/2020
MT262907,2020-03-31T00:00:00Z,Severe acute respiratory syndrome-related coronavirus,29882,USA: WA,WA,Homo sapiens,,3/13/2020
MT262908,2020-03-31T00:00:00Z,Severe acute respiratory syndrome-related coronavirus,29882,USA: WA,WA,Homo sapiens,,3/13/2020
MT262909,2020-03-31T00:00:00Z,Severe acute respiratory syndrome-related coronavirus,29882,USA: WA,WA,Homo sapiens,,3/13/2020
MT262910,2020-03-31T00:00:00Z,Severe acute respiratory syndrome-related coronavirus,29882,USA: WA,WA,Homo sapiens,,3/13/2020
MT262911,2020-03-31T00:00:00Z,Severe acute respiratory syndrome-related coronavirus,29882,USA: WA,WA,Homo sapiens,,3/13/2020
MT262912,2020-03-31T00:00:00Z,Severe acute respiratory syndrome-related coronavirus,29882,USA: WA,WA,Homo sapiens,,3/13/2020
MT262913,2020-03-31T00:00:00Z,Severe acute respiratory syndrome-related coronavirus,29882,USA: WA,WA,Homo sapiens,,3/13/2020
MT262914,2020-03-31T00:00:00Z,Severe acute respiratory syndrome-related coronavirus,29882,USA: WA,WA,Homo sapiens,,3/13/2020
MT262915,2020-03-31T00:00:00Z,Severe acute respiratory syndrome-related coronavirus,29882,USA: WA,WA,Homo sapiens,,3/13/2020
MT262916,2020-03-31T00:00:00Z,Severe acute respiratory syndrome-related coronavirus,29882,USA: WA,WA,Homo sapiens,,3/13/2020
MT263381,2020-03-31T00:00:00Z,Severe acute respiratory syndrome-related coronavirus,29910,USA: WA,WA,Homo sapiens,,3/23/2020
MT263382,2020-03-31T00:00:00Z,Severe acute respiratory syndrome-related coronavirus,29900,USA: WA,WA,Homo sapiens,,3/23/2020
MT263383,2020-03-31T00:00:00Z,Severe acute respiratory syndrome-related coronavirus,29797,USA: WA,WA,Homo sapiens,,3/24/2020
MT263384,2020-03-31T00:00:00Z,Severe acute respiratory syndrome-related coronavirus,29793,USA: WA,WA,Homo sapiens,,3/23/2020
MT263385,2020-03-31T00:00:00Z,Severe acute respiratory syndrome-related coronavirus,29610,USA: WA,WA,Homo sapiens,,3/23/2020
MT263386,2020-03-31T00:00:00Z,Severe acute respiratory syndrome-related coronavirus,29808,USA: CT,CT,Homo sapiens,,3/14/2020
MT263387,2020-03-31T00:00:00Z,Severe acute respiratory syndrome-related coronavirus,29852,USA: WA,WA,Homo sapiens,,3/16/2020
MT263388,2020-03-31T00:00:00Z,Severe acute respiratory syndrome-related coronavirus,29740,USA: WA,WA,Homo sapiens,,3/16/2020
MT263389,2020-03-31T00:00:00Z,Severe acute respiratory syndrome-related coronavirus,29454,USA: WA,WA,Homo sapiens,,3/16/2020
MT263390,2020-03-31T00:00:00Z,Severe acute respiratory syndrome-related coronavirus,29761,USA: WA,WA,Homo sapiens,,3/24/2020
MT263391,2020-03-31T00:00:00Z,Severe acute respiratory syndrome-related coronavirus,29911,USA: WA,WA,Homo sapiens,,3/16/2020
MT263392,2020-03-31T00:00:00Z,Severe acute respiratory syndrome-related coronavirus,29843,USA: WA,WA,Homo sapiens,,3/24/2020
MT263393,2020-03-31T00:00:00Z,Severe acute respiratory syndrome-related coronavirus,29529,USA: WA,WA,Homo sapiens,,3/14/2020
MT263394,2020-03-31T00:00:00Z,Severe acute respiratory syndrome-related coronavirus,29697,USA: WA,WA,Homo sapiens,,3/14/2020
MT263395,2020-03-31T00:00:00Z,Severe acute respiratory syndrome-related coronavirus,29904,USA: WA,WA,Homo sapiens,,3/14/2020
MT263396,2020-03-31T00:00:00Z,Severe acute respiratory syndrome-related coronavirus,29903,USA: WA,WA,Homo sapiens,,3/13/2020
MT263397,2020-03-31T00:00:00Z,Severe acute respiratory syndrome-related coronavirus,29601,USA: WA,WA,Homo sapiens,,3/24/2020
MT263398,2020-03-31T00:00:00Z,Severe acute respiratory syndrome-related coronavirus,29884,USA: WA,WA,Homo sapiens,,3/24/2020
MT263399,2020-03-31T00:00:00Z,Severe acute respiratory syndrome-related coronavirus,29886,USA: WA,WA,Homo sapiens,,3/24/2020
MT263400,2020-03-31T00:00:00Z,Severe acute respiratory syndrome-related coronavirus,29841,USA: WA,WA,Homo sapiens,,3/23/2020
MT263401,2020-03-31T00:00:00Z,Severe acute respiratory syndrome-related coronavirus,29473,USA: WA,WA,Homo sapiens,,3/15/2020
MT263402,2020-03-31T00:00:00Z,Severe acute respiratory syndrome-related coronavirus,29844,USA: WA,WA,Homo sapiens,,3/23/2020
MT263403,2020-03-31T00:00:00Z,Severe acute respiratory syndrome-related coronavirus,29878,USA: WA,WA,Homo sapiens,,3/16/2020
MT263404,2020-03-31T00:00:00Z,Severe acute respiratory syndrome-related coronavirus,29866,USA: WA,WA,Homo sapiens,,3/24/2020
MT263405,2020-03-31T00:00:00Z,Severe acute respiratory syndrome-related coronavirus,29834,USA: WA,WA,Homo sapiens,,3/16/2020
MT263406,2020-03-31T00:00:00Z,Severe acute respiratory syndrome-related coronavirus,29887,USA: MN,MN,Homo sapiens,,3/13/2020
MT263407,2020-03-31T00:00:00Z,Severe acute respiratory syndrome-related coronavirus,29575,USA: CT,CT,Homo sapiens,,3/14/2020
MT263408,2020-03-31T00:00:00Z,Severe acute respiratory syndrome-related coronavirus,29810,USA: WA,WA,Homo sapiens,,3/24/2020
MT263409,2020-03-31T00:00:00Z,Severe acute respiratory syndrome-related coronavirus,29443,USA: WA,WA,Homo sapiens,,3/13/2020
MT263410,2020-03-31T00:00:00Z,Severe acute respiratory syndrome-related coronavirus,29871,USA: WA,WA,Homo sapiens,,3/16/2020
MT263411,2020-03-31T00:00:00Z,Severe acute respiratory syndrome-related coronavirus,29866,USA: CT,CT,Homo sapiens,,3/14/2020
MT263412,2020-03-31T00:00:00Z,Severe acute respiratory syndrome-related coronavirus,29829,USA: WA,WA,Homo sapiens,,3/16/2020
MT263413,2020-03-31T00:00:00Z,Severe acute respiratory syndrome-related coronavirus,29862,USA: WA,WA,Homo sapiens,,3/16/2020
MT263414,2020-03-31T00:00:00Z,Severe acute respiratory syndrome-related coronavirus,29830,USA: WA,WA,Homo sapiens,,3/24/2020
MT263415,2020-03-31T00:00:00Z,Severe acute respiratory syndrome-related coronavirus,29840,USA: MN,MN,Homo sapiens,,3/13/2020
MT263416,2020-03-31T00:00:00Z,Severe acute respiratory syndrome-related coronavirus,29815,USA: WA,WA,Homo sapiens,,3/16/2020
MT263417,2020-03-31T00:00:00Z,Severe acute respiratory syndrome-related coronavirus,29871,USA: WA,WA,Homo sapiens,,3/24/2020
MT263418,2020-03-31T00:00:00Z,Severe acute respiratory syndrome-related coronavirus,29876,USA: WA,WA,Homo sapiens,,3/16/2020
MT263419,2020-03-31T00:00:00Z,Severe acute respiratory syndrome-related coronavirus,29853,USA: WA,WA,Homo sapiens,,3/16/2020
MT263420,2020-03-31T00:00:00Z,Severe acute respiratory syndrome-related coronavirus,29839,USA: WA,WA,Homo sapiens,,3/20/2020
MT263421,2020-03-31T00:00:00Z,Severe acute respiratory syndrome-related coronavirus,29900,USA: WA,WA,Homo sapiens,,3/24/2020
MT263422,2020-03-31T00:00:00Z,Severe acute respiratory syndrome-related coronavirus,29837,USA: WA,WA,Homo sapiens,,3/16/2020
MT263423,2020-03-31T00:00:00Z,Severe acute respiratory syndrome-related coronavirus,29829,USA: WA,WA,Homo sapiens,,3/23/2020
MT263424,2020-03-31T00:00:00Z,Severe acute respiratory syndrome-related coronavirus,29830,USA: WA,WA,Homo sapiens,,3/24/2020
MT263425,2020-03-31T00:00:00Z,Severe acute respiratory syndrome-related coronavirus,29841,USA: WA,WA,Homo sapiens,,3/24/2020
MT263426,2020-03-31T00:00:00Z,Severe acute respiratory syndrome-related coronavirus,29792,USA: WA,WA,Homo sapiens,,3/16/2020
MT263427,2020-03-31T00:00:00Z,Severe acute respiratory syndrome-related coronavirus,29818,USA: WA,WA,Homo sapiens,,3/16/2020
MT263428,2020-03-31T00:00:00Z,Severe acute respiratory syndrome-related coronavirus,29778,USA: IL,IL,Homo sapiens,,3/13/2020
MT263429,2020-03-31T00:00:00Z,Severe acute respiratory syndrome-related coronavirus,29889,USA: IL,IL,Homo sapiens,,3/13/2020
MT263430,2020-03-31T00:00:00Z,Severe acute respiratory syndrome-related coronavirus,29838,USA: WA,WA,Homo sapiens,,3/24/2020
MT263431,2020-03-31T00:00:00Z,Severe acute respiratory syndrome-related coronavirus,29863,USA: WA,WA,Homo sapiens,,3/24/2020
MT263432,2020-03-31T00:00:00Z,Severe acute respiratory syndrome-related coronavirus,29866,USA: WA,WA,Homo sapiens,,3/24/2020
MT263433,2020-03-31T00:00:00Z,Severe acute respiratory syndrome-related coronavirus,29853,USA: IL,IL,Homo sapiens,,3/13/2020
MT263434,2020-03-31T00:00:00Z,Severe acute respiratory syndrome-related coronavirus,29790,USA: WA,WA,Homo sapiens,,3/24/2020
MT263435,2020-03-31T00:00:00Z,Severe acute respiratory syndrome-related coronavirus,29882,USA: WA,WA,Homo sapiens,,3/24/2020
MT263436,2020-03-31T00:00:00Z,Severe acute respiratory syndrome-related coronavirus,29846,USA: WA,WA,Homo sapiens,,3/24/2020
MT263437,2020-03-31T00:00:00Z,Severe acute respiratory syndrome-related coronavirus,29871,USA: WA,WA,Homo sapiens,,3/14/2020
MT263438,2020-03-31T00:00:00Z,Severe acute respiratory syndrome-related coronavirus,29872,USA,,Homo sapiens,,2020-03
MT263439,2020-03-31T00:00:00Z,Severe acute respiratory syndrome-related coronavirus,29863,USA: WA,WA,Homo sapiens,,3/24/2020
MT263440,2020-03-31T00:00:00Z,Severe acute respiratory syndrome-related coronavirus,29863,USA: WA,WA,Homo sapiens,,3/24/2020
MT263441,2020-03-31T00:00:00Z,Severe acute respiratory syndrome-related coronavirus,29793,USA: WA,WA,Homo sapiens,,3/24/2020
MT263442,2020-03-31T00:00:00Z,Severe acute respiratory syndrome-related coronavirus,29819,USA: WA,WA,Homo sapiens,,3/24/2020
MT263443,2020-03-31T00:00:00Z,Severe acute respiratory syndrome-related coronavirus,29869,USA: WA,WA,Homo sapiens,,3/24/2020
MT263444,2020-03-31T00:00:00Z,Severe acute respiratory syndrome-related coronavirus,29857,USA: WA,WA,Homo sapiens,,3/20/2020
MT263445,2020-03-31T00:00:00Z,Severe acute respiratory syndrome-related coronavirus,29868,USA: WA,WA,Homo sapiens,,3/24/2020
MT263446,2020-03-31T00:00:00Z,Severe acute respiratory syndrome-related coronavirus,29872,USA: WA,WA,Homo sapiens,,3/24/2020
MT263447,2020-03-31T00:00:00Z,Severe acute respiratory syndrome-related coronavirus,29868,USA: WA,WA,Homo sapiens,,3/14/2020
MT263448,2020-03-31T00:00:00Z,Severe acute respiratory syndrome-related coronavirus,29828,USA: WA,WA,Homo sapiens,,3/16/2020
MT263449,2020-03-31T00:00:00Z,Severe acute respiratory syndrome-related coronavirus,29828,USA: WA,WA,Homo sapiens,,3/24/2020
MT263450,2020-03-31T00:00:00Z,Severe acute respiratory syndrome-related coronavirus,29841,USA: WA,WA,Homo sapiens,,3/24/2020
MT263451,2020-03-31T00:00:00Z,Severe acute respiratory syndrome-related coronavirus,29693,USA: WA,WA,Homo sapiens,,3/16/2020
MT263452,2020-03-31T00:00:00Z,Severe acute respiratory syndrome-related coronavirus,29833,USA: WA,WA,Homo sapiens,,3/17/2020
MT263453,2020-03-31T00:00:00Z,Severe acute respiratory syndrome-related coronavirus,29777,USA: WA,WA,Homo sapiens,,3/24/2020
MT263454,2020-03-31T00:00:00Z,Severe acute respiratory syndrome-related coronavirus,29837,USA: WA,WA,Homo sapiens,,2020-03
MT263455,2020-03-31T00:00:00Z,Severe acute respiratory syndrome-related coronavirus,29705,USA: WA,WA,Homo sapiens,,3/24/2020
MT263456,2020-03-31T00:00:00Z,Severe acute respiratory syndrome-related coronavirus,29775,USA: WA,WA,Homo sapiens,,3/24/2020
MT263457,2020-03-31T00:00:00Z,Severe acute respiratory syndrome-related coronavirus,29801,USA: WA,WA,Homo sapiens,,3/15/2020
MT263458,2020-03-31T00:00:00Z,Severe acute respiratory syndrome-related coronavirus,29881,USA: WA,WA,Homo sapiens,,3/15/2020
MT263459,2020-03-31T00:00:00Z,Severe acute respiratory syndrome-related coronavirus,29917,USA: WA,WA,Homo sapiens,,3/24/2020
MT263460,2020-03-31T00:00:00Z,Severe acute respiratory syndrome-related coronavirus,29755,USA: IL,IL,Homo sapiens,,3/12/2020
MT263461,2020-03-31T00:00:00Z,Severe acute respiratory syndrome-related coronavirus,29828,USA: WA,WA,Homo sapiens,,3/22/2020
MT263462,2020-03-31T00:00:00Z,Severe acute respiratory syndrome-related coronavirus,29764,USA: WA,WA,Homo sapiens,,3/23/2020
MT263463,2020-03-31T00:00:00Z,Severe acute respiratory syndrome-related coronavirus,29868,USA: CT,CT,Homo sapiens,,3/16/2020
MT263464,2020-03-31T00:00:00Z,Severe acute respiratory syndrome-related coronavirus,29832,USA: WA,WA,Homo sapiens,,3/16/2020
MT263465,2020-03-31T00:00:00Z,Severe acute respiratory syndrome-related coronavirus,29867,USA: WA,WA,Homo sapiens,,3/16/2020
MT263466,2020-03-31T00:00:00Z,Severe acute respiratory syndrome-related coronavirus,29634,USA: WA,WA,Homo sapiens,,3/16/2020
MT263467,2020-03-31T00:00:00Z,Severe acute respiratory syndrome-related coronavirus,29853,USA: WA,WA,Homo sapiens,,3/16/2020
MT263468,2020-03-31T00:00:00Z,Severe acute respiratory syndrome-related coronavirus,29892,USA: WA,WA,Homo sapiens,,3/17/2020
MT263469,2020-03-31T00:00:00Z,Severe acute respiratory syndrome-related coronavirus,29857,USA: WA,WA,Homo sapiens,,3/15/2020
MT258377,2020-03-30T00:00:00Z,Severe acute respiratory syndrome-related coronavirus,29888,"USA: San Francisco, CA",CA,Homo sapiens,,3/18/2020
MT258378,2020-03-30T00:00:00Z,Severe acute respiratory syndrome-related coronavirus,29892,"USA: San Francisco, CA",CA,Homo sapiens,,3/18/2020
MT258379,2020-03-30T00:00:00Z,Severe acute respiratory syndrome-related coronavirus,29892,"USA: San Francisco, CA",CA,Homo sapiens,,3/18/2020
MT258380,2020-03-30T00:00:00Z,Severe acute respiratory syndrome-related coronavirus,29890,"USA: San Francisco, CA",CA,Homo sapiens,,3/18/2020
MT258381,2020-03-30T00:00:00Z,Severe acute respiratory syndrome-related coronavirus,29899,"USA: San Francisco, CA",CA,Homo sapiens,,3/18/2020
MT258382,2020-03-30T00:00:00Z,Severe acute respiratory syndrome-related coronavirus,29885,"USA: San Francisco, CA",CA,Homo sapiens,,3/18/2020
MT258383,2020-03-30T00:00:00Z,Severe acute respiratory syndrome-related coronavirus,29887,"USA: San Francisco, CA",CA,Homo sapiens,,3/18/2020
MT259235,2020-03-30T00:00:00Z,Severe acute respiratory syndrome-related coronavirus,29751,USA: WA,WA,Homo sapiens,,3/13/2020
MT259236,2020-03-30T00:00:00Z,Severe acute respiratory syndrome-related coronavirus,29883,USA: WA,WA,Homo sapiens,,3/16/2020
MT259237,2020-03-30T00:00:00Z,Severe acute respiratory syndrome-related coronavirus,29864,USA: WA,WA,Homo sapiens,,3/16/2020
MT259238,2020-03-30T00:00:00Z,Severe acute respiratory syndrome-related coronavirus,29161,USA: WA,WA,Homo sapiens,,3/16/2020
MT259239,2020-03-30T00:00:00Z,Severe acute respiratory syndrome-related coronavirus,29583,USA: WA,WA,Homo sapiens,,3/16/2020
MT259240,2020-03-30T00:00:00Z,Severe acute respiratory syndrome-related coronavirus,29544,USA: WA,WA,Homo sapiens,,3/16/2020
MT259241,2020-03-30T00:00:00Z,Severe acute respiratory syndrome-related coronavirus,29682,USA: WA,WA,Homo sapiens,,3/16/2020
MT259242,2020-03-30T00:00:00Z,Severe acute respiratory syndrome-related coronavirus,29173,USA: CT,CT,Homo sapiens,,3/14/2020
MT259243,2020-03-30T00:00:00Z,Severe acute respiratory syndrome-related coronavirus,29757,USA: WA,WA,Homo sapiens,,3/13/2020
MT259244,2020-03-30T00:00:00Z,Severe acute respiratory syndrome-related coronavirus,29865,USA: WA,WA,Homo sapiens,,3/16/2020
MT259245,2020-03-30T00:00:00Z,Severe acute respiratory syndrome-related coronavirus,29826,USA: WA,WA,Homo sapiens,,3/15/2020
MT259246,2020-03-30T00:00:00Z,Severe acute respiratory syndrome-related coronavirus,29842,USA: WA,WA,Homo sapiens,,3/13/2020
MT259247,2020-03-30T00:00:00Z,Severe acute respiratory syndrome-related coronavirus,29646,USA: WA,WA,Homo sapiens,,3/16/2020
MT259248,2020-03-30T00:00:00Z,Severe acute respiratory syndrome-related coronavirus,29879,USA: CT,CT,Homo sapiens,,3/14/2020
MT259249,2020-03-30T00:00:00Z,Severe acute respiratory syndrome-related coronavirus,29821,USA: WA,WA,Homo sapiens,,3/13/2020
MT259250,2020-03-30T00:00:00Z,Severe acute respiratory syndrome-related coronavirus,29702,USA: WA,WA,Homo sapiens,,3/14/2020
MT259251,2020-03-30T00:00:00Z,Severe acute respiratory syndrome-related coronavirus,29884,USA: WA,WA,Homo sapiens,,3/14/2020
MT259252,2020-03-30T00:00:00Z,Severe acute respiratory syndrome-related coronavirus,29790,USA: WA,WA,Homo sapiens,,3/14/2020
MT259253,2020-03-30T00:00:00Z,Severe acute respiratory syndrome-related coronavirus,29813,USA: WA,WA,Homo sapiens,,3/16/2020
MT259254,2020-03-30T00:00:00Z,Severe acute respiratory syndrome-related coronavirus,29887,USA: WA,WA,Homo sapiens,,3/16/2020
MT259255,2020-03-30T00:00:00Z,Severe acute respiratory syndrome-related coronavirus,29450,USA: WA,WA,Homo sapiens,,3/16/2020
MT259256,2020-03-30T00:00:00Z,Severe acute respiratory syndrome-related coronavirus,29833,USA: WA,WA,Homo sapiens,,3/13/2020
MT259257,2020-03-30T00:00:00Z,Severe acute respiratory syndrome-related coronavirus,29868,USA: WA,WA,Homo sapiens,,3/16/2020
MT259258,2020-03-30T00:00:00Z,Severe acute respiratory syndrome-related coronavirus,29657,USA: MN,MN,Homo sapiens,,3/13/2020
MT259259,2020-03-30T00:00:00Z,Severe acute respiratory syndrome-related coronavirus,29280,USA: WA,WA,Homo sapiens,,3/16/2020
MT259260,2020-03-30T00:00:00Z,Severe acute respiratory syndrome-related coronavirus,29871,USA: WA,WA,Homo sapiens,,3/16/2020
MT259261,2020-03-30T00:00:00Z,Severe acute respiratory syndrome-related coronavirus,29837,USA: WA,WA,Homo sapiens,,3/16/2020
MT259262,2020-03-30T00:00:00Z,Severe acute respiratory syndrome-related coronavirus,29599,USA: WA,WA,Homo sapiens,,3/14/2020
MT259263,2020-03-30T00:00:00Z,Severe acute respiratory syndrome-related coronavirus,29878,USA: WA,WA,Homo sapiens,,3/13/2020
MT259264,2020-03-30T00:00:00Z,Severe acute respiratory syndrome-related coronavirus,29836,USA: WA,WA,Homo sapiens,,3/13/2020
MT259265,2020-03-30T00:00:00Z,Severe acute respiratory syndrome-related coronavirus,29468,USA: WA,WA,Homo sapiens,,3/13/2020
MT259266,2020-03-30T00:00:00Z,Severe acute respiratory syndrome-related coronavirus,29776,USA: WA,WA,Homo sapiens,,3/13/2020
MT259267,2020-03-30T00:00:00Z,Severe acute respiratory syndrome-related coronavirus,29852,USA: WA,WA,Homo sapiens,,3/14/2020
MT259268,2020-03-30T00:00:00Z,Severe acute respiratory syndrome-related coronavirus,29759,USA: WA,WA,Homo sapiens,,3/13/2020
MT259269,2020-03-30T00:00:00Z,Severe acute respiratory syndrome-related coronavirus,29894,USA: WA,WA,Homo sapiens,,3/14/2020
MT259270,2020-03-30T00:00:00Z,Severe acute respiratory syndrome-related coronavirus,29436,USA: WA,WA,Homo sapiens,,3/16/2020
MT259271,2020-03-30T00:00:00Z,Severe acute respiratory syndrome-related coronavirus,29864,USA: WA,WA,Homo sapiens,,3/15/2020
MT259272,2020-03-30T00:00:00Z,Severe acute respiratory syndrome-related coronavirus,29389,USA: WA,WA,Homo sapiens,,3/13/2020
MT259273,2020-03-30T00:00:00Z,Severe acute respiratory syndrome-related coronavirus,29892,USA: WA,WA,Homo sapiens,,3/15/2020
MT259274,2020-03-30T00:00:00Z,Severe acute respiratory syndrome-related coronavirus,29779,USA: WA,WA,Homo sapiens,,3/14/2020
MT259275,2020-03-30T00:00:00Z,Severe acute respiratory syndrome-related coronavirus,29841,USA: WA,WA,Homo sapiens,,3/14/2020
MT259276,2020-03-30T00:00:00Z,Severe acute respiratory syndrome-related coronavirus,29872,USA: WA,WA,Homo sapiens,,3/15/2020
MT259277,2020-03-30T00:00:00Z,Severe acute respiratory syndrome-related coronavirus,29881,USA: WA,WA,Homo sapiens,,3/15/2020
MT259278,2020-03-30T00:00:00Z,Severe acute respiratory syndrome-related coronavirus,29897,USA: WA,WA,Homo sapiens,,3/15/2020
MT259279,2020-03-30T00:00:00Z,Severe acute respiratory syndrome-related coronavirus,29399,USA: WA,WA,Homo sapiens,,3/15/2020
MT259280,2020-03-30T00:00:00Z,Severe acute respiratory syndrome-related coronavirus,29642,USA: WA,WA,Homo sapiens,,3/15/2020
MT259281,2020-03-30T00:00:00Z,Severe acute respiratory syndrome-related coronavirus,29839,USA: WA,WA,Homo sapiens,,3/15/2020
MT259282,2020-03-30T00:00:00Z,Severe acute respiratory syndrome-related coronavirus,29815,USA: WA,WA,Homo sapiens,,3/15/2020
MT259283,2020-03-30T00:00:00Z,Severe acute respiratory syndrome-related coronavirus,29192,USA: WA,WA,Homo sapiens,,3/15/2020
MT259284,2020-03-30T00:00:00Z,Severe acute respiratory syndrome-related coronavirus,29432,USA: WA,WA,Homo sapiens,,3/15/2020
MT259285,2020-03-30T00:00:00Z,Severe acute respiratory syndrome-related coronavirus,29831,USA: WA,WA,Homo sapiens,,3/15/2020
MT259286,2020-03-30T00:00:00Z,Severe acute respiratory syndrome-related coronavirus,29857,USA: WA,WA,Homo sapiens,,3/15/2020
MT259287,2020-03-30T00:00:00Z,Severe acute respiratory syndrome-related coronavirus,29688,USA: WA,WA,Homo sapiens,,3/15/2020
MT251972,2020-03-27T00:00:00Z,Severe acute respiratory syndrome-related coronavirus,29861,USA: WA,WA,Homo sapiens,,3/14/2020
MT251973,2020-03-27T00:00:00Z,Severe acute respiratory syndrome-related coronavirus,29871,USA: WA,WA,Homo sapiens,,3/14/2020
MT251974,2020-03-27T00:00:00Z,Severe acute respiratory syndrome-related coronavirus,29852,USA: CT,CT,Homo sapiens,,3/12/2020
MT251975,2020-03-27T00:00:00Z,Severe acute respiratory syndrome-related coronavirus,29875,USA: WA,WA,Homo sapiens,,3/14/2020
MT251976,2020-03-27T00:00:00Z,Severe acute respiratory syndrome-related coronavirus,29899,USA: WA,WA,Homo sapiens,,3/14/2020
MT251977,2020-03-27T00:00:00Z,Severe acute respiratory syndrome-related coronavirus,29829,USA: WA,WA,Homo sapiens,,3/14/2020
MT251978,2020-03-27T00:00:00Z,Severe acute respiratory syndrome-related coronavirus,29905,USA: WA,WA,Homo sapiens,,3/14/2020
MT251979,2020-03-27T00:00:00Z,Severe acute respiratory syndrome-related coronavirus,29839,USA: WA,WA,Homo sapiens,,3/14/2020
MT251980,2020-03-27T00:00:00Z,Severe acute respiratory syndrome-related coronavirus,29845,USA: WA,WA,Homo sapiens,,3/13/2020
MT233526,2020-03-26T00:00:00Z,Severe acute respiratory syndrome-related coronavirus,29847,USA: WA,WA,Homo sapiens,oronasopharynx,1/19/2020
MT246449,2020-03-26T00:00:00Z,Severe acute respiratory syndrome-related coronavirus,29828,USA: WA,WA,Homo sapiens,,3/13/2020
MT246450,2020-03-26T00:00:00Z,Severe acute respiratory syndrome-related coronavirus,29872,USA: WA,WA,Homo sapiens,,3/13/2020
MT246451,2020-03-26T00:00:00Z,Severe acute respiratory syndrome-related coronavirus,29868,USA: WA,WA,Homo sapiens,,3/13/2020
MT246452,2020-03-26T00:00:00Z,Severe acute respiratory syndrome-related coronavirus,29888,USA: WA,WA,Homo sapiens,,3/13/2020
MT246453,2020-03-26T00:00:00Z,Severe acute respiratory syndrome-related coronavirus,29823,USA: WA,WA,Homo sapiens,,3/13/2020
MT246454,2020-03-26T00:00:00Z,Severe acute respiratory syndrome-related coronavirus,29892,USA: WA,WA,Homo sapiens,,3/12/2020
MT246455,2020-03-26T00:00:00Z,Severe acute respiratory syndrome-related coronavirus,29857,USA: WA,WA,Homo sapiens,,3/12/2020
MT246456,2020-03-26T00:00:00Z,Severe acute respiratory syndrome-related coronavirus,29846,USA: WA,WA,Homo sapiens,,3/13/2020
MT246457,2020-03-26T00:00:00Z,Severe acute respiratory syndrome-related coronavirus,29843,USA: WA,WA,Homo sapiens,,3/12/2020
MT246458,2020-03-26T00:00:00Z,Severe acute respiratory syndrome-related coronavirus,29765,USA: WA,WA,Homo sapiens,,3/12/2020
MT246459,2020-03-26T00:00:00Z,Severe acute respiratory syndrome-related coronavirus,29909,USA: WA,WA,Homo sapiens,,3/12/2020
MT246460,2020-03-26T00:00:00Z,Severe acute respiratory syndrome-related coronavirus,29917,USA: WA,WA,Homo sapiens,,3/12/2020
MT246461,2020-03-26T00:00:00Z,Severe acute respiratory syndrome-related coronavirus,29877,USA: WA,WA,Homo sapiens,,3/13/2020
MT246462,2020-03-26T00:00:00Z,Severe acute respiratory syndrome-related coronavirus,29903,USA: WA,WA,Homo sapiens,,3/13/2020
MT246463,2020-03-26T00:00:00Z,Severe acute respiratory syndrome-related coronavirus,29782,USA: WA,WA,Homo sapiens,,3/13/2020
MT246464,2020-03-26T00:00:00Z,Severe acute respiratory syndrome-related coronavirus,29818,USA: WA,WA,Homo sapiens,,3/13/2020
MT246465,2020-03-26T00:00:00Z,Severe acute respiratory syndrome-related coronavirus,29781,USA: WA,WA,Homo sapiens,,3/13/2020
MT246466,2020-03-26T00:00:00Z,Severe acute respiratory syndrome-related coronavirus,29897,USA: WA,WA,Homo sapiens,,3/13/2020
MT246467,2020-03-26T00:00:00Z,Severe acute respiratory syndrome-related coronavirus,29899,USA: WA,WA,Homo sapiens,,3/14/2020
MT246468,2020-03-26T00:00:00Z,Severe acute respiratory syndrome-related coronavirus,29843,USA: WA,WA,Homo sapiens,,3/14/2020
MT246469,2020-03-26T00:00:00Z,Severe acute respiratory syndrome-related coronavirus,29869,USA: WA,WA,Homo sapiens,,3/14/2020
MT246470,2020-03-26T00:00:00Z,Severe acute respiratory syndrome-related coronavirus,29860,USA: WA,WA,Homo sapiens,,3/13/2020
MT246471,2020-03-26T00:00:00Z,Severe acute respiratory syndrome-related coronavirus,29871,USA: WA,WA,Homo sapiens,,3/14/2020
MT246472,2020-03-26T00:00:00Z,Severe acute respiratory syndrome-related coronavirus,29810,USA: WA,WA,Homo sapiens,,3/12/2020
MT246473,2020-03-26T00:00:00Z,Severe acute respiratory syndrome-related coronavirus,29825,USA: WA,WA,Homo sapiens,,3/14/2020
MT246474,2020-03-26T00:00:00Z,Severe acute respiratory syndrome-related coronavirus,29884,USA: WA,WA,Homo sapiens,,3/14/2020
MT246475,2020-03-26T00:00:00Z,Severe acute respiratory syndrome-related coronavirus,29877,USA: WA,WA,Homo sapiens,,3/13/2020
MT246476,2020-03-26T00:00:00Z,Severe acute respiratory syndrome-related coronavirus,29863,USA: WA,WA,Homo sapiens,,3/13/2020
MT246477,2020-03-26T00:00:00Z,Severe acute respiratory syndrome-related coronavirus,29886,USA: WA,WA,Homo sapiens,,3/14/2020
MT246478,2020-03-26T00:00:00Z,Severe acute respiratory syndrome-related coronavirus,29889,USA: WA,WA,Homo sapiens,,3/14/2020
MT246479,2020-03-26T00:00:00Z,Severe acute respiratory syndrome-related coronavirus,29828,USA: WA,WA,Homo sapiens,,3/13/2020
MT246480,2020-03-26T00:00:00Z,Severe acute respiratory syndrome-related coronavirus,29904,USA: WA,WA,Homo sapiens,,3/13/2020
MT246481,2020-03-26T00:00:00Z,Severe acute respiratory syndrome-related coronavirus,29873,USA: WA,WA,Homo sapiens,,3/13/2020
MT246482,2020-03-26T00:00:00Z,Severe acute respiratory syndrome-related coronavirus,29844,USA: WA,WA,Homo sapiens,,3/15/2020
MT246483,2020-03-26T00:00:00Z,Severe acute respiratory syndrome-related coronavirus,29765,USA: WA,WA,Homo sapiens,,3/15/2020
MT246484,2020-03-26T00:00:00Z,Severe acute respiratory syndrome-related coronavirus,29870,USA: WA,WA,Homo sapiens,,3/15/2020
MT246485,2020-03-26T00:00:00Z,Severe acute respiratory syndrome-related coronavirus,29775,USA: WA,WA,Homo sapiens,,3/15/2020
MT246486,2020-03-26T00:00:00Z,Severe acute respiratory syndrome-related coronavirus,29867,USA: WA,WA,Homo sapiens,,3/14/2020
MT246487,2020-03-26T00:00:00Z,Severe acute respiratory syndrome-related coronavirus,29883,USA: WA,WA,Homo sapiens,,3/15/2020
MT246488,2020-03-26T00:00:00Z,Severe acute respiratory syndrome-related coronavirus,29842,USA: WA,WA,Homo sapiens,,3/14/2020
MT246489,2020-03-26T00:00:00Z,Severe acute respiratory syndrome-related coronavirus,29864,USA: WA,WA,Homo sapiens,,3/14/2020
MT246490,2020-03-26T00:00:00Z,Severe acute respiratory syndrome-related coronavirus,29850,USA: WA,WA,Homo sapiens,,3/15/2020
MT246667,2020-03-26T00:00:00Z,Severe acute respiratory syndrome-related coronavirus,29867,USA: WA,WA,Homo sapiens,oronasopharynx,1/19/2020
MT192765,2020-03-16T00:00:00Z,Severe acute respiratory syndrome-related coronavirus,29829,"USA: CA, San Diego County",CA,Homo sapiens,,3/11/2020
MT188339,2020-03-13T00:00:00Z,Severe acute respiratory syndrome-related coronavirus,29783,USA: MN,MN,Homo sapiens,,3/9/2020
MT188340,2020-03-13T00:00:00Z,Severe acute respiratory syndrome-related coronavirus,29845,USA: MN,MN,Homo sapiens,,3/7/2020
MT188341,2020-03-13T00:00:00Z,Severe acute respiratory syndrome-related coronavirus,29835,USA: MN,MN,Homo sapiens,,3/5/2020
MT184907,2020-03-12T00:00:00Z,Severe acute respiratory syndrome-related coronavirus,29882,USA,,Homo sapiens,oronasopharynx,2/18/2020
MT184908,2020-03-12T00:00:00Z,Severe acute respiratory syndrome-related coronavirus,29882,USA,,Homo sapiens,oronasopharynx,2/21/2020
MT184909,2020-03-12T00:00:00Z,Severe acute respiratory syndrome-related coronavirus,29882,USA,,Homo sapiens,oronasopharynx,2/21/2020
MT184910,2020-03-12T00:00:00Z,Severe acute respiratory syndrome-related coronavirus,29882,USA,,Homo sapiens,oronasopharynx,2/18/2020
MT184911,2020-03-12T00:00:00Z,Severe acute respiratory syndrome-related coronavirus,29882,USA,,Homo sapiens,oronasopharynx,2/17/2020
MT184912,2020-03-12T00:00:00Z,Severe acute respiratory syndrome-related coronavirus,29882,USA,,Homo sapiens,oronasopharynx,2/17/2020
MT184913,2020-03-12T00:00:00Z,Severe acute respiratory syndrome-related coronavirus,29882,USA,,Homo sapiens,oronasopharynx,2/24/2020
MT163716,2020-03-10T00:00:00Z,Severe acute respiratory syndrome-related coronavirus,29903,USA: WA,WA,Homo sapiens,,2/27/2020
MT163717,2020-03-10T00:00:00Z,Severe acute respiratory syndrome-related coronavirus,29897,USA: WA,WA,Homo sapiens,,2/28/2020
MT163718,2020-03-10T00:00:00Z,Severe acute respiratory syndrome-related coronavirus,29903,USA: WA,WA,Homo sapiens,,2/29/2020
MT163719,2020-03-10T00:00:00Z,Severe acute respiratory syndrome-related coronavirus,29903,USA: WA,WA,Homo sapiens,,3/1/2020
MT163720,2020-03-10T00:00:00Z,Severe acute respiratory syndrome-related coronavirus,29732,USA: WA,WA,Homo sapiens,,3/1/2020
MT163721,2020-03-10T00:00:00Z,Severe acute respiratory syndrome-related coronavirus,29325,USA: WA,WA,Homo sapiens,,3/1/2020
MT159705,2020-03-09T00:00:00Z,Severe acute respiratory syndrome-related coronavirus,29882,USA,,Homo sapiens,oronasopharynx,2/17/2020
MT159706,2020-03-09T00:00:00Z,Severe acute respiratory syndrome-related coronavirus,29882,USA,,Homo sapiens,oronasopharynx,2/17/2020
MT159707,2020-03-09T00:00:00Z,Severe acute respiratory syndrome-related coronavirus,29882,USA,,Homo sapiens,oronasopharynx,2/17/2020
MT159708,2020-03-09T00:00:00Z,Severe acute respiratory syndrome-related coronavirus,29882,USA,,Homo sapiens,oronasopharynx,2/17/2020
MT159709,2020-03-09T00:00:00Z,Severe acute respiratory syndrome-related coronavirus,29882,USA,,Homo sapiens,oronasopharynx,2/20/2020
MT159710,2020-03-09T00:00:00Z,Severe acute respiratory syndrome-related coronavirus,29882,USA,,Homo sapiens,oronasopharynx,2/17/2020
MT159711,2020-03-09T00:00:00Z,Severe acute respiratory syndrome-related coronavirus,29882,USA,,Homo sapiens,oronasopharynx,2/20/2020
MT159712,2020-03-09T00:00:00Z,Severe acute respiratory syndrome-related coronavirus,29882,USA,,Homo sapiens,oronasopharynx,2/25/2020
MT159713,2020-03-09T00:00:00Z,Severe acute respiratory syndrome-related coronavirus,29882,USA,,Homo sapiens,oronasopharynx,2/18/2020
MT159714,2020-03-09T00:00:00Z,Severe acute respiratory syndrome-related coronavirus,29882,USA,,Homo sapiens,oronasopharynx,2/18/2020
MT159715,2020-03-09T00:00:00Z,Severe acute respiratory syndrome-related coronavirus,29882,USA,,Homo sapiens,oronasopharynx,2/24/2020
MT159716,2020-03-09T00:00:00Z,Severe acute respiratory syndrome-related coronavirus,29867,USA,,Homo sapiens,oronasopharynx,2/24/2020
MT159717,2020-03-09T00:00:00Z,Severe acute respiratory syndrome-related coronavirus,29882,USA,,Homo sapiens,oronasopharynx,2/17/2020
MT159718,2020-03-09T00:00:00Z,Severe acute respiratory syndrome-related coronavirus,29882,USA,,Homo sapiens,oronasopharynx,2/18/2020
MT159719,2020-03-09T00:00:00Z,Severe acute respiratory syndrome-related coronavirus,29882,USA,,Homo sapiens,oronasopharynx,2/18/2020
MT159720,2020-03-09T00:00:00Z,Severe acute respiratory syndrome-related coronavirus,29882,USA,,Homo sapiens,oronasopharynx,2/21/2020
MT159721,2020-03-09T00:00:00Z,Severe acute respiratory syndrome-related coronavirus,29882,USA,,Homo sapiens,oronasopharynx,2/21/2020
MT159722,2020-03-09T00:00:00Z,Severe acute respiratory syndrome-related coronavirus,29882,USA,,Homo sapiens,oronasopharynx,2/21/2020
MT152824,2020-03-05T00:00:00Z,Severe acute respiratory syndrome-related coronavirus,29878,"USA: Snohomish County, WA",WA,Homo sapiens,,2/24/2020
MT118835,2020-02-27T00:00:00Z,Severe acute respiratory syndrome-related coronavirus,29882,USA: CA,CA,Homo sapiens,lung,2/23/2020
MT106052,2020-02-24T00:00:00Z,Severe acute respiratory syndrome-related coronavirus,29882,USA: CA,CA,Homo sapiens,oronasopharynx,2/6/2020
MT106053,2020-02-24T00:00:00Z,Severe acute respiratory syndrome-related coronavirus,29882,USA: CA,CA,Homo sapiens,oronasopharynx,2/10/2020
MT106054,2020-02-24T00:00:00Z,Severe acute respiratory syndrome-related coronavirus,29882,USA: TX,TX,Homo sapiens,"lung, oronasopharynx",2/11/2020
MT044257,2020-02-12T00:00:00Z,Severe acute respiratory syndrome-related coronavirus,29882,USA: IL,IL,Homo sapiens,"lung, oronasopharynx",1/28/2020
MT044258,2020-02-12T00:00:00Z,Severe acute respiratory syndrome-related coronavirus,29858,USA: CA,CA,Homo sapiens,oronasopharynx,1/27/2020
MT039887,2020-02-11T00:00:00Z,Severe acute respiratory syndrome-related coronavirus,29879,USA: WI,WI,Homo sapiens,oronasopharynx,1/31/2020
MT039888,2020-02-11T00:00:00Z,Severe acute respiratory syndrome-related coronavirus,29882,USA: MA,MA,Homo sapiens,oronasopharynx,1/29/2020
MT027062,2020-02-07T00:00:00Z,Severe acute respiratory syndrome-related coronavirus,29882,USA: CA,CA,Homo sapiens,oronasopharynx,1/29/2020
MT027063,2020-02-07T00:00:00Z,Severe acute respiratory syndrome-related coronavirus,29882,USA: CA,CA,Homo sapiens,oronasopharynx,1/29/2020
MT027064,2020-02-07T00:00:00Z,Severe acute respiratory syndrome-related coronavirus,29882,USA: CA,CA,Homo sapiens,oronasopharynx,1/29/2020
MT020880,2020-02-05T00:00:00Z,Severe acute respiratory syndrome-related coronavirus,29882,USA: WA,WA,Homo sapiens,oronasopharynx,1/25/2020
MT020881,2020-02-05T00:00:00Z,Severe acute respiratory syndrome-related coronavirus,29882,USA: WA,WA,Homo sapiens,oronasopharynx,1/25/2020
MN994467,2020-01-28T00:00:00Z,Severe acute respiratory syndrome-related coronavirus,29882,USA: CA,CA,Homo sapiens,oronasopharynx,1/23/2020
MN994468,2020-01-28T00:00:00Z,Severe acute respiratory syndrome-related coronavirus,29883,USA: CA,CA,Homo sapiens,oronasopharynx,1/22/2020
MN997409,2020-01-28T00:00:00Z,Severe acute respiratory syndrome-related coronavirus,29882,USA: AZ,AZ,Homo sapiens,feces,1/22/2020
MN988713,2020-01-25T00:00:00Z,Severe acute respiratory syndrome-related coronavirus,29882,USA: Illinois,IL,Homo sapiens,"lung, oronasopharynx",1/21/2020
MN985325,2020-01-24T00:00:00Z,Severe acute respiratory syndrome-related coronavirus,29882,USA,,Homo sapiens,oronasopharynx,1/19/2020
